8 0.620373 0.500806 0.011023 0.026129
8 0.486257 0.507338 0.019596 0.017419
8 0.346018 0.483387 0.013472 0.026129
2 0.573830 0.537822 0.011023 0.021774
2 0.492994 0.551975 0.011023 0.019596
2 0.469110 0.553064 0.012247 0.017419
2 0.453137 0.557321 0.017249 0.026324
4 0.399233 0.564941 0.100306 0.128269
2 0.219251 0.597701 0.029395 0.063145
2 0.270693 0.599879 0.097983 0.093629
2 0.032469 0.632540 0.064914 0.111048
2 0.530962 0.574838 0.072263 0.104516
2 0.604450 0.551975 0.015922 0.041370
2 0.617311 0.556330 0.017147 0.058790
2 0.635070 0.556330 0.028170 0.063145
2 0.650380 0.562862 0.029395 0.063145
2 0.684062 0.568306 0.069813 0.100161
2 0.761225 0.572661 0.123704 0.187258
2 0.883092 0.625200 0.227812 0.286857
