2 0.142074 0.301099 0.207603 0.250034
2 0.679639 0.302061 0.204123 0.216494
2 0.484213 0.262886 0.066108 0.080412
2 0.022615 0.313402 0.045231 0.082474
2 0.303833 0.255627 0.032539 0.045275
2 0.359536 0.251546 0.032474 0.049484
2 0.565012 0.287628 0.086984 0.125773
2 0.443621 0.243299 0.042912 0.065979
2 0.414046 0.241237 0.020876 0.032989
2 0.400128 0.235051 0.016237 0.032989
2 0.392010 0.227835 0.009278 0.030927
2 0.321842 0.245360 0.022036 0.032989
2 0.336340 0.234020 0.013917 0.030927
2 0.246804 0.245154 0.018556 0.030927
2 0.262461 0.242061 0.017396 0.028865
2 0.274639 0.242061 0.013917 0.024742
8 0.459278 0.186597 0.012757 0.028865
8 0.487693 0.148453 0.010438 0.014432
7 0.287133 0.192551 0.007748 0.012244
7 0.367634 0.189489 0.005165 0.012244
2 0.373660 0.238469 0.010331 0.021428
