2 0.044903 0.492435 0.053772 0.023316
2 0.101954 0.492435 0.031476 0.023316
2 0.173433 0.499430 0.043280 0.027979
2 0.246223 0.606683 0.241321 0.265803
2 0.357047 0.539067 0.045903 0.060621
2 0.393770 0.537901 0.032788 0.048963
2 0.420000 0.523911 0.019672 0.025647
2 0.460002 0.526243 0.023607 0.039637
8 0.401983 0.483808 0.027542 0.018652
8 0.488544 0.494300 0.011803 0.011658
8 0.561334 0.493134 0.010492 0.032642
8 0.717406 0.436010 0.026230 0.039637
2 0.846029 0.554589 0.035411 0.027979
2 0.739795 0.549259 0.027542 0.046632
