8 0.474671 0.416942 0.016795 0.040521
2 0.433283 0.510781 0.017994 0.023459
2 0.414089 0.508648 0.015595 0.027725
2 0.387097 0.507582 0.038388 0.038388
2 0.335512 0.516113 0.055183 0.059715
2 0.298323 0.519312 0.031190 0.053317
2 0.272531 0.521445 0.037188 0.057582
2 0.120176 0.527843 0.049185 0.083175
2 0.169362 0.549170 0.171549 0.147156
2 0.011202 0.566231 0.022405 0.147156
2 0.517858 0.511848 0.007197 0.025592
2 0.534653 0.520378 0.014395 0.025592
2 0.507661 0.506516 0.017994 0.040521
2 0.499264 0.516113 0.020393 0.051184
2 0.469273 0.537440 0.065980 0.110900
2 0.592836 0.511848 0.116365 0.209004
