2 0.022420 0.475706 0.044841 0.084916
2 0.059463 0.468774 0.060438 0.057188
2 0.104304 0.467041 0.038992 0.046790
2 0.141347 0.462708 0.046790 0.045057
2 0.292929 0.460975 0.020470 0.027727
3 0.538581 0.450577 0.039967 0.055455
2 0.554665 0.467907 0.031193 0.038125
2 0.589271 0.472240 0.039967 0.050256
2 0.617540 0.482638 0.032168 0.064120
2 0.657507 0.489570 0.075060 0.081450
2 0.712584 0.506900 0.079934 0.077984
2 0.841259 0.609146 0.311938 0.282477
0 0.185213 0.451444 0.007798 0.022528
0 0.203247 0.447978 0.004874 0.029460
0 0.207634 0.450577 0.005848 0.024261
0 0.232979 0.450577 0.005848 0.034659
2 0.451336 0.514698 0.150120 0.249550
7 0.712097 0.131707 0.018521 0.076251
7 0.730618 0.136906 0.016571 0.072785
7 0.489353 0.388190 0.005848 0.020795
7 0.484966 0.382124 0.008773 0.019062
8 0.837847 0.189762 0.032168 0.081450
8 0.824687 0.265147 0.015596 0.017329
8 0.851494 0.276412 0.026319 0.015596
8 0.835897 0.298074 0.036067 0.020795
8 0.829074 0.322336 0.018521 0.020795
8 0.850032 0.343998 0.019496 0.022528
8 0.829561 0.388190 0.029244 0.034659
8 0.270509 0.288543 0.032168 0.015596
7 0.270996 0.242618 0.011697 0.048523
0 0.221768 0.447978 0.008773 0.043324
2 0.264660 0.468774 0.010722 0.050256
2 0.331434 0.447111 0.019496 0.024261
2 0.354342 0.443645 0.008773 0.020795
2 0.367989 0.447111 0.010722 0.024261
7 0.856590 0.384094 0.023195 0.041237
