2 0.440342 0.397358 0.014327 0.020377
2 0.467565 0.396934 0.014327 0.022924
2 0.506966 0.390566 0.018626 0.015283
2 0.475445 0.396934 0.015760 0.022924
2 0.452521 0.404575 0.021491 0.028018
2 0.493355 0.405000 0.028655 0.040754
2 0.516996 0.405000 0.021491 0.035660
2 0.578606 0.395660 0.032954 0.030566
2 0.630186 0.417736 0.095996 0.122264
2 0.777046 0.458490 0.246438 0.264905
2 0.280586 0.412641 0.044416 0.061132
8 0.792807 0.281037 0.034386 0.076415
8 0.273422 0.280613 0.035819 0.073867
8 0.427447 0.381226 0.014327 0.025471
8 0.460401 0.367217 0.011462 0.017830
7 0.487624 0.373585 0.008596 0.020377
7 0.478311 0.375283 0.007163 0.020377
7 0.449655 0.364245 0.010029 0.020377
7 0.438909 0.361698 0.008596 0.020377
2 0.246200 0.415189 0.038685 0.035660
