7 0.368932 0.233384 0.014626 0.079610
7 0.738868 0.449277 0.030472 0.047672
7 0.349430 0.501283 0.007313 0.021669
7 0.384169 0.514285 0.006094 0.021669
2 0.401843 0.578209 0.014626 0.032503
2 0.387216 0.578209 0.019502 0.041171
2 0.328709 0.583627 0.019502 0.039004
2 0.210476 0.608546 0.056069 0.080176
2 0.158672 0.611797 0.098730 0.095345
4 0.134294 0.555457 0.091417 0.078009
4 0.060138 0.612880 0.120277 0.145184
2 0.035760 0.814405 0.071521 0.296869
2 0.285438 0.618298 0.106044 0.125682
0 0.564566 0.573875 0.008532 0.036837
0 0.575536 0.572792 0.008532 0.034670
0 0.635871 0.593378 0.012188 0.075842
0 0.665734 0.590127 0.020721 0.104012
2 0.362838 0.590127 0.058507 0.078009
8 0.698035 0.157824 0.058507 0.067174
8 0.706568 0.308426 0.048755 0.026003
8 0.694379 0.350681 0.014626 0.023836
8 0.734602 0.357182 0.041442 0.023836
4 0.472539 0.530537 0.136516 0.327206
7 0.710439 0.450000 0.022231 0.041602
