8 0.707535 0.145295 0.081261 0.124538
8 0.736257 0.405581 0.021015 0.072232
8 0.727851 0.510193 0.049037 0.097140
8 0.880100 0.349538 0.074256 0.089667
7 0.541276 0.294741 0.033625 0.079704
7 0.584943 0.296817 0.046235 0.077214
2 0.554119 0.362822 0.037828 0.059778
2 0.289319 0.612315 0.063047 0.122048
2 0.390896 0.601107 0.025219 0.044833
2 0.403505 0.602352 0.030823 0.037361
2 0.434329 0.597371 0.042031 0.052306
2 0.475660 0.586162 0.063047 0.074723
2 0.522595 0.584917 0.058844 0.072232
2 0.574201 0.574954 0.073322 0.092158
2 0.653828 0.568727 0.106480 0.099631
2 0.770817 0.557518 0.172330 0.127029
2 0.117689 0.591144 0.036427 0.054797
2 0.179335 0.636808 0.207357 0.210885
8 0.059545 0.421771 0.012609 0.029889
8 0.058844 0.454981 0.011208 0.029889
