7 0.518296 0.339140 0.029003 0.025781
7 0.690341 0.352031 0.030322 0.023437
7 0.629038 0.479765 0.007910 0.030468
7 0.253306 0.408280 0.010546 0.028124
7 0.258579 0.473905 0.013183 0.018749
7 0.967856 0.354374 0.021093 0.070312
7 0.629038 0.503202 0.007910 0.021093
7 0.082578 0.024843 0.030322 0.049687
7 0.154827 0.424230 0.013980 0.031898
7 0.927646 0.484452 0.011865 0.030468
7 0.542026 0.427030 0.007910 0.018749
8 0.244077 0.438749 0.013183 0.014062
8 0.251328 0.457499 0.017138 0.018749
8 0.568393 0.431718 0.031640 0.014062
8 0.464902 0.401249 0.011865 0.028124
8 0.621128 0.307499 0.029003 0.032812
8 0.702866 0.465702 0.023730 0.016406
8 0.942807 0.485624 0.018457 0.023437
8 0.014592 0.034453 0.029185 0.053906
7 0.709458 0.486796 0.018457 0.025781
0 0.037754 0.531327 0.025048 0.114843
0 0.885458 0.578202 0.014501 0.044531
0 0.880185 0.568827 0.014501 0.072656
0 0.872934 0.579374 0.021093 0.084374
0 0.860410 0.585233 0.027685 0.100781
0 0.822177 0.571171 0.025048 0.119531
0 0.097080 0.506718 0.019775 0.084374
0 0.019297 0.517265 0.027685 0.124218
2 0.442490 0.533671 0.011865 0.044531
2 0.539389 0.539530 0.047460 0.093749
4 0.585532 0.519609 0.068554 0.147656
2 0.399643 0.533671 0.034277 0.044531
2 0.317905 0.524296 0.065917 0.067968
2 0.493906 0.588749 0.117333 0.173437
2 0.907871 0.603983 0.130517 0.091406
2 0.907211 0.773905 0.184570 0.449999
