8 0.706821 0.453984 0.015820 0.035156
8 0.725937 0.432890 0.014501 0.016406
8 0.799106 0.442265 0.021093 0.021093
8 0.829428 0.423515 0.023730 0.025781
2 0.598716 0.485624 0.013183 0.023437
2 0.589487 0.485624 0.018457 0.042187
2 0.494565 0.520780 0.071191 0.126562
2 0.325815 0.503202 0.060644 0.072656
2 0.660019 0.486796 0.014501 0.030468
2 0.675180 0.493827 0.026367 0.044531
2 0.700888 0.523124 0.032958 0.093749
2 0.726596 0.534843 0.050097 0.093749
2 0.781967 0.536015 0.081738 0.128906
2 0.828769 0.555937 0.088330 0.149999
2 0.570371 0.504374 0.035595 0.056249
2 0.391074 0.568827 0.170068 0.171093
2 0.117424 0.628593 0.234849 0.309374
2 0.920395 0.588749 0.158203 0.248437
