7 0.423209 0.166304 0.006002 0.023122
7 0.462728 0.209881 0.005002 0.017786
7 0.488241 0.176976 0.008003 0.019565
8 0.084041 0.129841 0.054026 0.049802
8 0.350173 0.200098 0.012005 0.016007
8 0.348672 0.216996 0.009004 0.014229
8 0.454224 0.216996 0.012005 0.014229
2 0.129564 0.245454 0.085042 0.053359
2 0.187092 0.250790 0.034016 0.032015
2 0.231614 0.248122 0.035017 0.033794
2 0.255626 0.251679 0.029014 0.033794
2 0.379687 0.246343 0.015007 0.016007
2 0.448221 0.249011 0.006002 0.017786
2 0.464729 0.246343 0.009004 0.012450
2 0.481237 0.249011 0.014006 0.021343
2 0.606799 0.269466 0.029014 0.030237
2 0.635313 0.281027 0.058028 0.067588
2 0.684338 0.289031 0.070034 0.072924
2 0.019509 0.256304 0.013006 0.023122
2 0.456725 0.253458 0.013006 0.016007
2 0.437716 0.253458 0.013006 0.019565
2 0.413704 0.252569 0.017008 0.024901
2 0.490242 0.253458 0.012005 0.019565
2 0.483739 0.251679 0.009004 0.019565
2 0.810200 0.384901 0.378186 0.442529
8 0.562277 0.223221 0.014006 0.008893
