8 0.379056 0.447383 0.021444 0.067275
8 0.253545 0.478778 0.015137 0.040365
2 0.951110 0.514659 0.097129 0.139036
2 0.895628 0.514659 0.086996 0.112126
2 0.326707 0.521162 0.027751 0.049335
2 0.095026 0.516901 0.030274 0.038122
2 0.123408 0.518022 0.023966 0.035880
2 0.033848 0.522507 0.066855 0.134551
2 0.365271 0.535002 0.085776 0.112126
2 0.720060 0.521386 0.066855 0.096428
2 0.666329 0.519592 0.089560 0.100913
2 0.579291 0.524077 0.081992 0.065033
2 0.838519 0.526500 0.067340 0.119717
2 0.786222 0.522679 0.054445 0.127358
