8 0.753775 0.317590 0.042339 0.087410
8 0.753775 0.401358 0.047802 0.070413
8 0.757873 0.449919 0.023218 0.036420
8 0.516129 0.528831 0.012292 0.024280
8 0.490862 0.534901 0.008194 0.021852
8 0.143270 0.446762 0.083312 0.092266
8 0.316042 0.507464 0.010926 0.024280
8 0.536616 0.528102 0.012292 0.026708
3 0.365210 0.539029 0.046436 0.048561
2 0.486082 0.552140 0.015023 0.024280
2 0.474473 0.552140 0.013657 0.038848
2 0.542762 0.576421 0.046436 0.058273
2 0.550274 0.586133 0.045070 0.063129
2 0.594662 0.594631 0.071020 0.104406
2 0.650659 0.609200 0.101067 0.133543
2 0.728508 0.648049 0.150236 0.177248
2 0.880793 0.713606 0.236280 0.395773
2 0.449206 0.572779 0.053265 0.089838
2 0.506569 0.571565 0.023218 0.033992
2 0.234778 0.542428 0.036876 0.053417
2 0.208145 0.544856 0.043705 0.048561
2 0.162391 0.544856 0.061460 0.058273
2 0.093419 0.540000 0.090141 0.082554
2 0.332431 0.549712 0.024584 0.033992
0 0.317544 0.541457 0.006828 0.029136
0 0.313447 0.541457 0.006828 0.029136
0 0.305935 0.542671 0.008194 0.031564
0 0.288863 0.542671 0.009560 0.031564
7 0.308667 0.437050 0.008194 0.024280
7 0.278619 0.481969 0.008194 0.021852
7 0.457537 0.464973 0.008194 0.026708
7 0.221256 0.433408 0.010926 0.036420
