8 0.093223 0.388125 0.010990 0.019539
8 0.058252 0.396118 0.034971 0.017763
8 0.080233 0.497368 0.046961 0.028421
8 0.483402 0.575526 0.013988 0.028421
7 0.045762 0.498256 0.021981 0.037302
7 0.622287 0.542664 0.025978 0.040855
7 0.367497 0.568421 0.005995 0.021315
7 0.415458 0.576414 0.005995 0.015986
2 0.344016 0.637697 0.018984 0.031973
2 0.325032 0.640361 0.022981 0.037302
2 0.301052 0.635921 0.024979 0.049736
2 0.282567 0.639473 0.031973 0.049736
2 0.250593 0.640361 0.043963 0.069276
2 0.179152 0.633256 0.114905 0.119013
2 0.400969 0.641250 0.022981 0.021315
2 0.419454 0.639473 0.013988 0.021315
2 0.438938 0.637697 0.020982 0.024868
2 0.494042 0.634968 0.036672 0.019409
7 0.510799 0.288543 0.019496 0.029460
7 0.490328 0.285077 0.019496 0.019062
2 0.468395 0.638607 0.028269 0.022528
