8 0.319736 0.293742 0.027294 0.053722
7 0.437201 0.039858 0.024370 0.079717
8 0.782770 0.227888 0.054589 0.019062
7 0.762787 0.326668 0.016571 0.039858
8 0.511774 0.343998 0.009748 0.012130
7 0.454747 0.310205 0.004874 0.017329
7 0.460109 0.310205 0.003899 0.017329
8 0.261735 0.318003 0.010722 0.008664
7 0.258811 0.363928 0.010722 0.020795
8 0.267584 0.338799 0.014622 0.008664
5 0.624364 0.473106 0.022420 0.058921
0 0.679441 0.480905 0.037042 0.140372
5 0.585859 0.452310 0.013647 0.034659
5 0.573187 0.455776 0.011697 0.045057
2 0.062712 0.631304 0.125425 0.399578
4 0.056538 0.397721 0.113077 0.206226
2 0.173028 0.504300 0.201785 0.246084
2 0.284156 0.433247 0.059463 0.069319
2 0.338745 0.421116 0.036067 0.045057
2 0.488378 0.515565 0.128674 0.209691
2 0.548329 0.452310 0.038017 0.079717
2 0.442075 0.436713 0.028269 0.048523
2 0.388948 0.403787 0.027294 0.038125
2 0.357754 0.402920 0.019496 0.029460
2 0.411368 0.396855 0.015596 0.024261
2 0.452798 0.407253 0.020470 0.013863
2 0.449386 0.396855 0.021445 0.013863
2 0.477655 0.399454 0.015596 0.012130
3 0.431352 0.386457 0.014622 0.024261
2 0.417705 0.387323 0.012672 0.025994
2 0.580010 0.416784 0.019496 0.025994
7 0.985043 0.308472 0.028269 0.055455
