8 0.220833 0.153718 0.026628 0.041898
8 0.359945 0.197521 0.023873 0.035912
8 0.436923 0.198881 0.024792 0.040810
2 0.255726 0.457889 0.011936 0.021221
2 0.267204 0.459522 0.014691 0.037545
2 0.496433 0.456957 0.078049 0.093047
2 0.084936 0.430302 0.017446 0.009794
2 0.106973 0.433567 0.010100 0.013059
2 0.087231 0.456420 0.023873 0.026118
2 0.050502 0.460501 0.071621 0.034280
2 0.030454 0.459250 0.060909 0.039177
2 0.179120 0.495318 0.169872 0.222007
2 0.361847 0.466751 0.072540 0.151813
2 0.578549 0.464303 0.101923 0.143651
2 0.818141 0.503869 0.314034 0.313422
4 0.298424 0.427146 0.060603 0.137122
8 0.110824 0.151554 0.027542 0.041968
