7 0.072263 0.604866 0.008579 0.015643
7 0.101631 0.600956 0.007919 0.014078
2 0.129348 0.651274 0.021118 0.021900
2 0.133308 0.660660 0.018478 0.040672
2 0.151347 0.660660 0.033437 0.053186
2 0.160146 0.673175 0.033437 0.053186
2 0.176864 0.680214 0.024637 0.070393
2 0.191383 0.681778 0.034317 0.076651
2 0.206782 0.688036 0.040476 0.095422
2 0.259577 0.691946 0.100311 0.140787
2 0.333198 0.720886 0.153106 0.176767
2 0.540869 0.779287 0.383647 0.333198
2 0.075366 0.714889 0.126663 0.192633
8 0.355636 0.497972 0.021998 0.050057
8 0.368512 0.399524 0.014078 0.062572
8 0.368952 0.486344 0.013198 0.061008
8 0.644368 0.365110 0.050155 0.131402
0 0.625846 0.610081 0.045756 0.065701
