8 0.233801 0.091948 0.029272 0.026020
7 0.220456 0.151642 0.019802 0.035204
8 0.232461 0.007653 0.030133 0.012244
8 0.663377 0.065051 0.025829 0.035204
8 0.635395 0.087244 0.024968 0.036734
8 0.660794 0.133928 0.017219 0.047449
8 0.662085 0.178316 0.014636 0.016836
8 0.586750 0.200510 0.013775 0.027551
8 0.541549 0.192091 0.009470 0.016836
8 0.536384 0.223469 0.006026 0.018367
8 0.414187 0.200182 0.011192 0.013775
2 0.472241 0.241836 0.015497 0.026020
2 0.455883 0.241071 0.020663 0.030612
2 0.435220 0.242602 0.017219 0.036734
2 0.426610 0.244898 0.022385 0.035204
2 0.413695 0.247467 0.020663 0.034220
2 0.494196 0.243367 0.014636 0.022959
2 0.506680 0.244898 0.012053 0.019897
2 0.521317 0.245663 0.015497 0.021428
2 0.387190 0.251567 0.039604 0.050510
2 0.363944 0.258454 0.024107 0.048979
2 0.326922 0.259985 0.060267 0.070408
7 0.566750 0.048244 0.015497 0.032142
7 0.457723 0.178367 0.007869 0.025647
7 0.504938 0.177202 0.013115 0.027979
7 0.356998 0.011658 0.010492 0.023316
0 0.217057 0.244818 0.019672 0.051295
0 0.252469 0.247150 0.017049 0.027979
