7 0.464823 0.461612 0.008573 0.034838
7 0.237623 0.422419 0.007348 0.043548
7 0.249259 0.424596 0.008573 0.034838
7 0.112081 0.377782 0.013472 0.041370
7 0.434203 0.534556 0.003674 0.019596
7 0.377250 0.541088 0.004899 0.023951
7 0.385824 0.556330 0.004899 0.019596
8 0.540148 0.550887 0.009798 0.030483
8 0.598939 0.493185 0.014697 0.010887
8 0.591590 0.517137 0.019596 0.015241
8 0.542598 0.465967 0.019596 0.034838
8 0.724481 0.468145 0.030619 0.021774
8 0.726930 0.445282 0.011023 0.019596
8 0.758775 0.481209 0.020821 0.126290
8 0.219251 0.448548 0.039193 0.026129
8 0.358878 0.542177 0.014697 0.013064
8 0.442165 0.547621 0.019596 0.015241
8 0.087585 0.366895 0.023271 0.041370
8 0.017765 0.453991 0.035531 0.028306
7 0.022059 0.430040 0.012247 0.019596
2 0.395622 0.599879 0.019596 0.028306
7 0.379087 0.575927 0.006123 0.023951
7 0.418281 0.553064 0.006123 0.017419
2 0.369289 0.593346 0.018371 0.037016
2 0.332545 0.620564 0.067363 0.117580
2 0.232724 0.640161 0.178820 0.252580
2 0.112694 0.751209 0.222913 0.483387
2 0.687737 0.642338 0.062464 0.100161
2 0.604450 0.633629 0.113906 0.195967
2 0.480133 0.700040 0.218014 0.289596
2 0.845123 0.717459 0.306199 0.481209
7 0.738416 0.514698 0.018521 0.031193
