2 0.316232 0.500355 0.022941 0.024471
2 0.289467 0.503074 0.019882 0.029909
2 0.258113 0.509192 0.036706 0.047583
2 0.210845 0.519770 0.043114 0.046987
2 0.177080 0.513944 0.039822 0.067965
2 0.477972 0.492198 0.029824 0.032628
2 0.498620 0.496276 0.029824 0.048942
2 0.422530 0.495596 0.029059 0.044864
2 0.519650 0.503074 0.041295 0.051661
2 0.116310 0.522397 0.092638 0.093028
8 0.639330 0.379358 0.019118 0.016314
8 0.638948 0.395672 0.022941 0.016314
2 0.788834 0.549977 0.234006 0.246072
8 0.025826 0.358921 0.021792 0.018944
8 0.045247 0.345077 0.011803 0.009326
