2 0.037033 0.774967 0.074066 0.215874
2 0.823301 0.693314 0.352391 0.404129
2 0.448300 0.706955 0.305613 0.407649
2 0.239351 0.551642 0.034304 0.027720
2 0.617089 0.544712 0.075625 0.049897
2 0.216351 0.594609 0.175420 0.094250
8 0.156708 0.409573 0.021830 0.040195
8 0.191013 0.414424 0.018711 0.033264
8 0.403076 0.422741 0.023389 0.027720
8 0.439330 0.460857 0.011694 0.020790
8 0.545751 0.397099 0.014033 0.029106
8 0.621377 0.446996 0.015592 0.029106
7 0.501701 0.398485 0.011694 0.042967
7 0.622936 0.408187 0.010915 0.042967
7 0.633072 0.481647 0.012474 0.018018
7 0.250266 0.401950 0.012474 0.049897
7 0.014423 0.279286 0.025728 0.079004
7 0.172691 0.371457 0.010135 0.047125
7 0.935184 0.151077 0.036643 0.116427
8 0.958574 0.356904 0.044439 0.042967
8 0.970658 0.399871 0.034304 0.034650
8 0.981183 0.254337 0.030406 0.026334
8 0.981183 0.219686 0.036643 0.037422
2 0.116784 0.567640 0.014358 0.026218
8 0.417889 0.490656 0.017152 0.027720
2 0.079282 0.568593 0.015820 0.023437
2 0.967856 0.541640 0.063281 0.091406
0 0.014683 0.577968 0.007910 0.028124
