7 0.363732 0.237187 0.016450 0.089062
7 0.528183 0.431718 0.011865 0.051562
7 0.670566 0.339140 0.011865 0.063281
7 0.963901 0.388359 0.015820 0.058593
7 0.947421 0.380155 0.011865 0.056249
7 0.685068 0.340312 0.011865 0.070312
7 0.251328 0.362577 0.014501 0.058593
7 0.261216 0.370780 0.010546 0.056249
7 0.453037 0.439921 0.011865 0.049218
8 0.453037 0.486796 0.014501 0.021093
8 0.586850 0.526640 0.039550 0.035156
8 0.651269 0.559988 0.010546 0.021093
8 0.678295 0.591629 0.006591 0.018749
2 0.733007 0.609374 0.010546 0.023437
4 0.764647 0.599999 0.018457 0.042187
4 0.746190 0.598046 0.021093 0.044531
2 0.720482 0.609765 0.017138 0.025781
2 0.772558 0.618749 0.021093 0.023437
4 0.484112 0.596804 0.026555 0.035451
2 0.205845 0.688358 0.411327 0.621093
2 0.356797 0.600468 0.019775 0.028124
7 0.377231 0.236015 0.015820 0.063281
