7 0.393760 0.541044 0.009563 0.035705
7 0.466446 0.586951 0.005738 0.018702
8 0.365751 0.550396 0.024866 0.013602
8 0.718250 0.502789 0.013389 0.020403
8 0.714903 0.537644 0.018171 0.025503
2 0.402641 0.641335 0.032517 0.047607
2 0.360559 0.640485 0.057383 0.093513
3 0.594397 0.589987 0.228577 0.248236
4 0.193191 0.678400 0.110941 0.108816
2 0.296003 0.688602 0.142502 0.163224
2 0.456199 0.679250 0.109028 0.154723
2 0.437071 0.605289 0.036342 0.013602
2 0.895948 0.672449 0.206580 0.215932
0 0.766070 0.631643 0.017215 0.096914
0 0.716815 0.623142 0.010520 0.066309
