8 0.053413 0.381201 0.036035 0.032812
8 0.638765 0.395263 0.043066 0.017187
7 0.195356 0.505419 0.012304 0.059374
7 0.642720 0.499169 0.008789 0.046874
7 0.526265 0.559326 0.006152 0.017187
7 0.466059 0.560888 0.007031 0.014062
2 0.458149 0.568701 0.014062 0.023437
2 0.437495 0.577294 0.023730 0.024999
2 0.419917 0.587451 0.030761 0.045312
2 0.393550 0.596044 0.020214 0.056249
2 0.365864 0.610107 0.052734 0.065624
2 0.478804 0.576513 0.016699 0.017187
2 0.517446 0.564794 0.016757 0.028124
2 0.547358 0.582763 0.046582 0.076562
0 0.605366 0.578857 0.023730 0.109374
0 0.625141 0.596044 0.015820 0.090624
0 0.757856 0.617919 0.022851 0.096874
0 0.645517 0.602577 0.017138 0.077343
