7 0.535434 0.411796 0.007910 0.021093
8 0.137290 0.468046 0.015820 0.035156
8 0.435239 0.421171 0.010546 0.030468
0 0.397666 0.510234 0.025048 0.091406
0 0.428647 0.500859 0.018457 0.077343
0 0.355478 0.514921 0.030322 0.100781
0 0.445786 0.494999 0.010546 0.051562
0 0.466880 0.500859 0.013183 0.053906
0 0.489951 0.492655 0.009228 0.037499
0 0.501816 0.491484 0.011865 0.035156
2 0.689023 0.498515 0.051415 0.114843
2 0.732529 0.499687 0.088330 0.135937
2 0.797128 0.523124 0.114697 0.173437
2 0.574326 0.479765 0.017138 0.030468
2 0.589487 0.471562 0.013183 0.032812
2 0.541367 0.496171 0.032958 0.044531
2 0.616513 0.502030 0.069873 0.112499
2 0.911826 0.554765 0.175341 0.292968
