2 0.381846 0.561796 0.019775 0.039843
2 0.400962 0.561796 0.029003 0.030468
2 0.432602 0.559452 0.047460 0.072656
2 0.342954 0.566483 0.015820 0.053906
2 0.315928 0.569999 0.051415 0.070312
2 0.645517 0.539530 0.017138 0.032812
2 0.679795 0.543046 0.019775 0.030468
2 0.698252 0.539530 0.030322 0.037499
2 0.718027 0.545390 0.027685 0.044531
2 0.752963 0.544218 0.026367 0.042187
2 0.489292 0.578202 0.071191 0.114843
2 0.151701 0.591093 0.303403 0.342187
4 0.900620 0.477421 0.197753 0.297656
8 0.574326 0.503202 0.014501 0.030468
8 0.561801 0.503202 0.010546 0.021093
7 0.519614 0.490312 0.005273 0.023437
2 0.785207 0.536360 0.032168 0.050256
