7 0.697702 0.234290 0.019882 0.076132
7 0.674378 0.242447 0.020647 0.070694
8 0.860658 0.312108 0.048942 0.062537
8 0.784186 0.295793 0.021412 0.048942
8 0.878630 0.390280 0.032883 0.017673
8 0.859894 0.408633 0.033648 0.027190
8 0.861806 0.449419 0.023706 0.046223
8 0.861806 0.494283 0.023706 0.038066
7 0.880924 0.495793 0.017588 0.035347
0 0.843112 0.609743 0.022941 0.099244
7 0.535819 0.503474 0.006117 0.013595
7 0.564411 0.521827 0.007052 0.017673
0 0.077280 0.545718 0.019118 0.080211
4 0.395406 0.502893 0.091002 0.152265
2 0.552770 0.564425 0.014529 0.017673
2 0.569212 0.570543 0.016824 0.021752
2 0.582595 0.576661 0.016059 0.023111
2 0.687745 0.594788 0.035177 0.077492
4 0.504137 0.553323 0.068060 0.133232
3 0.539009 0.549244 0.016059 0.081570
3 0.630776 0.568141 0.086414 0.180815
2 0.324627 0.572356 0.212594 0.157703
3 0.275483 0.539048 0.117003 0.140030
2 0.737580 0.607024 0.099414 0.112839
2 0.461771 0.560664 0.020647 0.021752
