2 0.386015 0.329999 0.025312 0.043124
2 0.369667 0.340312 0.036914 0.048749
2 0.291620 0.329999 0.015820 0.024374
2 0.255234 0.327187 0.044296 0.029999
2 0.216738 0.335624 0.058007 0.035624
4 0.196699 0.309374 0.106523 0.088124
2 0.326425 0.350624 0.062226 0.073124
4 0.431894 0.285937 0.076992 0.191249
3 0.517324 0.304687 0.093867 0.157499
2 0.545800 0.360937 0.081210 0.112499
2 0.099667 0.424687 0.199335 0.363749
8 0.574277 0.267187 0.020039 0.067499
8 0.660234 0.300937 0.042187 0.037499
8 0.698202 0.297187 0.023203 0.026249
8 0.348046 0.267187 0.014765 0.011249
8 0.357538 0.277499 0.031640 0.013124
8 0.252070 0.239062 0.018984 0.067499
4 0.828984 0.320624 0.340663 0.639374
