2 0.949321 0.445391 0.100294 0.387170
2 0.664811 0.141368 0.180530 0.239434
2 0.548756 0.099339 0.060176 0.089151
2 0.511503 0.077688 0.028655 0.050943
2 0.493594 0.066226 0.021491 0.048396
2 0.402612 0.080235 0.123219 0.127358
2 0.444879 0.117169 0.101727 0.155377
2 0.195575 0.078962 0.064475 0.073867
3 0.910203 0.153467 0.176142 0.306934
0 0.777619 0.131179 0.022733 0.135000
0 0.824997 0.098066 0.020058 0.089151
0 0.756223 0.096792 0.014327 0.081509
0 0.766253 0.094245 0.011462 0.071320
3 0.275094 0.034386 0.054445 0.053490
2 0.347650 0.041513 0.042442 0.050981
