8 0.630656 0.282355 0.014691 0.027750
8 0.385029 0.203999 0.024792 0.024486
8 0.392834 0.239096 0.012855 0.022853
7 0.384570 0.269296 0.029383 0.044074
7 0.487412 0.200734 0.012855 0.031015
7 0.496594 0.195837 0.011018 0.034280
8 0.816815 0.029034 0.049584 0.058069
2 0.105851 0.496370 0.211702 0.416263
2 0.901751 0.497730 0.193746 0.427690
2 0.551855 0.331378 0.014691 0.024486
2 0.537163 0.333010 0.022037 0.034280
2 0.532113 0.339540 0.022955 0.031015
2 0.588125 0.326481 0.011936 0.021221
2 0.596389 0.324032 0.017446 0.035912
2 0.600062 0.326481 0.019282 0.034280
2 0.609703 0.331378 0.025710 0.037545
2 0.794420 0.407557 0.169872 0.205683
2 0.629598 0.343893 0.040402 0.058766
2 0.517254 0.344386 0.032137 0.047339
7 0.633166 0.176558 0.016378 0.050294
