7 0.024033 0.093479 0.047208 0.073135
7 0.256272 0.536163 0.010790 0.019182
7 0.274818 0.518778 0.008767 0.020381
7 0.088009 0.560501 0.011464 0.016785
7 0.212099 0.548712 0.006069 0.009591
7 0.241098 0.556505 0.006069 0.013188
4 0.395535 0.504751 0.012813 0.026376
4 0.395535 0.534125 0.012813 0.029973
4 0.311573 0.557504 0.009441 0.016785
4 0.021918 0.489764 0.043836 0.106705
2 0.267737 0.588676 0.013488 0.016785
2 0.185460 0.586878 0.013488 0.013188
2 0.229633 0.579085 0.006069 0.009591
2 0.444840 0.599941 0.086301 0.086587
2 0.066512 0.576002 0.020232 0.026376
