7 0.905448 0.116249 0.036914 0.033749
7 0.695566 0.104062 0.030585 0.031874
7 0.254706 0.078749 0.039023 0.033749
7 0.035859 0.067499 0.025312 0.026249
7 0.478300 0.097499 0.034804 0.033749
8 0.980331 0.310312 0.034804 0.058124
8 0.939198 0.238124 0.017929 0.044999
8 0.754628 0.230624 0.015820 0.037499
8 0.565839 0.220312 0.024257 0.050624
8 0.376523 0.215624 0.016874 0.052499
8 0.186679 0.204374 0.021093 0.052499
8 0.603808 0.360937 0.020039 0.013124
8 0.335917 0.334687 0.013710 0.020624
2 0.418183 0.353437 0.009492 0.020624
2 0.427148 0.357187 0.014765 0.024374
2 0.438749 0.362812 0.012656 0.024374
2 0.448242 0.368437 0.016874 0.024374
2 0.458788 0.358124 0.010546 0.011249
2 0.468808 0.361874 0.009492 0.014999
2 0.479882 0.364687 0.012656 0.016874
2 0.601171 0.385312 0.016874 0.028124
2 0.632812 0.421874 0.071718 0.089999
4 0.522742 0.376312 0.028476 0.054374
4 0.439422 0.343499 0.015820 0.026249
4 0.640340 0.356624 0.061171 0.056249
2 0.183133 0.439124 0.161367 0.172499
2 0.473172 0.468187 0.114960 0.170624
2 0.881191 0.540937 0.235195 0.275624
