2 0.074066 0.158701 0.143454 0.259188
2 0.173860 0.129594 0.099794 0.159394
2 0.230385 0.112961 0.047558 0.103952
2 0.262350 0.101873 0.042880 0.081776
2 0.287299 0.099101 0.024169 0.065143
2 0.303671 0.093557 0.019491 0.062371
2 0.317705 0.086627 0.021050 0.056827
2 0.329790 0.083855 0.015592 0.029106
2 0.950387 0.473331 0.095116 0.336806
2 0.825644 0.266812 0.339925 0.375615
2 0.629173 0.171868 0.151251 0.199589
2 0.550429 0.136524 0.093557 0.151077
2 0.482600 0.112268 0.051456 0.072073
2 0.465058 0.099101 0.042880 0.065143
2 0.438940 0.098408 0.014033 0.036036
2 0.430754 0.083855 0.019491 0.026334
2 0.367213 0.086627 0.021830 0.034650
2 0.398788 0.100487 0.047558 0.079004
4 0.397619 0.058213 0.028067 0.022176
4 0.322383 0.053362 0.031965 0.026334
