7 0.386938 0.216796 0.017138 0.072656
7 0.375072 0.217968 0.011865 0.056249
7 0.402758 0.219140 0.014501 0.063281
7 0.637426 0.430370 0.017138 0.026366
8 0.511523 0.257031 0.063281 0.023437
8 0.493066 0.444530 0.005273 0.028124
8 0.637426 0.344921 0.027685 0.016406
8 0.598534 0.404687 0.015820 0.014062
8 0.665771 0.451562 0.007910 0.023437
8 0.590624 0.482030 0.010546 0.018749
2 0.399462 0.475780 0.023730 0.028124
2 0.421874 0.474609 0.021093 0.035156
2 0.478564 0.476785 0.029003 0.023437
2 0.514818 0.476785 0.025048 0.023437
2 0.458788 0.475613 0.015820 0.025781
2 0.437035 0.492019 0.038232 0.058593
2 0.562468 0.500222 0.009228 0.018749
2 0.134472 0.508425 0.171386 0.166406
2 0.346728 0.524664 0.089648 0.109821
2 0.338818 0.461551 0.039550 0.021093
2 0.362548 0.458035 0.013183 0.014062
2 0.461425 0.526506 0.063281 0.086718
2 0.503612 0.494865 0.036914 0.056249
2 0.537231 0.486160 0.017138 0.032812
2 0.554369 0.495535 0.011865 0.018749
2 0.576122 0.495535 0.018457 0.023437
2 0.674528 0.490847 0.017138 0.014062
2 0.690348 0.502566 0.059326 0.037499
2 0.814274 0.502566 0.051415 0.032812
2 0.851847 0.510769 0.018457 0.021093
2 0.963908 0.661941 0.068554 0.107812
8 0.150366 0.364949 0.014036 0.009981
