2 0.420142 0.501364 0.016398 0.022425
2 0.405005 0.506970 0.013875 0.020182
2 0.437802 0.505849 0.016398 0.022425
2 0.463661 0.509212 0.040365 0.060548
2 0.490151 0.514819 0.025228 0.049335
2 0.534301 0.519304 0.078208 0.098671
2 0.779647 0.540608 0.094606 0.087458
2 0.129311 0.592569 0.257476 0.544807
3 0.647198 0.485986 0.187951 0.201827
2 0.835112 0.662345 0.329156 0.626304
7 0.317337 0.447863 0.012614 0.022425
7 0.414466 0.399329 0.012614 0.033637
7 0.388607 0.474453 0.011352 0.026910
7 0.431495 0.456513 0.011352 0.022425
7 0.745588 0.425118 0.011352 0.022425
7 0.553222 0.412784 0.017659 0.024667
8 0.264988 0.420633 0.018921 0.031395
8 0.382300 0.398208 0.029012 0.022425
8 0.309768 0.390359 0.017659 0.033637
