7 0.403122 0.438973 0.008046 0.023245
7 0.471516 0.455960 0.004023 0.017880
7 0.489117 0.511390 0.003017 0.014304
7 0.452406 0.506920 0.006034 0.016092
7 0.460955 0.532847 0.005028 0.014304
7 0.472019 0.532847 0.005028 0.014304
7 0.477048 0.455066 0.007040 0.019668
7 0.355850 0.506920 0.006034 0.019668
7 0.541922 0.519437 0.006034 0.016092
8 0.506719 0.510496 0.010057 0.012516
8 0.541419 0.494403 0.011063 0.008940
8 0.536893 0.510496 0.010057 0.012516
2 0.422735 0.554304 0.007040 0.017880
2 0.460452 0.552516 0.008046 0.017880
2 0.494146 0.551622 0.011063 0.023245
2 0.508228 0.548940 0.015086 0.053642
2 0.476042 0.552516 0.019110 0.035761
2 0.438828 0.556986 0.029168 0.044701
4 0.380995 0.560562 0.066382 0.101920
2 0.106413 0.561456 0.098567 0.146622
2 0.526332 0.565033 0.035202 0.064370
2 0.036701 0.570397 0.073040 0.175231
2 0.245212 0.580231 0.195124 0.212781
2 0.571090 0.584701 0.082475 0.100132
