2 0.472672 0.608418 0.014636 0.018367
2 0.462340 0.610714 0.016358 0.019897
2 0.452439 0.611479 0.013775 0.021428
2 0.443829 0.610714 0.017219 0.026020
2 0.428762 0.613010 0.016358 0.027551
2 0.415848 0.616071 0.024968 0.042857
2 0.395185 0.620663 0.033577 0.045918
2 0.377104 0.626020 0.024968 0.047448
2 0.357302 0.631377 0.037021 0.055102
2 0.325016 0.629081 0.043048 0.084183
2 0.278954 0.641326 0.086957 0.099489
2 0.185969 0.661990 0.108482 0.134693
2 0.496349 0.605357 0.018080 0.027551
2 0.508316 0.606888 0.006887 0.016836
2 0.514773 0.608418 0.009470 0.019897
2 0.522953 0.608418 0.012053 0.022959
2 0.538020 0.608418 0.019802 0.038265
2 0.553775 0.611479 0.029272 0.053571
2 0.570134 0.614541 0.037882 0.075000
2 0.612666 0.619132 0.077487 0.102551
2 0.073828 0.681701 0.147656 0.174489
2 0.875136 0.732976 0.244515 0.338265
