2 0.134089 0.462155 0.267711 0.495762
2 0.936285 0.594860 0.126828 0.407302
2 0.829420 0.492664 0.272241 0.291355
2 0.676377 0.471675 0.111546 0.157854
0 0.636907 0.420969 0.010296 0.038135
0 0.625752 0.421731 0.012012 0.036610
2 0.581436 0.454467 0.061779 0.074745
2 0.538424 0.451013 0.037972 0.041991
2 0.340753 0.459043 0.048908 0.065593
2 0.299137 0.462094 0.042902 0.056440
0 0.279402 0.443026 0.006864 0.027457
0 0.266102 0.449128 0.006006 0.033559
0 0.271251 0.446077 0.006006 0.033559
0 0.260096 0.444551 0.004290 0.030508
7 0.355340 0.331125 0.004290 0.022881
7 0.248941 0.392142 0.006006 0.019830
7 0.517940 0.404346 0.006864 0.013728
7 0.559127 0.384951 0.008580 0.013728
8 0.590446 0.313365 0.018019 0.009152
8 0.257951 0.382009 0.010296 0.012203
8 0.597739 0.385060 0.015444 0.006101
7 0.602029 0.365992 0.010296 0.016779
7 0.458735 0.323280 0.005148 0.019830
0 0.556445 0.412627 0.007722 0.016779
2 0.439984 0.472070 0.165603 0.259321
7 0.570700 0.296958 0.007796 0.027720
7 0.556277 0.323292 0.007016 0.016632
