8 0.611885 0.263622 0.023917 0.046771
8 0.614476 0.348661 0.027504 0.012755
7 0.429913 0.413858 0.013154 0.021259
7 0.402010 0.412086 0.008371 0.019133
7 0.454030 0.438661 0.011958 0.012755
7 0.372711 0.433700 0.009566 0.012755
2 0.385866 0.454960 0.019133 0.017007
2 0.369522 0.459921 0.014350 0.021259
2 0.346801 0.455669 0.035875 0.042519
2 0.324079 0.458858 0.021525 0.057401
2 0.288203 0.453543 0.062185 0.093543
2 0.229008 0.460984 0.077731 0.125433
2 0.165627 0.474803 0.096865 0.131811
2 0.455027 0.456732 0.020329 0.019133
2 0.468779 0.464173 0.014350 0.029763
2 0.478346 0.466299 0.011958 0.038267
2 0.498875 0.470551 0.034680 0.051023
2 0.061587 0.480826 0.123174 0.231732
8 0.345605 0.351850 0.014350 0.027637
2 0.522593 0.469134 0.014350 0.034015
2 0.558668 0.482244 0.063380 0.121181
2 0.648956 0.496063 0.167421 0.212598
2 0.836707 0.527598 0.322883 0.401811
8 0.616070 0.369212 0.017937 0.021259
