2 0.057290 0.682987 0.114580 0.209689
2 0.909620 0.555177 0.179171 0.375443
2 0.197707 0.635957 0.169623 0.200702
2 0.745894 0.528616 0.101100 0.127810
2 0.655466 0.517133 0.037070 0.046930
2 0.607555 0.530214 0.027297 0.042736
2 0.570373 0.516567 0.045495 0.039940
2 0.615250 0.499360 0.006740 0.010983
2 0.598400 0.500857 0.015726 0.013979
8 0.326328 0.453328 0.014603 0.027958
8 0.328013 0.485780 0.015726 0.030954
7 0.529933 0.474796 0.005055 0.012980
7 0.656870 0.448335 0.007301 0.011982
7 0.622889 0.482884 0.004493 0.007988
7 0.698901 0.372448 0.010110 0.027958
