8 0.607867 0.458006 0.009182 0.009794
8 0.584452 0.475146 0.008264 0.017956
7 0.571597 0.459638 0.006427 0.022853
7 0.509223 0.466168 0.005509 0.022853
2 0.482201 0.510243 0.020201 0.029383
2 0.454195 0.502081 0.013773 0.035912
2 0.467968 0.504530 0.019282 0.040810
2 0.442258 0.511059 0.019282 0.034280
2 0.560250 0.495551 0.014691 0.013059
2 0.578156 0.491470 0.015609 0.011426
2 0.595602 0.500449 0.015609 0.022853
2 0.585961 0.502897 0.014691 0.017956
2 0.569892 0.512692 0.026628 0.040810
2 0.728286 0.506978 0.053257 0.068561
2 0.148818 0.558632 0.123960 0.122430
2 0.061127 0.542308 0.082640 0.125695
2 0.024398 0.579854 0.047747 0.115900
2 0.253955 0.557000 0.123042 0.115900
2 0.344860 0.534962 0.067948 0.081620
2 0.410054 0.514557 0.036729 0.050604
2 0.524439 0.536595 0.080804 0.120798
2 0.633249 0.516190 0.063357 0.073458
2 0.767770 0.513741 0.073458 0.071825
