2 0.334275 0.349640 0.012292 0.014568
2 0.328129 0.371493 0.013657 0.016996
2 0.315837 0.370279 0.013657 0.019424
2 0.313105 0.377563 0.013657 0.019424
2 0.306959 0.384847 0.023218 0.019424
2 0.324032 0.388489 0.019120 0.016996
2 0.324715 0.396987 0.017755 0.019424
2 0.311740 0.404271 0.019120 0.029136
2 0.290570 0.404271 0.020486 0.026708
2 0.250279 0.428552 0.027315 0.046133
2 0.228427 0.434622 0.040973 0.053417
2 0.341787 0.387275 0.013657 0.016996
2 0.344518 0.398201 0.019120 0.019424
2 0.169015 0.486825 0.045070 0.075269
2 0.136236 0.488039 0.058728 0.097122
2 0.087751 0.496538 0.090141 0.114118
2 0.040632 0.514748 0.080581 0.126259
2 0.360225 0.388489 0.012292 0.019424
2 0.362956 0.394559 0.015023 0.021852
2 0.369102 0.404271 0.019120 0.026708
2 0.374566 0.424910 0.021852 0.043705
2 0.396418 0.428552 0.035510 0.065557
2 0.282375 0.449191 0.045070 0.063129
2 0.416905 0.483183 0.032778 0.063129
2 0.444903 0.492896 0.066923 0.092266
2 0.479048 0.511106 0.088775 0.109262
8 0.466073 0.350854 0.019120 0.016996
8 0.455147 0.371493 0.024584 0.021852
8 0.184722 0.339928 0.016389 0.016996
8 0.194282 0.367851 0.021852 0.014568
8 0.117798 0.406699 0.030047 0.058273
8 0.254377 0.384847 0.010926 0.019424
8 0.294667 0.348426 0.006828 0.019424
8 0.300813 0.347212 0.008194 0.021852
8 0.298082 0.348426 0.008194 0.024280
8 0.360908 0.352068 0.008194 0.026708
2 0.194282 0.416412 0.040973 0.038848
