7 0.320679 0.249268 0.010100 0.027750
7 0.156316 0.254165 0.011936 0.034280
7 0.305529 0.300689 0.011018 0.035912
8 0.155705 0.296048 0.022037 0.050604
8 0.311345 0.314821 0.011936 0.032648
8 0.312722 0.270746 0.027546 0.013059
8 0.420614 0.344204 0.015609 0.016324
8 0.601505 0.278441 0.013773 0.048972
7 0.311279 0.248125 0.007345 0.027750
0 0.837424 0.427690 0.052339 0.212212
0 0.969649 0.353415 0.032138 0.168137
2 0.247921 0.375453 0.022037 0.031015
2 0.216701 0.380350 0.023873 0.034280
2 0.189614 0.386064 0.032138 0.032648
2 0.167117 0.383615 0.022037 0.034280
2 0.149212 0.386880 0.019282 0.034280
2 0.125797 0.382799 0.031219 0.035912
2 0.386115 0.367291 0.021119 0.027750
2 0.431108 0.364842 0.019282 0.022853
2 0.470592 0.364842 0.015609 0.022853
2 0.482988 0.372188 0.018364 0.034280
2 0.370505 0.400755 0.057848 0.075090
2 0.072878 0.398307 0.145757 0.163240
2 0.088488 0.564322 0.176977 0.445646
2 0.297265 0.433730 0.126715 0.148548
2 0.502030 0.375779 0.034892 0.052237
2 0.451068 0.374147 0.022955 0.035912
2 0.411825 0.373004 0.033974 0.048972
