8 0.105175 0.386951 0.030050 0.014438
8 0.650950 0.389117 0.015431 0.033208
8 0.609936 0.480802 0.022740 0.049090
8 0.257862 0.462032 0.015431 0.028877
8 0.281415 0.473582 0.007309 0.017326
7 0.274512 0.284438 0.014618 0.057754
7 0.589632 0.295989 0.011370 0.054866
7 0.342327 0.455534 0.005685 0.018770
7 0.309841 0.451203 0.005685 0.018770
2 0.546587 0.502459 0.051978 0.057754
2 0.364662 0.501016 0.034110 0.051978
2 0.305780 0.506069 0.033298 0.044759
2 0.014618 0.530615 0.029237 0.030320
2 0.154311 0.516176 0.025989 0.018770
2 0.091368 0.519786 0.039796 0.028877
2 0.514507 0.495962 0.036547 0.053422
2 0.491360 0.493074 0.030862 0.044759
2 0.468619 0.495962 0.021116 0.038983
2 0.450345 0.503903 0.010558 0.025989
2 0.973786 0.482967 0.048729 0.140053
4 0.440600 0.482967 0.036547 0.056310
2 0.410549 0.493796 0.020304 0.025989
2 0.386184 0.496684 0.008933 0.034652
