2 0.514368 0.356907 0.017396 0.022680
2 0.474355 0.362061 0.013917 0.020618
2 0.463917 0.362061 0.009278 0.024742
2 0.451739 0.364123 0.017396 0.028865
2 0.437242 0.367216 0.016237 0.039175
2 0.420425 0.368247 0.019716 0.045360
2 0.400708 0.372371 0.028994 0.049484
2 0.380992 0.374433 0.026675 0.070103
2 0.341327 0.379587 0.075850 0.088659
2 0.046391 0.398144 0.092783 0.117525
2 0.531301 0.357938 0.010438 0.024742
2 0.537100 0.360000 0.010438 0.028865
2 0.555657 0.361030 0.035953 0.043298
2 0.571894 0.366185 0.028994 0.061855
2 0.607268 0.372371 0.062628 0.094845
2 0.908872 0.469587 0.180579 0.442268
8 0.260373 0.285567 0.031314 0.057731
8 0.140914 0.282474 0.031314 0.047422
