2 0.046180 0.621409 0.092361 0.303507
2 0.056850 0.450231 0.109262 0.150539
2 0.250791 0.428379 0.087410 0.131115
2 0.377126 0.463585 0.137944 0.230665
2 0.307471 0.417452 0.034144 0.084982
2 0.221427 0.393172 0.058728 0.084982
2 0.660527 0.425950 0.090141 0.067985
3 0.523265 0.393172 0.208964 0.327788
3 0.661892 0.377389 0.090141 0.019424
2 0.336836 0.391958 0.019120 0.029136
7 0.222110 0.285470 0.008194 0.033992
7 0.318398 0.297610 0.006828 0.033992
7 0.213915 0.285470 0.005463 0.033992
7 0.230988 0.286684 0.006828 0.036420
7 0.310203 0.304894 0.006828 0.029136
7 0.325227 0.302466 0.006828 0.038848
8 0.181819 0.291193 0.012292 0.026708
8 0.797788 0.155222 0.045070 0.089838
8 0.805982 0.289979 0.017755 0.058273
8 0.659844 0.312872 0.015023 0.029136
2 0.409222 0.383806 0.010926 0.031564
0 0.977995 0.502412 0.043963 0.216141
