2 0.055721 0.603749 0.111442 0.135937
2 0.851181 0.633819 0.296630 0.327327
2 0.685750 0.581125 0.187077 0.225298
2 0.577627 0.592748 0.067388 0.116225
2 0.263317 0.576655 0.038220 0.048278
2 0.500684 0.573107 0.044254 0.051909
2 0.478054 0.567715 0.019110 0.041125
2 0.465481 0.564139 0.014081 0.037549
2 0.452807 0.564139 0.019314 0.030397
2 0.440839 0.555198 0.013075 0.033973
2 0.284438 0.575761 0.020115 0.039337
2 0.299022 0.570397 0.019110 0.035761
2 0.315618 0.567715 0.014081 0.033973
2 0.328190 0.565033 0.017098 0.039337
2 0.343277 0.563245 0.015086 0.028609
2 0.353838 0.557880 0.020115 0.025033
7 0.417203 0.510496 0.006034 0.019668
7 0.374960 0.512284 0.008046 0.016092
7 0.354844 0.531059 0.008046 0.017880
7 0.421226 0.529271 0.008046 0.014304
