8 0.666768 0.187163 0.027294 0.017329
8 0.652146 0.234820 0.027294 0.019062
8 0.656533 0.256482 0.018521 0.020795
7 0.636549 0.294608 0.017546 0.041591
7 0.664818 0.291142 0.023395 0.031193
4 0.056051 0.383857 0.112102 0.233953
2 0.954824 0.400321 0.088707 0.155969
2 0.527858 0.422849 0.104304 0.131707
2 0.481555 0.410719 0.023395 0.072785
2 0.471806 0.401187 0.042891 0.081450
2 0.440613 0.397721 0.035093 0.067586
2 0.421604 0.391656 0.016571 0.027727
2 0.318762 0.387323 0.021445 0.019062
3 0.372376 0.369993 0.070186 0.143838
2 0.417705 0.386457 0.012672 0.034659
