7 0.557341 0.382796 0.009991 0.037302
7 0.471411 0.359703 0.011990 0.030197
7 0.339020 0.412993 0.010990 0.026644
7 0.429946 0.412993 0.012989 0.019539
2 0.326182 0.509073 0.051260 0.105120
2 0.285564 0.509802 0.045962 0.110131
2 0.130192 0.501809 0.048959 0.087039
2 0.073239 0.508026 0.080933 0.113684
2 0.029062 0.547380 0.058125 0.153313
2 0.208128 0.545328 0.154872 0.166973
2 0.511878 0.472500 0.054954 0.071052
2 0.549555 0.562673 0.063183 0.143528
2 0.422452 0.585296 0.211825 0.307302
2 0.682353 0.511457 0.104144 0.116993
2 0.817501 0.632357 0.362721 0.465947
8 0.866644 0.274576 0.030421 0.074884
2 0.593432 0.540832 0.038612 0.104006
7 0.577636 0.451387 0.018721 0.037442
