2 0.102003 0.399383 0.202422 0.357781
2 0.747296 0.511710 0.170830 0.341140
2 0.466480 0.388983 0.039782 0.062403
2 0.392180 0.387943 0.029251 0.064483
2 0.345377 0.374422 0.090095 0.108166
2 0.408561 0.383783 0.024571 0.060323
2 0.417337 0.383783 0.021061 0.056163
2 0.433718 0.384823 0.023401 0.045762
2 0.489296 0.387943 0.010530 0.022881
2 0.516793 0.387943 0.014040 0.027041
2 0.522058 0.391063 0.012870 0.024961
2 0.532589 0.393143 0.019891 0.045762
2 0.546629 0.401464 0.029251 0.054083
2 0.548385 0.409784 0.023401 0.054083
2 0.574711 0.410824 0.047972 0.085285
2 0.610983 0.432665 0.069034 0.128967
2 0.664222 0.457627 0.124027 0.170570
