2 0.392582 0.523019 0.017193 0.025471
2 0.368225 0.516651 0.011462 0.017830
2 0.413358 0.562500 0.027222 0.038207
2 0.479266 0.581604 0.084534 0.117169
6 0.050147 0.588396 0.100294 0.117169
1 0.160471 0.572689 0.037252 0.119717
6 0.178381 0.582453 0.101727 0.091698
2 0.351032 0.615991 0.134681 0.196132
2 0.572158 0.623632 0.140412 0.185943
7 0.572397 0.495424 0.018626 0.033113
7 0.283691 0.503066 0.017193 0.028018
8 0.189127 0.455307 0.042983 0.022924
8 0.572397 0.423467 0.017193 0.030566
8 0.282779 0.423305 0.025741 0.035362
8 0.258207 0.503390 0.011700 0.024961
