2 0.260176 0.496502 0.071160 0.116110
2 0.355219 0.473106 0.013647 0.017329
4 0.325975 0.462708 0.027294 0.058921
2 0.558954 0.510366 0.116976 0.150770
2 0.499978 0.505167 0.045815 0.105712
2 0.472196 0.504300 0.035093 0.083183
2 0.452700 0.498235 0.038992 0.067586
2 0.437591 0.489570 0.020470 0.057188
2 0.423456 0.487837 0.023395 0.057188
2 0.407372 0.482638 0.020470 0.032926
2 0.391287 0.482638 0.009748 0.025994
2 0.383489 0.478305 0.009748 0.020795
2 0.373741 0.473973 0.009748 0.022528
2 0.341572 0.473973 0.007798 0.015596
2 0.345471 0.472240 0.007798 0.015596
2 0.306966 0.474839 0.004874 0.013863
2 0.215335 0.480905 0.014622 0.025994
2 0.203149 0.482638 0.015596 0.025994
2 0.195838 0.484371 0.014622 0.022528
2 0.183166 0.486104 0.018521 0.022528
2 0.168056 0.484371 0.015596 0.032926
2 0.153434 0.483504 0.025345 0.038125
2 0.123703 0.488703 0.047765 0.051989
2 0.038894 0.503434 0.071160 0.077984
2 0.008968 0.511232 0.017936 0.065853
0 0.658872 0.482638 0.030219 0.119576
0 0.617930 0.482638 0.018521 0.084916
7 0.230444 0.367394 0.005848 0.027727
7 0.225083 0.366527 0.006823 0.025994
8 0.448314 0.408119 0.010722 0.008664
8 0.044256 0.378658 0.037042 0.015596
7 0.364480 0.444512 0.004874 0.015596
7 0.359606 0.433247 0.004874 0.013863
7 0.372766 0.455776 0.005848 0.013863
8 0.426868 0.383857 0.020470 0.012130
