7 0.551103 0.255335 0.009360 0.010400
2 0.542912 0.291217 0.011700 0.018721
2 0.136898 0.401464 0.245714 0.235054
2 0.325279 0.341140 0.074884 0.093605
2 0.573919 0.291217 0.015210 0.031201
2 0.555783 0.291217 0.009360 0.018721
2 0.470953 0.301618 0.015210 0.027041
2 0.564851 0.289137 0.010530 0.022881
2 0.533844 0.287057 0.009360 0.014560
8 0.379570 0.179514 0.025741 0.052003
8 0.384836 0.283521 0.015210 0.043682
2 0.386123 0.323979 0.039782 0.064483
2 0.415374 0.314618 0.021061 0.041602
4 0.654654 0.285497 0.078394 0.112326
7 0.517756 0.256375 0.009360 0.016640
4 0.768151 0.289657 0.150939 0.149768
8 0.454572 0.258975 0.008190 0.027041
