8 0.570210 0.281982 0.013183 0.037499
8 0.568013 0.314013 0.010546 0.020312
4 0.494624 0.346381 0.020214 0.041298
2 0.477485 0.345263 0.010546 0.026562
2 0.506050 0.353076 0.014941 0.026562
2 0.516597 0.353076 0.016699 0.035937
2 0.568013 0.358544 0.031640 0.046874
2 0.599214 0.343701 0.014941 0.026562
2 0.713472 0.359326 0.062402 0.064062
2 0.660298 0.355419 0.047460 0.046874
2 0.644477 0.353857 0.040429 0.056249
2 0.535933 0.367138 0.044824 0.067187
2 0.460786 0.375732 0.050976 0.078124
2 0.434419 0.349169 0.014062 0.028124
4 0.406733 0.325732 0.050097 0.096874
2 0.365864 0.365576 0.065039 0.092187
2 0.312251 0.350732 0.033398 0.040624
2 0.222163 0.417919 0.178417 0.184374
4 0.109224 0.342919 0.091406 0.109374
2 0.039231 0.378076 0.078462 0.060937
2 0.019895 0.347607 0.039790 0.046874
0 0.833003 0.378857 0.018457 0.099999
