0 0.630190 0.511799 0.013984 0.049723
0 0.072895 0.573954 0.012586 0.064640
2 0.478455 0.519435 0.009789 0.027348
2 0.471462 0.516949 0.012586 0.017403
2 0.430207 0.525651 0.008390 0.019889
2 0.420418 0.525651 0.019578 0.024861
2 0.403636 0.533109 0.013984 0.024861
2 0.335110 0.530623 0.022375 0.029834
2 0.280570 0.535595 0.025172 0.024861
2 0.250502 0.541811 0.040555 0.037292
2 0.218337 0.549269 0.046149 0.037292
2 0.188969 0.554242 0.048946 0.037292
2 0.167992 0.556728 0.046149 0.037292
2 0.144917 0.562943 0.061533 0.039779
2 0.116947 0.571645 0.050345 0.057182
2 0.072895 0.571645 0.068525 0.062154
2 0.049820 0.584076 0.039157 0.072099
4 0.368674 0.520678 0.044751 0.059668
3 0.423914 0.504518 0.026571 0.022375
2 0.289660 0.552999 0.051743 0.044751
2 0.456079 0.529380 0.032165 0.052209
2 0.380561 0.539325 0.037758 0.052209
2 0.505725 0.510733 0.011187 0.019889
2 0.488244 0.513220 0.009789 0.019889
2 0.798007 0.488358 0.047548 0.054696
7 0.530898 0.440587 0.005593 0.027348
7 0.458876 0.460477 0.006992 0.027348
7 0.479853 0.479123 0.006992 0.019889
8 0.274276 0.391396 0.023774 0.049723
2 0.951141 0.437213 0.054540 0.034806
8 0.952540 0.375236 0.020977 0.082044
