8 0.264512 0.322734 0.035595 0.025781
8 0.617832 0.352031 0.017138 0.014062
8 0.588169 0.409452 0.010546 0.021093
8 0.083237 0.312187 0.013183 0.018749
8 0.232212 0.301640 0.021093 0.021093
0 0.777353 0.478593 0.035595 0.140624
0 0.691001 0.471562 0.015820 0.089062
0 0.669248 0.470390 0.017138 0.077343
0 0.679135 0.464530 0.013183 0.065624
0 0.703525 0.464530 0.014501 0.074999
0 0.648813 0.462187 0.013183 0.060937
0 0.592783 0.455155 0.006591 0.018749
0 0.498520 0.458671 0.010546 0.035156
2 0.623105 0.459843 0.017138 0.023437
2 0.481382 0.456327 0.023730 0.025781
2 0.083897 0.424687 0.101513 0.065624
2 0.222324 0.431718 0.135790 0.084374
2 0.139268 0.422343 0.022412 0.046874
2 0.198594 0.453984 0.127880 0.091406
2 0.560483 0.464530 0.023730 0.037499
4 0.547300 0.412968 0.007910 0.018749
2 0.572348 0.422343 0.010546 0.014062
2 0.016570 0.425859 0.033140 0.053906
2 0.022502 0.548905 0.045005 0.224999
