2 0.217620 0.404111 0.029975 0.037302
4 0.182649 0.415657 0.033972 0.046184
2 0.134488 0.444078 0.042880 0.039078
2 0.064247 0.459177 0.030974 0.033750
2 0.029375 0.486710 0.058751 0.071052
2 0.439438 0.399671 0.023980 0.028421
2 0.455924 0.418322 0.026977 0.037302
2 0.478905 0.441414 0.046961 0.058618
2 0.507382 0.476052 0.045962 0.063947
2 0.094722 0.481381 0.067944 0.081710
2 0.371993 0.544440 0.184847 0.285986
2 0.803138 0.633256 0.393675 0.460065
4 0.548848 0.515131 0.086928 0.113684
4 0.640273 0.494703 0.095921 0.104802
2 0.373450 0.383239 0.009355 0.015246
