7 0.523953 0.385866 0.019133 0.040393
7 0.472531 0.380551 0.016742 0.046771
2 0.462082 0.483448 0.014350 0.029763
2 0.472845 0.482385 0.014350 0.019133
2 0.503340 0.483448 0.013154 0.017007
2 0.525463 0.485574 0.019133 0.042519
2 0.553925 0.482385 0.033484 0.057401
2 0.376817 0.497267 0.046638 0.061653
3 0.427522 0.474094 0.046638 0.068031
2 0.305065 0.498543 0.080123 0.112677
2 0.588964 0.493228 0.044247 0.085039
2 0.617067 0.507047 0.071751 0.116929
2 0.679252 0.524055 0.129153 0.167952
2 0.753395 0.567637 0.150679 0.182834
2 0.885060 0.605905 0.223627 0.433700
2 0.200427 0.513425 0.155462 0.150944
