2 0.567343 0.391271 0.010296 0.019830
2 0.557475 0.388982 0.009438 0.024406
2 0.548895 0.392796 0.011154 0.025932
2 0.544604 0.393559 0.009438 0.027457
2 0.536882 0.395084 0.014586 0.039661
2 0.523582 0.397372 0.030889 0.047288
2 0.481538 0.413389 0.056631 0.070169
2 0.601064 0.397372 0.011154 0.016779
2 0.611361 0.397372 0.007722 0.032033
2 0.621228 0.401949 0.024025 0.035084
2 0.646541 0.420254 0.030031 0.074745
2 0.688585 0.424067 0.091811 0.131186
8 0.540142 0.356949 0.007722 0.009152
8 0.821154 0.244830 0.020593 0.062542
