8 0.457276 0.086374 0.097171 0.147156
7 0.548449 0.287914 0.008397 0.029857
7 0.630625 0.314573 0.004798 0.023459
7 0.638422 0.311374 0.005998 0.034123
8 0.444080 0.302843 0.013196 0.017061
8 0.481269 0.311374 0.029991 0.025592
8 0.518246 0.336433 0.009597 0.010663
8 0.527843 0.336433 0.009597 0.010663
8 0.524844 0.349229 0.013196 0.014928
8 0.690994 0.286314 0.009597 0.025592
8 0.688595 0.344964 0.011996 0.010663
8 0.707789 0.357760 0.009597 0.010663
8 0.689195 0.365224 0.010796 0.021326
8 0.756675 0.354028 0.022793 0.029857
2 0.760124 0.426996 0.038388 0.044786
2 0.736131 0.424864 0.016795 0.019194
2 0.410428 0.367281 0.010796 0.019194
2 0.399631 0.366215 0.013196 0.025592
2 0.377437 0.365148 0.004798 0.027725
2 0.331251 0.363015 0.010796 0.031990
4 0.409228 0.347477 0.013196 0.019194
4 0.355244 0.372003 0.044386 0.076777
2 0.517796 0.375202 0.009597 0.019194
2 0.508199 0.375202 0.014395 0.027725
2 0.492003 0.392264 0.022793 0.027725
2 0.477008 0.364539 0.009597 0.023459
2 0.421824 0.383733 0.009597 0.023459
2 0.492003 0.366672 0.010796 0.014928
2 0.539389 0.370937 0.014395 0.014928
2 0.530992 0.396529 0.014395 0.036255
4 0.626363 0.377335 0.061181 0.074644
2 0.458413 0.411458 0.051584 0.066113
4 0.558584 0.406127 0.045586 0.081042
2 0.661753 0.461577 0.139158 0.183412
2 0.267070 0.497833 0.227932 0.238862
4 0.125737 0.301648 0.251475 0.337014
4 0.799765 0.418593 0.043505 0.065624
