8 0.358456 0.587311 0.007647 0.016314
7 0.350427 0.589429 0.008412 0.022953
8 0.478901 0.594108 0.011470 0.040785
2 0.442230 0.645149 0.016749 0.025041
2 0.208006 0.704909 0.057354 0.077492
2 0.528044 0.664803 0.042824 0.070694
2 0.547162 0.665483 0.056589 0.091087
2 0.571634 0.675679 0.059648 0.103323
2 0.601458 0.683157 0.070354 0.120996
2 0.152864 0.727022 0.081061 0.089728
2 0.666379 0.710028 0.147592 0.175377
2 0.375271 0.656803 0.018093 0.022528
2 0.413254 0.650889 0.019118 0.019033
7 0.449142 0.590083 0.010722 0.020795
