2 0.292780 0.502885 0.019500 0.024471
2 0.303104 0.506759 0.017206 0.038746
2 0.309987 0.510838 0.017206 0.034667
2 0.462550 0.492484 0.017206 0.018353
2 0.472874 0.502681 0.019500 0.034667
2 0.370783 0.495543 0.026383 0.036706
2 0.364474 0.507779 0.022941 0.048942
2 0.569803 0.495543 0.052766 0.053021
2 0.530228 0.524093 0.067678 0.085649
2 0.339238 0.516956 0.057354 0.083610
2 0.421828 0.556722 0.119297 0.167220
2 0.623716 0.565898 0.174357 0.181495
2 0.213631 0.561820 0.170916 0.185574
2 0.336370 0.510838 0.053913 0.083610
7 0.339811 0.436404 0.010323 0.036706
7 0.226823 0.334441 0.009176 0.057099
8 0.221087 0.462915 0.034412 0.020392
7 0.531485 0.426548 0.009176 0.038746
0 0.684622 0.492144 0.030971 0.081570
0 0.710432 0.512537 0.027530 0.114199
0 0.736241 0.508459 0.024088 0.106042
