8 0.281439 0.413004 0.015007 0.007114
7 0.339467 0.406778 0.007003 0.019565
2 0.285941 0.461917 0.006002 0.019565
2 0.275936 0.466363 0.012005 0.017786
2 0.304450 0.463695 0.015007 0.026679
2 0.337466 0.465474 0.015007 0.030237
2 0.359477 0.471699 0.023011 0.035573
8 0.380487 0.436126 0.009004 0.010671
2 0.423008 0.498379 0.108053 0.135177
4 0.508551 0.473478 0.085042 0.099604
2 0.616104 0.502826 0.116057 0.126284
2 0.257427 0.472589 0.013006 0.030237
2 0.239418 0.474367 0.027013 0.044466
2 0.194396 0.479703 0.081040 0.094268
8 0.103351 0.365869 0.027013 0.051581
2 0.030415 0.558853 0.060830 0.313043
2 0.864226 0.544624 0.270133 0.469565
2 0.158406 0.468774 0.014622 0.029460
