2 0.013047 0.553758 0.024510 0.104897
2 0.047198 0.797034 0.094397 0.368182
2 0.041830 0.484669 0.083074 0.164329
2 0.142456 0.516910 0.097115 0.099845
2 0.109109 0.500270 0.011700 0.033281
2 0.215585 0.517951 0.105306 0.093605
2 0.322646 0.516910 0.087755 0.095685
2 0.352483 0.487789 0.011700 0.029121
2 0.375885 0.487789 0.014040 0.020801
2 0.365354 0.487789 0.014040 0.029121
2 0.392266 0.488829 0.035102 0.043682
2 0.412742 0.486749 0.010530 0.018721
2 0.412742 0.475308 0.012870 0.016640
2 0.425027 0.474268 0.014040 0.022881
2 0.436728 0.471148 0.009360 0.016640
2 0.445504 0.469068 0.008190 0.016640
2 0.454279 0.464907 0.009360 0.016641
2 0.479436 0.456587 0.010530 0.016640
2 0.489966 0.470108 0.012870 0.010400
2 0.490551 0.464907 0.009360 0.016641
2 0.505762 0.455547 0.009360 0.014560
2 0.454279 0.497149 0.042122 0.056163
2 0.476511 0.488829 0.025741 0.043682
2 0.493477 0.486749 0.012870 0.027041
2 0.522728 0.526271 0.073714 0.106086
7 0.489381 0.398343 0.007020 0.020801
7 0.532674 0.433706 0.004680 0.020801
8 0.506347 0.406664 0.015210 0.008320
8 0.321476 0.365061 0.047972 0.029121
8 0.203299 0.412904 0.026911 0.020801
0 0.571724 0.482638 0.014622 0.064120
