0 0.258452 0.425513 0.013253 0.077618
0 0.277943 0.421355 0.021050 0.094250
0 0.664647 0.480261 0.025728 0.076232
2 0.341094 0.446996 0.080303 0.084548
2 0.516515 0.416503 0.041321 0.065143
2 0.446736 0.401257 0.028067 0.045739
2 0.494685 0.411652 0.013253 0.036036
2 0.486498 0.401257 0.010915 0.023562
2 0.479092 0.399871 0.011694 0.020790
2 0.471685 0.398485 0.007796 0.026334
2 0.463889 0.404029 0.006237 0.031878
2 0.384365 0.416503 0.026507 0.051283
2 0.366433 0.431750 0.040541 0.067915
2 0.402686 0.406108 0.025728 0.047125
2 0.416330 0.397099 0.012474 0.031878
2 0.424516 0.394327 0.011694 0.031878
8 0.244808 0.307007 0.020270 0.045739
8 0.245198 0.372843 0.011694 0.027720
8 0.867355 0.206519 0.038202 0.022176
8 0.833441 0.255723 0.018711 0.034650
8 0.830322 0.230775 0.018711 0.015246
7 0.049117 0.287602 0.029626 0.040195
7 0.809661 0.330569 0.021050 0.037422
8 0.353569 0.343044 0.010135 0.015246
