7 0.324497 0.156328 0.021093 0.100781
7 0.917099 0.070781 0.017138 0.079687
7 0.935556 0.273515 0.030322 0.044531
7 0.905893 0.275859 0.018457 0.039843
7 0.338999 0.253593 0.015820 0.046874
7 0.311313 0.254765 0.018457 0.049218
8 0.331089 0.196171 0.044824 0.030468
8 0.329770 0.132890 0.039550 0.067968
8 0.350864 0.013124 0.145019 0.026249
8 0.143882 0.223124 0.029003 0.051562
8 0.144541 0.302812 0.019775 0.023437
8 0.181455 0.333281 0.014501 0.032812
8 0.179478 0.312187 0.015820 0.014062
8 0.172227 0.299296 0.011865 0.011718
8 0.130698 0.368437 0.010546 0.023437
8 0.909848 0.189140 0.047460 0.030468
0 0.843930 0.424687 0.026367 0.098437
2 0.428647 0.402421 0.013183 0.021093
2 0.412827 0.404765 0.018457 0.025781
2 0.396347 0.407109 0.025048 0.025781
2 0.368662 0.408280 0.011865 0.023437
2 0.354819 0.410624 0.023730 0.032812
2 0.326474 0.418827 0.017138 0.039843
2 0.232212 0.421171 0.055371 0.063281
2 0.513681 0.402421 0.014501 0.030468
2 0.562461 0.402421 0.009228 0.025781
2 0.573667 0.407109 0.018457 0.035156
2 0.588828 0.409452 0.022412 0.053906
2 0.606626 0.408280 0.021093 0.056249
2 0.287583 0.417655 0.065917 0.074999
4 0.118833 0.434062 0.123925 0.107812
3 0.694956 0.373124 0.150292 0.192187
2 0.035686 0.445780 0.071372 0.098437
4 0.027776 0.409452 0.055552 0.044531
2 0.547300 0.409452 0.029003 0.039843
2 0.478745 0.432890 0.073828 0.096093
2 0.667270 0.448124 0.150292 0.201562
