7 0.557187 0.428202 0.006591 0.021093
7 0.485996 0.434062 0.006591 0.023437
8 0.424692 0.458671 0.010546 0.021093
8 0.425351 0.434062 0.011865 0.018749
8 0.461606 0.403593 0.013183 0.023437
8 0.495224 0.403593 0.011865 0.028124
8 0.527524 0.411796 0.015820 0.030468
8 0.592124 0.437577 0.013183 0.021093
8 0.619809 0.470390 0.010546 0.035156
7 0.103672 0.457499 0.011865 0.018749
7 0.632334 0.478593 0.009228 0.018749
8 0.130039 0.415312 0.014501 0.014062
2 0.152451 0.492655 0.027685 0.018749
2 0.174204 0.489140 0.015820 0.025781
2 0.101694 0.492655 0.065917 0.037499
2 0.399643 0.514921 0.026367 0.063281
2 0.487314 0.512577 0.014501 0.030468
2 0.470835 0.518437 0.034277 0.046874
4 0.050278 0.463359 0.079101 0.053906
4 0.549936 0.455155 0.058007 0.037499
4 0.670566 0.472734 0.083056 0.203906
4 0.387119 0.485624 0.019775 0.028124
2 0.234849 0.520780 0.113378 0.154687
2 0.034458 0.478593 0.055371 0.028124
2 0.436557 0.528984 0.058007 0.072656
2 0.326474 0.547733 0.154247 0.171093
2 0.549277 0.553593 0.119970 0.164062
4 0.799765 0.432890 0.233349 0.386718
