8 0.343401 0.603012 0.015776 0.007479
8 0.343401 0.616101 0.019983 0.018698
8 0.286606 0.603947 0.047329 0.031786
8 0.148824 0.588054 0.030501 0.052354
2 0.346031 0.658639 0.006310 0.014958
2 0.315004 0.666118 0.013672 0.033656
2 0.368644 0.673597 0.017880 0.026177
2 0.290287 0.652095 0.010517 0.016828
2 0.278718 0.652095 0.010517 0.016828
2 0.249268 0.649290 0.014724 0.014958
2 0.198257 0.647420 0.022087 0.022437
2 0.074675 0.641811 0.018931 0.041135
2 0.353393 0.662379 0.008414 0.014958
2 0.391782 0.672663 0.036811 0.084141
2 0.331832 0.668923 0.024190 0.039265
2 0.258208 0.665183 0.030501 0.039265
2 0.559013 0.709124 0.120953 0.168282
2 0.043122 0.662659 0.086244 0.112188
