8 0.185803 0.067974 0.115747 0.039672
8 0.101493 0.262370 0.029329 0.038539
8 0.785892 0.409725 0.013389 0.020403
8 0.900341 0.394422 0.026778 0.014735
8 0.900495 0.409193 0.019127 0.015869
8 0.104034 0.135075 0.045269 0.091813
7 0.126243 0.357619 0.031879 0.043073
7 0.317309 0.017380 0.033154 0.034005
7 0.275546 0.010957 0.035067 0.021914
8 0.900495 0.433186 0.016577 0.017002
8 0.898582 0.465491 0.012751 0.027204
8 0.471500 0.421662 0.007013 0.019269
7 0.477057 0.397615 0.007013 0.012468
7 0.558745 0.438098 0.006375 0.010201
7 0.478089 0.451133 0.007013 0.018136
7 0.406041 0.449433 0.008288 0.014735
7 0.585417 0.444143 0.007013 0.014735
8 0.698256 0.420771 0.019127 0.014735
0 0.079167 0.486838 0.017215 0.087279
0 0.101802 0.506674 0.011476 0.129219
0 0.132088 0.472669 0.013389 0.047607
0 0.119017 0.525377 0.028054 0.137153
0 0.157910 0.473803 0.011476 0.031738
0 0.221032 0.467569 0.028054 0.069143
0 0.223264 0.527644 0.018490 0.116750
0 0.205092 0.519710 0.026778 0.141687
0 0.265026 0.473236 0.011476 0.030604
0 0.267258 0.532178 0.014664 0.094080
0 0.281604 0.529344 0.014027 0.115617
0 0.309658 0.532178 0.014027 0.114483
0 0.145477 0.530667 0.040168 0.171158
0 0.178313 0.530100 0.022953 0.138287
0 0.250164 0.531045 0.031242 0.162090
0 0.298303 0.529911 0.017852 0.146221
2 0.036130 0.572417 0.070135 0.396725
2 0.459492 0.501574 0.025503 0.044206
2 0.428250 0.510642 0.047181 0.087279
2 0.403065 0.541246 0.079699 0.107682
2 0.522053 0.551610 0.129431 0.209697
2 0.590640 0.497768 0.022315 0.036272
0 0.616128 0.495339 0.008926 0.029471
0 0.622504 0.493072 0.005100 0.024937
0 0.646733 0.491939 0.006375 0.022670
0 0.637806 0.492506 0.007651 0.023803
0 0.641951 0.496473 0.007013 0.022670
5 0.638444 0.514609 0.015302 0.022670
0 0.659485 0.500251 0.006375 0.027204
0 0.652942 0.499550 0.007013 0.024937
0 0.683713 0.504219 0.007651 0.030604
0 0.675424 0.506486 0.005100 0.037405
0 0.670961 0.505919 0.006375 0.038539
1 0.710416 0.520276 0.019765 0.074811
1 0.693201 0.532178 0.021040 0.089546
5 0.692746 0.555982 0.021040 0.070277
5 0.708686 0.548047 0.021040 0.052141
0 0.736740 0.514366 0.013389 0.053274
0 0.785728 0.537279 0.019127 0.077078
0 0.837692 0.520843 0.009563 0.044206
0 0.830679 0.563349 0.021040 0.124685
0 0.882643 0.538412 0.014027 0.070277
0 0.888700 0.538412 0.014664 0.088413
0 0.903046 0.554848 0.011476 0.103148
0 0.927912 0.540679 0.011476 0.070277
0 0.939388 0.550881 0.025503 0.133753
0 0.962342 0.559949 0.028054 0.120151
0 0.971587 0.565616 0.017215 0.111083
0 0.982745 0.517443 0.012751 0.046473
0 0.808044 0.564672 0.025503 0.159823
0 0.985614 0.570906 0.027416 0.163224
0 0.869893 0.547934 0.019127 0.108816
2 0.798161 0.512531 0.083524 0.060075
2 0.882324 0.527833 0.082249 0.056675
