8 0.212020 0.497368 0.018521 0.031193
8 0.612666 0.495635 0.020470 0.041591
8 0.590733 0.486970 0.023395 0.017329
2 0.578548 0.526829 0.012672 0.017329
2 0.568312 0.524229 0.009748 0.015596
2 0.553690 0.525096 0.023395 0.031193
2 0.531757 0.525096 0.016571 0.024261
2 0.520547 0.525962 0.007798 0.019062
2 0.511286 0.527695 0.010722 0.019062
2 0.501538 0.525096 0.012672 0.024261
2 0.481067 0.528562 0.032168 0.038125
2 0.459621 0.529428 0.018521 0.032926
2 0.404545 0.529428 0.011697 0.032926
2 0.430377 0.525096 0.039967 0.065853
2 0.277820 0.532894 0.054589 0.050256
2 0.353367 0.523363 0.094556 0.107445
2 0.034208 0.543292 0.068055 0.143838
