2 0.526396 0.505167 0.011697 0.015596
2 0.508849 0.504856 0.013647 0.014974
2 0.488866 0.509499 0.008773 0.024261
2 0.477168 0.512965 0.008773 0.020795
2 0.468395 0.514698 0.006823 0.020795
2 0.457672 0.522497 0.016571 0.029460
2 0.442562 0.522497 0.027294 0.043324
2 0.418192 0.522497 0.027294 0.060654
2 0.388460 0.525962 0.061412 0.077984
2 0.321199 0.544159 0.112102 0.110911
2 0.182776 0.538960 0.106254 0.093581
2 0.246626 0.521630 0.025345 0.065853
2 0.586834 0.537227 0.105279 0.145571
7 0.495202 0.480905 0.003899 0.015596
2 0.648734 0.506033 0.045815 0.103979
2 0.684315 0.516431 0.058488 0.097047
2 0.712584 0.524229 0.072135 0.123042
2 0.813477 0.525962 0.186188 0.199294
2 0.903318 0.580817 0.192356 0.301010
8 0.686264 0.412452 0.027294 0.055455
8 0.601456 0.433247 0.011697 0.031193
