8 0.092642 0.202465 0.143918 0.212172
8 0.887705 0.193104 0.114666 0.205932
8 0.646670 0.367835 0.189551 0.097765
8 0.548970 0.460400 0.038612 0.045762
8 0.452439 0.478081 0.018721 0.022881
8 0.475255 0.476001 0.022231 0.022881
7 0.986576 0.439599 0.010530 0.020801
7 0.926902 0.445840 0.008190 0.024961
7 0.874249 0.450000 0.008190 0.024961
7 0.772453 0.452080 0.010530 0.020801
7 0.821596 0.452080 0.005850 0.020801
2 0.581732 0.514484 0.019891 0.020801
4 0.724480 0.516564 0.019891 0.024961
2 0.740276 0.526964 0.011700 0.020801
2 0.754902 0.520724 0.015210 0.024961
4 0.825691 0.517604 0.023401 0.027041
2 0.848508 0.521764 0.019891 0.018721
