2 0.497425 0.582015 0.012053 0.018367
2 0.483649 0.578954 0.010331 0.009183
2 0.465999 0.581250 0.011192 0.016836
2 0.453515 0.574362 0.006887 0.012244
2 0.441031 0.575127 0.012914 0.013775
2 0.425964 0.575127 0.015497 0.019897
2 0.413911 0.578954 0.010331 0.012244
2 0.402718 0.577423 0.012053 0.012244
2 0.380979 0.578724 0.012914 0.016836
2 0.364534 0.578724 0.013086 0.022959
2 0.348606 0.575663 0.019113 0.029081
2 0.320969 0.575663 0.037882 0.032142
2 0.473188 0.669796 0.008609 0.0
2 0.593638 0.591964 0.030133 0.042857
2 0.686766 0.613584 0.049936 0.061607
2 0.556875 0.584694 0.018941 0.021428
2 0.532337 0.575510 0.012914 0.018367
2 0.648568 0.592347 0.030133 0.039795
2 0.110634 0.577917 0.092123 0.076530
4 0.220838 0.528173 0.154113 0.117857
8 0.520111 0.515204 0.022213 0.031224
8 0.451750 0.535561 0.018080 0.010714
8 0.839876 0.628316 0.007748 0.024489
8 0.588903 0.548724 0.006026 0.012244
7 0.545596 0.544132 0.006026 0.013775
7 0.576591 0.548724 0.006026 0.013775
2 0.518734 0.573673 0.009470 0.015306
