7 0.553650 0.388983 0.010530 0.020801
7 0.419677 0.425385 0.007020 0.022881
2 0.509187 0.456587 0.033932 0.022881
2 0.526738 0.469068 0.054993 0.043682
2 0.437228 0.468028 0.028081 0.029121
2 0.396275 0.517951 0.067864 0.124807
2 0.434888 0.494029 0.023401 0.068644
2 0.478180 0.507550 0.067864 0.099845
6 0.592847 0.517951 0.053823 0.095685
6 0.646085 0.512750 0.073714 0.131047
0 0.190928 0.468028 0.012870 0.054083
0 0.162261 0.497149 0.016380 0.116486
0 0.124234 0.515870 0.024571 0.133127
2 0.286289 0.575154 0.231673 0.318259
8 0.538439 0.378582 0.022231 0.049922
8 0.556575 0.421225 0.018721 0.031201
8 0.520888 0.378582 0.010530 0.016640
7 0.292724 0.021841 0.026911 0.043682
8 0.428452 0.356741 0.038612 0.047842
7 0.405636 0.351541 0.011700 0.016640
