2 0.464328 0.355636 0.012433 0.032304
2 0.456677 0.355636 0.018171 0.045906
2 0.444722 0.358186 0.022953 0.054408
2 0.435636 0.368388 0.018171 0.051007
2 0.417465 0.362437 0.031560 0.062909
2 0.372036 0.381990 0.091813 0.102015
2 0.266195 0.422796 0.133894 0.153022
2 0.536217 0.338066 0.017215 0.025503
2 0.554866 0.346568 0.010520 0.028904
2 0.564430 0.344867 0.014345 0.045906
2 0.581167 0.349968 0.026778 0.056108
2 0.584515 0.357619 0.016258 0.051007
2 0.598860 0.352519 0.023909 0.064609
2 0.613366 0.350818 0.030604 0.088413
2 0.632972 0.355069 0.031560 0.107115
2 0.693224 0.360170 0.102333 0.158123
2 0.820106 0.375877 0.224752 0.239735
2 0.513172 0.358024 0.046180 0.078211
2 0.127131 0.495380 0.251531 0.246536
7 0.519730 0.275683 0.009563 0.030604
7 0.487213 0.278234 0.007651 0.025503
7 0.444654 0.318190 0.006694 0.017002
8 0.418831 0.298880 0.010520 0.011901
8 0.421222 0.308231 0.011476 0.010201
8 0.576089 0.290378 0.012433 0.008501
7 0.534076 0.267668 0.007651 0.017002
