7 0.393568 0.511016 0.008580 0.018305
7 0.351523 0.547627 0.006864 0.015254
7 0.411587 0.543813 0.006864 0.010677
7 0.433038 0.507203 0.006864 0.016779
7 0.431322 0.550677 0.005148 0.012203
7 0.466931 0.538474 0.007722 0.009152
7 0.199648 0.515593 0.008580 0.012203
8 0.549733 0.470847 0.020593 0.027457
8 0.477657 0.530338 0.012012 0.009152
8 0.437328 0.557796 0.006864 0.015254
0 0.377113 0.565550 0.006006 0.013728
2 0.396633 0.569364 0.034322 0.033559
2 0.366173 0.570127 0.012870 0.028983
2 0.352015 0.571652 0.032605 0.038135
2 0.310399 0.586906 0.030031 0.022881
2 0.282084 0.587669 0.031747 0.027457
2 0.234462 0.589194 0.020593 0.042711
2 0.214298 0.587669 0.036896 0.048813
2 0.185553 0.589957 0.039470 0.050338
2 0.156379 0.596059 0.049766 0.056440
2 0.096959 0.601398 0.056631 0.067118
2 0.037754 0.589957 0.075508 0.129660
2 0.422286 0.577259 0.011697 0.019062
2 0.436421 0.580725 0.022420 0.025994
2 0.461766 0.582458 0.034118 0.043324
2 0.489061 0.596322 0.039967 0.050256
2 0.499783 0.596322 0.030219 0.057188
2 0.520742 0.600654 0.046790 0.069319
2 0.548036 0.611052 0.052639 0.076251
2 0.583130 0.621450 0.072135 0.103979
2 0.733737 0.615385 0.248576 0.272079
