7 0.311871 0.203582 0.009745 0.051978
7 0.526689 0.046925 0.015431 0.079411
7 0.512476 0.049812 0.012994 0.079411
8 0.288724 0.252673 0.013806 0.020213
8 0.833688 0.243288 0.030050 0.085187
8 0.814196 0.176149 0.028425 0.017326
8 0.858865 0.188422 0.033298 0.018770
8 0.828003 0.380454 0.017055 0.021657
8 0.707802 0.397058 0.008933 0.014438
8 0.714299 0.324144 0.012182 0.015882
8 0.707802 0.425213 0.005685 0.027433
2 0.112484 0.470695 0.083653 0.069304
2 0.183143 0.457700 0.072282 0.072192
2 0.274105 0.456978 0.044669 0.044759
2 0.313902 0.450481 0.012182 0.043315
2 0.332581 0.447593 0.017055 0.037540
2 0.364662 0.450481 0.017867 0.023101
2 0.387809 0.449037 0.023552 0.025989
2 0.414610 0.444705 0.021928 0.025989
2 0.430854 0.443984 0.012182 0.024545
2 0.443442 0.444705 0.009745 0.017326
2 0.480396 0.444705 0.010558 0.011550
2 0.503948 0.456256 0.038171 0.066417
2 0.525877 0.453369 0.013806 0.031764
2 0.539278 0.443984 0.009745 0.021657
4 0.583541 0.427379 0.056039 0.112620
0 0.730949 0.481524 0.027613 0.142941
8 0.430854 0.359518 0.017055 0.025989
7 0.019491 0.367459 0.011370 0.030320
7 0.002842 0.370347 0.005685 0.027433
7 0.843186 0.316016 0.013253 0.049897
0 0.104862 0.436601 0.010135 0.019404
