2 0.880592 0.529271 0.238814 0.421986
2 0.055117 0.464900 0.088509 0.067947
2 0.118985 0.463112 0.043249 0.042913
2 0.147147 0.463112 0.019110 0.039337
2 0.257282 0.466688 0.038220 0.032185
2 0.221073 0.465794 0.032185 0.030397
2 0.300028 0.458642 0.031179 0.033973
2 0.339254 0.462555 0.029168 0.027495
2 0.475539 0.466688 0.024139 0.042913
2 0.576119 0.466688 0.056324 0.082251
2 0.534881 0.466688 0.020115 0.035761
2 0.371439 0.459536 0.025144 0.017880
3 0.361884 0.438973 0.034197 0.033973
2 0.422232 0.479205 0.078451 0.143046
2 0.508228 0.474735 0.045260 0.066158
2 0.628420 0.480099 0.084486 0.084039
8 0.415192 0.204735 0.040231 0.026821
8 0.445868 0.202947 0.011063 0.019668
8 0.330705 0.259271 0.020115 0.071523
8 0.368925 0.258377 0.052301 0.076887
8 0.425249 0.258377 0.058336 0.084039
8 0.425249 0.312019 0.060347 0.023245
8 0.513257 0.261059 0.083480 0.100132
8 0.514262 0.316490 0.051295 0.021456
8 0.169275 0.253013 0.047272 0.076887
8 0.234148 0.263741 0.040231 0.033973
