2 0.066286 0.654204 0.079934 0.154236
2 0.984068 0.459242 0.026319 0.038125
2 0.292929 0.544159 0.088707 0.121309
2 0.351905 0.528562 0.052639 0.086649
2 0.383099 0.525096 0.029244 0.058921
2 0.402595 0.515565 0.025345 0.057188
2 0.418192 0.515565 0.017546 0.029460
2 0.439638 0.513832 0.017546 0.039858
2 0.452310 0.507766 0.013647 0.034659
2 0.462546 0.512099 0.012672 0.032926
2 0.471319 0.507766 0.012672 0.031193
2 0.481067 0.510366 0.014622 0.019062
2 0.599019 0.484371 0.034118 0.064120
2 0.578548 0.499101 0.010722 0.034659
2 0.567825 0.499968 0.014622 0.032926
2 0.558077 0.497368 0.016571 0.031193
2 0.178877 0.591816 0.153044 0.168100
2 0.615591 0.498235 0.049715 0.060654
2 0.951412 0.464441 0.023395 0.020795
2 0.902672 0.463575 0.031193 0.032926
8 0.668718 0.399454 0.011697 0.015596
8 0.843208 0.247817 0.025345 0.038125
8 0.664818 0.428048 0.019496 0.034659
8 0.575136 0.460975 0.007798 0.013863
