8 0.036436 0.137109 0.072509 0.128906
8 0.190684 0.126562 0.017138 0.056249
8 0.205845 0.127734 0.015820 0.035156
8 0.207163 0.080859 0.013183 0.039843
2 0.347568 0.390234 0.119970 0.166406
8 0.528183 0.255468 0.025048 0.046874
8 0.510385 0.262499 0.021093 0.046874
2 0.551914 0.336327 0.022412 0.049218
2 0.487314 0.339843 0.038232 0.042187
2 0.513022 0.326952 0.021093 0.025781
8 0.012705 0.284765 0.025048 0.021093
0 0.919077 0.314062 0.015820 0.037499
1 0.780649 0.318749 0.015820 0.028124
1 0.780649 0.336327 0.026367 0.030468
0 0.958627 0.323437 0.013183 0.032812
