7 0.469276 0.126674 0.019802 0.090306
7 0.451578 0.133163 0.017219 0.085714
7 0.486017 0.132398 0.015497 0.090306
7 0.123118 0.407908 0.018080 0.038265
8 0.756505 0.304081 0.010331 0.021428
8 0.756935 0.342347 0.009470 0.021428
8 0.767626 0.374489 0.024250 0.025510
8 0.768415 0.415561 0.025829 0.026020
7 0.775303 0.309183 0.013775 0.048979
8 0.602022 0.419387 0.021524 0.012244
8 0.591486 0.415561 0.014636 0.029081
2 0.578141 0.441581 0.015497 0.022959
8 0.325220 0.475561 0.017219 0.022959
2 0.448408 0.480373 0.039604 0.061224
2 0.385557 0.504097 0.065433 0.084183
8 0.922529 0.420153 0.074043 0.084183
8 0.799410 0.319898 0.030994 0.021428
8 0.819212 0.425510 0.037882 0.052040
