2 0.524047 0.518554 0.040869 0.032812
2 0.549096 0.517382 0.014501 0.035156
2 0.561620 0.518554 0.015820 0.032812
2 0.572826 0.529101 0.022412 0.039843
2 0.586669 0.534960 0.031640 0.051562
2 0.622265 0.549023 0.052734 0.093749
2 0.680932 0.567773 0.112060 0.126562
2 0.454174 0.525585 0.061962 0.112499
2 0.400780 0.532792 0.042187 0.065273
2 0.271676 0.600468 0.263483 0.308437
2 0.071850 0.551952 0.143701 0.168749
7 0.477904 0.491015 0.009228 0.021093
7 0.535912 0.493359 0.011865 0.021093
8 0.747580 0.368858 0.026309 0.048897
