2 0.111738 0.685753 0.223476 0.335072
2 0.972736 0.609269 0.053521 0.303507
2 0.543411 0.574818 0.250620 0.409425
2 0.418100 0.541283 0.028681 0.060701
2 0.676916 0.474512 0.071020 0.058273
2 0.715841 0.457515 0.042339 0.053417
2 0.775252 0.450231 0.103799 0.077697
2 0.877686 0.427165 0.068289 0.065557
2 0.939298 0.410168 0.117760 0.070413
7 0.282887 0.271769 0.015023 0.055845
7 0.633211 0.126085 0.019120 0.075269
7 0.614090 0.132155 0.021852 0.072841
7 0.742474 0.203783 0.013657 0.046133
8 0.758863 0.174646 0.024584 0.084982
8 0.922757 0.098162 0.071020 0.121402
8 0.269912 0.469656 0.016389 0.029136
8 0.251474 0.401670 0.025949 0.019424
8 0.267864 0.440519 0.023218 0.033992
7 0.855834 0.367677 0.013657 0.019424
7 0.842176 0.374961 0.013657 0.024280
