7 0.303374 0.241418 0.020486 0.024280
7 0.404442 0.246274 0.017755 0.024280
7 0.420149 0.382245 0.008194 0.019424
2 0.745888 0.427165 0.066923 0.050989
2 0.655746 0.433235 0.017755 0.038848
2 0.432441 0.412596 0.010926 0.021852
2 0.457708 0.413810 0.009560 0.019424
2 0.446099 0.416238 0.016389 0.019424
2 0.414685 0.412596 0.021852 0.026708
2 0.310203 0.416238 0.083312 0.048561
2 0.402393 0.411382 0.013657 0.024280
2 0.252157 0.396814 0.030047 0.043705
2 0.185234 0.404098 0.021852 0.038848
2 0.550581 0.393172 0.091507 0.157823
2 0.934366 0.434449 0.129749 0.138399
0 0.360054 0.411382 0.008194 0.048561
7 0.854468 0.026535 0.027315 0.050989
