2 0.278930 0.419587 0.140335 0.193814
3 0.524226 0.344845 0.133376 0.194845
2 0.443621 0.331958 0.026675 0.043298
2 0.430863 0.312371 0.026675 0.049484
2 0.405927 0.303092 0.013917 0.026804
2 0.378092 0.300000 0.016237 0.024742
2 0.393943 0.308591 0.011597 0.024742
2 0.352190 0.301374 0.018556 0.022680
2 0.327255 0.305498 0.022036 0.026804
4 0.075386 0.313745 0.150773 0.253608
7 0.401288 0.267746 0.013917 0.024742
7 0.430283 0.275552 0.016237 0.014432
8 0.662325 0.203092 0.022036 0.022680
8 0.681958 0.212027 0.023195 0.030927
