8 0.028666 0.420704 0.026326 0.011440
8 0.039782 0.424865 0.008775 0.030161
8 0.439361 0.432665 0.021646 0.016640
2 0.126367 0.516910 0.052068 0.054083
2 0.207394 0.506509 0.036272 0.041602
2 0.463054 0.516910 0.022231 0.049922
2 0.486163 0.522110 0.027496 0.060323
2 0.510150 0.526791 0.028666 0.080084
2 0.548177 0.531471 0.052068 0.089445
2 0.585327 0.547592 0.072544 0.075924
2 0.770569 0.547990 0.206674 0.197367
2 0.912226 0.584790 0.172585 0.286016
2 0.648229 0.563469 0.081904 0.126887
2 0.360977 0.557749 0.093605 0.134167
2 0.410093 0.511447 0.021830 0.038809
7 0.244808 0.439373 0.006237 0.013860
7 0.409313 0.430364 0.007796 0.015246
7 0.336417 0.446996 0.007016 0.009702
7 0.346552 0.449075 0.003898 0.011088
7 0.381246 0.449075 0.004677 0.011088
7 0.388653 0.446996 0.005457 0.012474
7 0.308739 0.429671 0.006237 0.013860
