3 0.474633 0.362195 0.034118 0.027727
3 0.429792 0.359595 0.057513 0.032926
3 0.515088 0.363061 0.046790 0.043324
3 0.549694 0.363061 0.016571 0.039858
3 0.733932 0.349197 0.088707 0.136906
2 0.380906 0.360462 0.022420 0.012130
2 0.411612 0.366527 0.037042 0.027727
2 0.384561 0.371437 0.065312 0.020795
2 0.315837 0.367105 0.066286 0.036392
2 0.273921 0.376059 0.105279 0.038125
2 0.235903 0.369993 0.035093 0.019062
2 0.221768 0.382124 0.032168 0.029460
2 0.142809 0.377792 0.039967 0.024261
2 0.171566 0.382124 0.072135 0.046790
2 0.114052 0.383857 0.021445 0.032926
2 0.070186 0.387034 0.077984 0.053145
4 0.017546 0.392811 0.035093 0.045057
2 0.616251 0.405520 0.156944 0.242618
2 0.680172 0.355263 0.012672 0.022528
2 0.687483 0.372593 0.015596 0.029460
2 0.783918 0.377792 0.012672 0.055455
2 0.930951 0.398588 0.050690 0.041591
2 0.980179 0.405520 0.036067 0.048523
8 0.451601 0.330947 0.013647 0.032926
8 0.475218 0.335333 0.010722 0.032926
