2 0.034417 0.404029 0.068835 0.116546
2 0.303886 0.403057 0.009560 0.029136
2 0.336665 0.432801 0.015023 0.019424
2 0.328470 0.432801 0.012292 0.019424
3 0.476999 0.373921 0.117457 0.177248
2 0.445586 0.566951 0.229451 0.376349
2 0.648405 0.525674 0.146138 0.157823
7 0.546996 0.352068 0.009560 0.029136
7 0.922450 0.167293 0.021852 0.031564
7 0.585647 0.413741 0.010926 0.019424
8 0.304569 0.399415 0.010926 0.021852
8 0.400174 0.316861 0.019120 0.026708
8 0.566526 0.378777 0.021852 0.019424
8 0.564068 0.402450 0.015023 0.033992
8 0.972779 0.133254 0.049168 0.083132
0 0.830054 0.505036 0.028681 0.145683
0 0.857370 0.524460 0.036876 0.150539
0 0.900392 0.500180 0.040973 0.116546
0 0.647039 0.437050 0.015023 0.033992
0 0.678452 0.450405 0.015023 0.031564
0 0.701671 0.466187 0.020486 0.053417
0 0.731035 0.490468 0.038241 0.131115
0 0.716011 0.467401 0.016389 0.065557
0 0.236621 0.435836 0.019120 0.084982
0 0.259157 0.429766 0.017755 0.058273
0 0.299106 0.429523 0.008194 0.041277
0 0.291594 0.423453 0.009560 0.043705
0 0.577726 0.450647 0.010926 0.033992
8 0.967291 0.204059 0.061469 0.055670
