2 0.985082 0.569660 0.028846 0.207905
2 0.637360 0.469866 0.078744 0.066529
2 0.701680 0.469173 0.110709 0.076232
2 0.792119 0.461550 0.120065 0.052669
2 0.847474 0.444917 0.043660 0.038809
2 0.891134 0.438680 0.035863 0.040195
2 0.940252 0.439373 0.026507 0.044353
2 0.983770 0.433026 0.032459 0.057048
2 0.364874 0.524614 0.024948 0.029106
2 0.276774 0.531544 0.018711 0.034650
2 0.290807 0.526693 0.009355 0.030492
2 0.301722 0.523921 0.012474 0.016632
7 0.068218 0.241170 0.019491 0.036036
7 0.569141 0.015941 0.012474 0.023566
7 0.546531 0.023562 0.015592 0.036036
7 0.085371 0.225923 0.017931 0.060985
7 0.427635 0.454619 0.010135 0.022176
7 0.701291 0.318788 0.021050 0.038809
7 0.679461 0.327797 0.019491 0.040195
8 0.673613 0.255723 0.023389 0.056827
8 0.671664 0.203747 0.030406 0.033264
8 0.099183 0.309241 0.047985 0.029857
8 0.066192 0.358293 0.022793 0.051184
