7 0.745142 0.345253 0.031219 0.089782
7 0.430649 0.469316 0.021119 0.070193
7 0.410907 0.526451 0.023873 0.040810
7 0.721727 0.343621 0.022955 0.083252
7 0.766720 0.336275 0.021119 0.088149
7 0.394838 0.608887 0.028465 0.039177
7 0.426976 0.549304 0.013773 0.073458
8 0.421926 0.603990 0.029383 0.039177
8 0.611999 0.528083 0.036729 0.044074
7 0.607867 0.591747 0.033974 0.040810
2 0.700809 0.667400 0.027948 0.040846
2 0.684080 0.677992 0.045911 0.052237
2 0.668011 0.690235 0.054175 0.060399
2 0.651024 0.708192 0.060603 0.079987
2 0.839260 0.669014 0.034892 0.050604
2 0.879203 0.681257 0.056011 0.065296
2 0.909964 0.690235 0.038565 0.057134
2 0.949448 0.702478 0.073458 0.088149
2 0.980668 0.709008 0.036729 0.088149
