2 0.139055 0.459717 0.195520 0.251162
2 0.423505 0.586419 0.312832 0.419351
2 0.601365 0.502325 0.143801 0.228737
2 0.812022 0.616918 0.373380 0.744966
8 0.066524 0.172674 0.047933 0.031395
8 0.231260 0.228363 0.017659 0.029152
8 0.234413 0.191361 0.013875 0.017940
8 0.250181 0.195847 0.012614 0.017940
7 0.237567 0.300124 0.020182 0.029152
7 0.361186 0.219393 0.012614 0.033637
7 0.586349 0.267607 0.011352 0.026910
7 0.407228 0.331519 0.011352 0.020182
7 0.455792 0.350954 0.010091 0.020182
7 0.359924 0.349833 0.010091 0.022425
7 0.347941 0.341984 0.008829 0.024667
7 0.415427 0.359177 0.010091 0.015697
7 0.382630 0.351328 0.010091 0.017940
