2 0.925580 0.826637 0.145246 0.339666
2 0.779358 0.728723 0.303165 0.355263
2 0.624364 0.702728 0.051664 0.081450
2 0.613641 0.681932 0.065312 0.071052
2 0.575624 0.678466 0.034118 0.064120
2 0.556615 0.669801 0.025345 0.032926
2 0.268072 0.681932 0.165717 0.157702
2 0.351905 0.662869 0.083833 0.140372
2 0.396259 0.667201 0.038017 0.090115
2 0.419167 0.666335 0.029244 0.074518
2 0.434276 0.668068 0.018521 0.057188
2 0.453285 0.662869 0.021445 0.039858
2 0.466445 0.656803 0.014622 0.031193
2 0.479605 0.661136 0.011697 0.025994
2 0.491303 0.661136 0.011697 0.019062
2 0.502026 0.664602 0.011697 0.019062
