7 0.564257 0.457499 0.012656 0.044999
7 0.468281 0.461249 0.012656 0.033749
7 0.199335 0.459917 0.010546 0.053585
7 0.211992 0.463124 0.010546 0.044999
7 0.584296 0.566249 0.012656 0.029999
7 0.424511 0.600937 0.007382 0.031874
7 0.350156 0.610312 0.006328 0.024374
2 0.315878 0.644687 0.020039 0.028124
2 0.290566 0.653124 0.020039 0.026249
2 0.263165 0.653144 0.035859 0.039374
4 0.185645 0.662519 0.112851 0.091874
2 0.405020 0.630644 0.020039 0.028124
2 0.363888 0.640019 0.028476 0.031874
2 0.052207 0.704999 0.102304 0.086249
2 0.933925 0.624374 0.129726 0.112499
