2 0.267946 0.468028 0.030421 0.024961
2 0.241619 0.470108 0.031591 0.029121
2 0.214122 0.472188 0.025741 0.037442
2 0.186041 0.480508 0.037442 0.041602
2 0.150939 0.489869 0.042122 0.043682
2 0.030421 0.495069 0.060843 0.074884
2 0.317674 0.473228 0.033932 0.064483
2 0.418885 0.472188 0.014040 0.037442
2 0.434096 0.473436 0.028081 0.058243
2 0.458082 0.478636 0.054993 0.072804
2 0.476218 0.493197 0.077224 0.093605
2 0.568654 0.513998 0.133387 0.156009
2 0.710817 0.546864 0.260925 0.297457
2 0.870123 0.565863 0.255014 0.672434
2 0.369976 0.507342 0.100626 0.156009
2 0.094424 0.491741 0.066694 0.074884
8 0.424150 0.434746 0.010530 0.024961
7 0.321769 0.423305 0.009360 0.022881
7 0.377932 0.422265 0.007020 0.016640
