8 0.479542 0.374704 0.050226 0.034015
8 0.514820 0.393838 0.015546 0.021259
8 0.017852 0.179949 0.025113 0.057401
8 0.019646 0.223532 0.033484 0.021259
8 0.656445 0.076231 0.037071 0.102047
8 0.898949 0.182530 0.038267 0.025511
8 0.878022 0.227176 0.041855 0.025511
8 0.889980 0.255877 0.020329 0.031889
7 0.587682 0.052086 0.026309 0.095669
7 0.558982 0.051023 0.026309 0.093543
7 0.008883 0.256788 0.016742 0.048897
7 0.899547 0.329072 0.027504 0.040393
7 0.864867 0.325579 0.010762 0.038267
0 0.732382 0.473942 0.038267 0.184960
5 0.740753 0.532407 0.052618 0.076535
3 0.202613 0.460123 0.145895 0.153070
2 0.444264 0.490571 0.017937 0.063779
2 0.318698 0.501200 0.034680 0.029763
2 0.391646 0.491102 0.112411 0.150944
2 0.095669 0.524055 0.191338 0.263622
