4 0.079134 0.415065 0.158268 0.458882
4 0.895033 0.461550 0.208944 0.207905
0 0.951557 0.550256 0.039761 0.185728
0 0.866186 0.526000 0.035863 0.137217
0 0.750408 0.514219 0.011694 0.080390
0 0.727409 0.501745 0.026507 0.091478
0 0.708697 0.519763 0.010915 0.072073
0 0.685308 0.505903 0.023389 0.097022
0 0.702070 0.496201 0.010135 0.094250
0 0.710257 0.475410 0.009355 0.030492
0 0.734815 0.505903 0.011694 0.088706
0 0.653342 0.494815 0.024948 0.088706
7 0.694664 0.401950 0.015592 0.027720
7 0.490397 0.262653 0.009355 0.048511
7 0.348501 0.427592 0.003118 0.020790
8 0.579666 0.279979 0.056914 0.027720
8 0.679071 0.316016 0.026507 0.019404
8 0.689986 0.344430 0.023389 0.018018
2 0.160217 0.496894 0.066269 0.109496
2 0.205436 0.507982 0.072507 0.101180
2 0.364484 0.498973 0.052236 0.066529
4 0.341874 0.456005 0.017931 0.024948
2 0.499839 0.487938 0.029003 0.060877
2 0.536006 0.514912 0.013253 0.040195
4 0.393720 0.472638 0.029626 0.069301
4 0.502091 0.451847 0.026507 0.044353
4 0.547700 0.469866 0.064710 0.108110
4 0.474414 0.445610 0.021050 0.034650
2 0.292367 0.490656 0.099794 0.158008
2 0.444787 0.514219 0.106811 0.191273
2 0.576937 0.495508 0.068608 0.115041
