2 0.142024 0.380006 0.039212 0.056108
2 0.312357 0.365554 0.015302 0.027204
2 0.324790 0.368104 0.019127 0.022103
2 0.378826 0.364704 0.008607 0.015302
2 0.371175 0.365554 0.010520 0.013602
2 0.357786 0.364704 0.018171 0.018702
2 0.410196 0.360453 0.021997 0.020403
2 0.440705 0.363854 0.015302 0.023803
2 0.452182 0.366404 0.021040 0.035705
2 0.464137 0.372355 0.018171 0.040806
2 0.483743 0.369804 0.036342 0.056108
2 0.390112 0.361303 0.021997 0.025503
2 0.512148 0.378589 0.054514 0.068010
2 0.235113 0.375189 0.157804 0.204030
8 0.492637 0.277991 0.018171 0.025503
8 0.496463 0.306895 0.008607 0.011901
8 0.391546 0.326448 0.009563 0.017002
8 0.403023 0.344301 0.019127 0.015302
8 0.449408 0.328148 0.008607 0.017002
2 0.760809 0.416561 0.290743 0.283942
8 0.773402 0.124968 0.030604 0.045906
