2 0.337449 0.526124 0.022955 0.040810
2 0.426517 0.510616 0.010100 0.016324
2 0.439372 0.504903 0.008264 0.017956
2 0.417334 0.511432 0.010100 0.014691
2 0.406775 0.510616 0.014691 0.022853
2 0.397592 0.515513 0.020201 0.026118
2 0.376473 0.517962 0.025710 0.027750
2 0.307606 0.531838 0.042238 0.045707
2 0.492262 0.503270 0.008264 0.014691
2 0.496394 0.508984 0.009182 0.013059
2 0.506954 0.509800 0.013773 0.021221
2 0.477662 0.504903 0.012855 0.021221
2 0.457461 0.499189 0.009182 0.013059
2 0.540561 0.518778 0.037647 0.052237
2 0.258481 0.537877 0.065194 0.065296
2 0.062031 0.570497 0.123042 0.163240
8 0.517487 0.470599 0.009182 0.013059
