7 0.174075 0.417109 0.015137 0.047092
7 0.508982 0.468687 0.006307 0.038122
7 0.329861 0.481021 0.003784 0.022425
7 0.496999 0.466444 0.012614 0.042607
7 0.323554 0.482142 0.008829 0.029152
7 0.264898 0.559509 0.010091 0.017940
7 0.128664 0.529235 0.020182 0.029152
8 0.100913 0.384592 0.032796 0.085215
8 0.153893 0.313953 0.020182 0.069518
8 0.134341 0.426079 0.031535 0.020182
8 0.148216 0.450747 0.031535 0.020182
8 0.358873 0.457474 0.025228 0.078488
8 0.484484 0.441578 0.127204 0.055666
8 0.493845 0.574085 0.011352 0.020182
8 0.587821 0.538205 0.025228 0.020182
8 0.577099 0.561752 0.018921 0.031395
0 0.256698 0.616693 0.011352 0.060548
2 0.288955 0.625824 0.059286 0.060548
2 0.083974 0.609005 0.068116 0.080730
2 0.647288 0.695662 0.176598 0.239949
2 0.826529 0.807308 0.344367 0.381228
2 0.453779 0.786004 0.423836 0.423836
8 0.447748 0.509818 0.016059 0.024471
8 0.524603 0.520015 0.011470 0.016314
8 0.212922 0.428823 0.011911 0.015882
8 0.211433 0.447353 0.011911 0.021176
8 0.405446 0.516176 0.022334 0.042352
