7 0.378712 0.215757 0.016571 0.095314
8 0.380175 0.374326 0.029244 0.055455
4 0.935328 0.508633 0.125750 0.150770
2 0.806653 0.499101 0.092606 0.076251
2 0.696987 0.495635 0.107228 0.110911
2 0.496177 0.464441 0.058488 0.090115
2 0.233466 0.453177 0.069211 0.064120
2 0.282694 0.448844 0.038992 0.058921
2 0.312425 0.444512 0.034118 0.064120
2 0.340207 0.447111 0.021445 0.041591
2 0.354342 0.442779 0.030219 0.043324
2 0.369939 0.444512 0.010722 0.032926
2 0.430377 0.445378 0.030219 0.041591
2 0.402108 0.436713 0.032168 0.048523
2 0.623389 0.467907 0.047765 0.069319
2 0.526396 0.450577 0.015596 0.034659
2 0.590733 0.454910 0.027294 0.025994
2 0.576111 0.451444 0.015596 0.029460
2 0.562951 0.453177 0.016571 0.029460
2 0.551741 0.448844 0.007798 0.024261
2 0.545892 0.445378 0.007798 0.017329
4 0.534682 0.437580 0.020470 0.036392
2 0.454747 0.438446 0.010722 0.027727
2 0.329324 0.718705 0.001365 0.019424
2 0.457025 0.410168 0.024584 0.012140
2 0.449513 0.393172 0.020486 0.016996
8 0.246011 0.350681 0.017755 0.014568
8 0.246694 0.374961 0.016389 0.019424
