7 0.514259 0.302487 0.007197 0.023459
7 0.444680 0.287559 0.007197 0.023459
7 0.432684 0.300355 0.007197 0.019194
8 0.609031 0.300355 0.009597 0.023459
8 0.577840 0.309952 0.009597 0.017061
8 0.090785 0.255568 0.023992 0.023459
8 0.084787 0.224644 0.026392 0.017061
8 0.073390 0.206516 0.022793 0.014928
8 0.084787 0.170260 0.021593 0.027725
2 0.192155 0.354739 0.029991 0.034123
2 0.153766 0.355805 0.032390 0.036255
2 0.347509 0.353672 0.033590 0.049052
2 0.403292 0.341942 0.020393 0.042654
2 0.445280 0.349407 0.013196 0.019194
2 0.553848 0.350473 0.040787 0.068246
2 0.592236 0.350473 0.035989 0.042654
2 0.675012 0.346208 0.023992 0.042654
2 0.951529 0.356871 0.063581 0.072511
2 0.716399 0.347274 0.044386 0.044786
2 0.378100 0.349407 0.049185 0.061848
2 0.250338 0.379265 0.127162 0.117298
2 0.067586 0.388862 0.135172 0.153554
2 0.493266 0.393127 0.111566 0.166350
2 0.836906 0.449644 0.326187 0.296445
