8 0.160700 0.170619 0.041868 0.012235
8 0.161560 0.186423 0.052766 0.027530
8 0.445752 0.323055 0.015485 0.009176
8 0.427112 0.306740 0.006882 0.017333
8 0.437436 0.349565 0.006882 0.013255
8 0.670200 0.196620 0.055633 0.025490
8 0.767129 0.231287 0.028103 0.013255
8 0.757666 0.245052 0.027530 0.014274
8 0.340507 0.337330 0.012618 0.021412
8 0.337065 0.361801 0.009176 0.019373
8 0.577477 0.322545 0.018927 0.010196
8 0.596404 0.334780 0.010897 0.008157
7 0.199988 0.152265 0.013765 0.065256
7 0.188804 0.156344 0.012044 0.065256
7 0.586080 0.187953 0.017779 0.057099
7 0.465253 0.315917 0.008603 0.019373
7 0.488481 0.335800 0.008029 0.016314
7 0.563042 0.312348 0.010323 0.020392
7 0.540387 0.334780 0.010897 0.014274
2 0.409332 0.377605 0.020647 0.026510
2 0.163568 0.408194 0.043015 0.050981
2 0.074094 0.425528 0.029250 0.065256
2 0.557020 0.368938 0.013191 0.019373
2 0.275409 0.389841 0.060222 0.063217
2 0.270247 0.479569 0.005161 0.002039
2 0.337065 0.392390 0.041295 0.041805
2 0.444032 0.374546 0.024662 0.036706
2 0.514578 0.403096 0.067104 0.106042
2 0.573271 0.379644 0.015485 0.032628
2 0.598507 0.381684 0.024662 0.030589
2 0.692855 0.426548 0.142239 0.197809
2 0.969209 0.500472 0.060222 0.209025
