2 0.979681 0.608280 0.038992 0.124775
2 0.561001 0.575353 0.030219 0.045057
2 0.599994 0.577086 0.047765 0.058921
2 0.650196 0.569287 0.037042 0.036392
2 0.677004 0.575353 0.016571 0.020795
2 0.693088 0.576219 0.013647 0.019062
7 0.469369 0.555423 0.006823 0.015596
7 0.473756 0.550224 0.009748 0.015596
8 0.501538 0.542426 0.008773 0.017329
7 0.519085 0.494769 0.008773 0.015596
7 0.833460 0.431514 0.015596 0.024261
8 0.834435 0.399454 0.015596 0.025994
8 0.623877 0.350064 0.169616 0.100513
7 0.717458 0.299807 0.013647 0.027727
8 0.518597 0.473973 0.011697 0.015596
7 0.337283 0.514698 0.007798 0.020795
8 0.457184 0.553690 0.009748 0.019062
1 0.420142 0.587484 0.025345 0.107445
5 0.425991 0.609146 0.040941 0.077984
