8 0.520534 0.463585 0.009560 0.021852
8 0.711061 0.406526 0.035510 0.063129
8 0.390101 0.486652 0.010926 0.019424
8 0.057533 0.429593 0.028681 0.065557
2 0.468634 0.498792 0.020486 0.029136
2 0.436538 0.501220 0.019120 0.024280
2 0.403076 0.514575 0.034144 0.046133
2 0.557410 0.525501 0.055997 0.082554
2 0.498681 0.501220 0.009560 0.024280
2 0.513022 0.500006 0.024584 0.031564
2 0.836030 0.546139 0.173454 0.104406
2 0.316349 0.503648 0.030047 0.033992
2 0.278107 0.520645 0.049168 0.082554
2 0.325910 0.552210 0.073752 0.092266
2 0.226207 0.548568 0.076483 0.080125
2 0.698596 0.517952 0.095867 0.074003
