2 0.033888 0.540069 0.067776 0.242805
4 0.200940 0.435663 0.181649 0.165108
2 0.923175 0.458729 0.145609 0.133543
4 0.485023 0.390744 0.045070 0.075269
2 0.306789 0.433235 0.030047 0.058273
2 0.347762 0.423522 0.057362 0.063129
2 0.387370 0.421094 0.035510 0.048561
2 0.409905 0.413810 0.023218 0.033992
2 0.427660 0.421094 0.015023 0.033992
2 0.442684 0.418666 0.015023 0.019424
2 0.449513 0.411382 0.012292 0.033992
2 0.514388 0.410168 0.010926 0.031564
2 0.523265 0.415024 0.015023 0.021852
2 0.534874 0.412596 0.010926 0.021852
2 0.844907 0.438091 0.071020 0.092266
2 0.812128 0.421094 0.068289 0.082554
2 0.782081 0.411382 0.043705 0.067985
2 0.760912 0.408954 0.039607 0.072841
2 0.737010 0.405312 0.027315 0.055845
2 0.722670 0.413810 0.023218 0.033992
2 0.711061 0.408954 0.021852 0.024280
2 0.704914 0.406526 0.020486 0.029136
2 0.640497 0.395888 0.021532 0.038619
2 0.660717 0.401196 0.015064 0.031471
2 0.610163 0.401843 0.017755 0.016996
0 0.551264 0.400456 0.005463 0.031564
8 0.802568 0.327614 0.027315 0.041277
8 0.754766 0.310618 0.013657 0.016996
8 0.757497 0.350681 0.005463 0.024280
8 0.767058 0.348253 0.005463 0.029136
8 0.463171 0.342182 0.025949 0.016996
7 0.347762 0.093306 0.016389 0.072841
7 0.578955 0.330216 0.006828 0.024280
7 0.683438 0.331430 0.005463 0.021852
2 0.573839 0.408893 0.028601 0.016077
2 0.594969 0.398722 0.008194 0.021852
8 0.162698 0.276625 0.025949 0.046133
