7 0.197412 0.300498 0.013875 0.044850
7 0.233993 0.310589 0.013875 0.042607
7 0.227686 0.423836 0.006307 0.022425
7 0.213810 0.391320 0.011352 0.011212
7 0.675279 0.393562 0.007568 0.038122
7 0.690416 0.394684 0.010091 0.031395
7 0.628607 0.429443 0.005045 0.029152
7 0.530847 0.418230 0.003784 0.020182
7 0.539515 0.412273 0.006882 0.030589
7 0.545774 0.414493 0.005045 0.029152
7 0.218856 0.306478 0.011352 0.053820
7 0.785654 0.344601 0.013875 0.053820
7 0.689996 0.429816 0.012614 0.031395
7 0.803524 0.460091 0.015137 0.033637
8 0.751595 0.381602 0.023966 0.029152
8 0.313462 0.495597 0.008829 0.017940
8 0.034689 0.481021 0.018921 0.024667
8 0.643113 0.482890 0.011352 0.008970
8 0.678433 0.439160 0.006307 0.042607
8 0.678433 0.479526 0.006307 0.033637
8 0.208134 0.458596 0.020182 0.020182
8 0.812143 0.389825 0.006307 0.020182
0 0.994418 0.609966 0.007568 0.112126
0 0.058025 0.534841 0.017659 0.065033
0 0.280035 0.550539 0.007568 0.051578
0 0.242192 0.523629 0.012614 0.020182
0 0.013244 0.568479 0.026489 0.114368
0 0.035319 0.576328 0.022705 0.121096
0 0.055502 0.568479 0.022705 0.127823
0 0.085906 0.547470 0.025487 0.108230
0 0.132449 0.532599 0.022705 0.087458
0 0.264267 0.549418 0.013875 0.049335
0 0.602117 0.590531 0.042888 0.130066
0 0.664347 0.587541 0.022705 0.094185
0 0.707235 0.595389 0.022705 0.105398
0 0.863862 0.604360 0.026489 0.118853
0 0.957207 0.615572 0.018921 0.100913
2 0.757272 0.577449 0.085776 0.065033
2 0.878999 0.575207 0.107220 0.060548
2 0.981174 0.577449 0.034058 0.082973
8 0.635965 0.546054 0.008829 0.029152
2 0.320400 0.541943 0.085776 0.071760
2 0.400500 0.501203 0.034058 0.015697
2 0.201196 0.543438 0.119834 0.062790
2 0.434769 0.653321 0.242192 0.454484
2 0.972974 0.853280 0.052979 0.226494
2 0.981804 0.585298 0.032796 0.053820
7 0.207623 0.492484 0.009176 0.018353
3 0.501088 0.526472 0.056207 0.059138
0 0.628415 0.457137 0.008029 0.018353
