8 0.655558 0.405866 0.012672 0.031193
8 0.523959 0.434461 0.010722 0.015596
8 0.519085 0.417997 0.010722 0.006931
8 0.492765 0.432728 0.008773 0.008664
8 0.547842 0.424929 0.007798 0.013863
8 0.546867 0.409332 0.009748 0.010397
2 0.429402 0.467387 0.014622 0.015596
2 0.414780 0.472586 0.008773 0.008664
2 0.408931 0.472586 0.010722 0.015596
2 0.401620 0.475186 0.011697 0.017329
2 0.393822 0.477785 0.011697 0.019062
2 0.338745 0.486450 0.012672 0.025994
2 0.277820 0.498581 0.021445 0.046790
2 0.261248 0.499448 0.029244 0.048523
2 0.244189 0.502914 0.034118 0.051989
2 0.204709 0.504647 0.062387 0.079717
2 0.144758 0.518511 0.077009 0.086649
2 0.456210 0.467387 0.013647 0.019062
2 0.465958 0.469987 0.009748 0.024261
2 0.551253 0.465654 0.036067 0.032926
2 0.621440 0.457856 0.034118 0.038125
2 0.601943 0.484717 0.045815 0.081450
2 0.380175 0.476052 0.023395 0.029460
2 0.476193 0.469987 0.018521 0.024261
2 0.309014 0.487317 0.056538 0.065853
2 0.694063 0.508979 0.167666 0.195828
2 0.056051 0.546238 0.112102 0.107445
2 0.993816 0.661482 0.010722 0.164634
