8 0.672453 0.187217 0.063042 0.028018
8 0.755554 0.258537 0.028655 0.084056
8 0.654543 0.345141 0.015760 0.038207
7 0.587919 0.163019 0.014327 0.071320
7 0.573591 0.168113 0.014327 0.071320
7 0.389103 0.344595 0.002865 0.020377
7 0.384088 0.344595 0.007163 0.020377
7 0.513755 0.350963 0.008596 0.022924
8 0.535247 0.356967 0.017193 0.015283
2 0.518770 0.421193 0.015760 0.033113
2 0.533098 0.422466 0.024357 0.030566
2 0.553157 0.416098 0.018626 0.038207
2 0.564619 0.422466 0.018626 0.045849
2 0.588260 0.423740 0.037252 0.053490
2 0.667063 0.445391 0.085967 0.071320
2 0.801745 0.464495 0.088832 0.129905
2 0.881264 0.553646 0.233543 0.318396
6 0.394834 0.451759 0.017193 0.033113
1 0.398416 0.422648 0.010029 0.028018
2 0.407729 0.428834 0.028655 0.063679
3 0.371193 0.412277 0.053013 0.076415
2 0.232213 0.431381 0.041550 0.068773
2 0.303136 0.477230 0.126085 0.150283
2 0.136592 0.519623 0.269363 0.438113
