7 0.413826 0.414984 0.009360 0.022881
7 0.533759 0.426425 0.010530 0.020801
8 0.395105 0.412904 0.023401 0.014560
8 0.548970 0.454507 0.012870 0.018721
7 0.409731 0.463867 0.008190 0.020801
2 0.508017 0.496109 0.012870 0.022881
2 0.594017 0.512750 0.023401 0.022881
4 0.527908 0.488829 0.022231 0.045762
2 0.488711 0.498189 0.018721 0.022881
2 0.375799 0.492989 0.029251 0.029121
2 0.351228 0.487789 0.036272 0.043682
1 0.458289 0.487789 0.007020 0.022881
5 0.459459 0.503390 0.007020 0.020801
2 0.665392 0.515870 0.025741 0.016640
2 0.695813 0.518991 0.030421 0.022881
2 0.930998 0.552273 0.135728 0.230893
