2 0.443917 0.472499 0.014976 0.029999
2 0.452777 0.473437 0.009070 0.024374
2 0.427675 0.480937 0.030585 0.058124
2 0.397089 0.498749 0.051679 0.071249
2 0.490007 0.462187 0.012656 0.024374
2 0.496335 0.468749 0.014765 0.033749
2 0.510046 0.476249 0.025312 0.052499
2 0.531140 0.484687 0.040078 0.076874
7 0.468386 0.456562 0.007382 0.016874
7 0.481042 0.456562 0.007382 0.020624
2 0.459949 0.467812 0.011601 0.020624
2 0.349101 0.525937 0.092812 0.116249
2 0.571745 0.506062 0.074882 0.114374
8 0.673523 0.310124 0.040078 0.138749
