2 0.551599 0.601539 0.045999 0.069301
2 0.638139 0.604311 0.045999 0.060985
2 0.606564 0.598074 0.034304 0.042967
1 0.579666 0.591837 0.016372 0.038809
6 0.581615 0.609163 0.010915 0.037422
2 0.114997 0.585600 0.033524 0.034650
8 0.102913 0.511447 0.012474 0.024948
0 0.076015 0.583521 0.010135 0.052669
0 0.082252 0.572176 0.008576 0.058727
0 0.088879 0.579363 0.010915 0.049897
8 0.865406 0.425513 0.029626 0.041581
8 0.911405 0.472638 0.040541 0.030492
8 0.492326 0.508490 0.014586 0.025932
2 0.017824 0.582473 0.033463 0.054915
