7 0.475684 0.255990 0.011462 0.022924
7 0.444163 0.257264 0.011462 0.020377
2 0.385992 0.331387 0.034386 0.033113
2 0.348739 0.330113 0.051580 0.056037
2 0.314352 0.345396 0.031521 0.050943
2 0.284264 0.351764 0.057311 0.068773
2 0.468377 0.298273 0.041550 0.068773
2 0.017193 0.377236 0.034386 0.078962
2 0.096712 0.406528 0.181963 0.152830
2 0.453619 0.350490 0.083101 0.127358
8 0.027939 0.234339 0.038685 0.030566
7 0.202309 0.266179 0.022924 0.033113
7 0.578701 0.245802 0.012895 0.033113
8 0.591883 0.191037 0.012895 0.030566
8 0.584719 0.161745 0.015760 0.038207
