8 0.065149 0.433394 0.021015 0.014944
8 0.117689 0.419695 0.047636 0.022416
7 0.053940 0.540498 0.009807 0.019926
7 0.156918 0.414714 0.016812 0.047324
7 0.455344 0.430904 0.014010 0.039852
8 0.666905 0.333763 0.036427 0.019926
8 0.596852 0.472001 0.022416 0.012453
8 0.543611 0.435885 0.022416 0.024907
8 0.506483 0.493173 0.037828 0.024907
8 0.522595 0.534271 0.011208 0.007472
8 0.406307 0.531780 0.016812 0.007472
7 0.694926 0.485701 0.030823 0.039852
7 0.505082 0.532029 0.012609 0.014944
7 0.428724 0.532029 0.014010 0.019926
7 0.057443 0.518330 0.011208 0.017435
7 0.175132 0.402509 0.011208 0.039852
2 0.456745 0.585332 0.022416 0.029889
2 0.396500 0.584086 0.025219 0.027398
2 0.295623 0.611485 0.044833 0.077214
2 0.497376 0.584086 0.025219 0.032380
2 0.265501 0.605258 0.029422 0.044833
2 0.522595 0.585332 0.028021 0.044833
2 0.540109 0.597786 0.035026 0.054797
2 0.595451 0.631411 0.089667 0.171863
2 0.625573 0.661300 0.079860 0.221679
2 0.430125 0.600276 0.044833 0.054797
2 0.355869 0.617712 0.089667 0.094649
2 0.198950 0.617712 0.100876 0.094649
2 0.805084 0.693858 0.389495 0.592804
