2 0.264466 0.431142 0.009359 0.013311
2 0.274138 0.434469 0.006239 0.015529
2 0.313760 0.438907 0.009359 0.006655
2 0.483169 0.464420 0.033694 0.039934
2 0.479113 0.437243 0.021839 0.021076
2 0.507504 0.453327 0.012479 0.022185
2 0.343087 0.453882 0.025582 0.036606
2 0.365550 0.481614 0.063021 0.080977
2 0.533711 0.471076 0.017471 0.031059
2 0.518111 0.463865 0.014975 0.029950
2 0.665369 0.481614 0.054909 0.043262
2 0.664745 0.451109 0.016223 0.013311
2 0.594236 0.452218 0.029950 0.042152
2 0.561789 0.471630 0.042430 0.036606
2 0.751899 0.507519 0.059901 0.049917
2 0.753771 0.465921 0.056157 0.033278
8 0.366908 0.409347 0.014975 0.031059
8 0.518845 0.411011 0.011855 0.012202
8 0.621800 0.381615 0.031822 0.028841
8 0.576562 0.342790 0.017471 0.006655
2 0.323061 0.434284 0.013103 0.017748
2 0.303718 0.436503 0.010607 0.015529
2 0.291239 0.434284 0.011855 0.015529
2 0.278759 0.430957 0.010607 0.017748
2 0.439744 0.455361 0.015599 0.019967
2 0.427265 0.456470 0.015599 0.022185
2 0.416033 0.444268 0.013103 0.017748
2 0.401058 0.444823 0.018095 0.021076
2 0.381715 0.434284 0.020591 0.017748
2 0.361124 0.434839 0.021839 0.016639
2 0.348956 0.434284 0.017471 0.017748
2 0.338661 0.434284 0.015599 0.017748
2 0.252864 0.428738 0.011231 0.015529
7 0.129349 0.371055 0.013103 0.018857
7 0.931154 0.397123 0.014351 0.017748
2 0.783823 0.450889 0.021215 0.017748
2 0.801918 0.454772 0.018719 0.018857
2 0.825317 0.454772 0.025582 0.027732
2 0.983806 0.463646 0.031822 0.034387
2 0.947927 0.466419 0.017471 0.024404
2 0.534858 0.438687 0.018719 0.019967
2 0.518322 0.437023 0.016847 0.018857
