2 0.485156 0.424285 0.011192 0.006122
2 0.484295 0.437296 0.009470 0.013775
2 0.484295 0.447245 0.007748 0.009183
2 0.502806 0.372245 0.008609 0.012244
2 0.507972 0.402857 0.008609 0.009183
2 0.522178 0.449541 0.011192 0.013775
2 0.524330 0.463316 0.008609 0.016836
2 0.529065 0.467908 0.012914 0.019897
2 0.532509 0.472500 0.012914 0.016836
2 0.536814 0.485510 0.016358 0.024489
2 0.551451 0.487041 0.018080 0.027551
2 0.567809 0.488571 0.030133 0.039795
2 0.589764 0.496990 0.024107 0.044387
0 0.632812 0.472500 0.013775 0.047449
0 0.402933 0.508928 0.027551 0.136224
2 0.384078 0.518112 0.033577 0.078061
2 0.340169 0.536479 0.081792 0.114795
2 0.239866 0.582398 0.154974 0.228061
2 0.109835 0.702551 0.218686 0.362973
2 0.449918 0.516035 0.084375 0.131632
2 0.615531 0.505320 0.045631 0.058163
4 0.816530 0.371953 0.361408 0.743847
