7 0.282128 0.493364 0.010796 0.038388
7 0.469308 0.460423 0.008802 0.044555
2 0.322916 0.561610 0.032390 0.081042
2 0.454277 0.558411 0.059982 0.095971
2 0.406891 0.570141 0.070778 0.115165
2 0.525056 0.579738 0.091172 0.125829
7 0.561645 0.422985 0.008397 0.017061
7 0.626426 0.374999 0.013196 0.023459
2 0.646820 0.586137 0.231531 0.219668
5 0.363104 0.619193 0.069579 0.127961
1 0.357706 0.562677 0.051584 0.147156
2 0.078789 0.627724 0.057582 0.051184
2 0.189156 0.622392 0.052784 0.070379
8 0.187797 0.574199 0.017112 0.030273
8 0.573732 0.390490 0.016003 0.029873
