4 0.301703 0.614518 0.018521 0.031193
4 0.281719 0.627516 0.019496 0.036392
4 0.319736 0.614518 0.017546 0.051989
2 0.272458 0.636007 0.012672 0.027727
2 0.250038 0.650738 0.051664 0.081450
2 0.181314 0.675000 0.027294 0.050256
2 0.113077 0.697349 0.079934 0.084557
2 0.223230 0.675866 0.076035 0.103979
2 0.425308 0.697355 0.244676 0.408986
0 0.649124 0.584538 0.022420 0.105712
0 0.906961 0.522497 0.013647 0.091848
5 0.927432 0.542426 0.035093 0.055455
2 0.970323 0.515565 0.056538 0.136906
2 0.899552 0.674826 0.198860 0.325802
5 0.026807 0.721826 0.024370 0.053652
0 0.163280 0.662002 0.010722 0.058921
7 0.276845 0.563222 0.003899 0.017329
7 0.280257 0.562355 0.002924 0.019062
7 0.445487 0.310205 0.021445 0.065853
7 0.460144 0.312451 0.017476 0.070346
8 0.510799 0.367394 0.076035 0.038125
7 0.565388 0.496502 0.029244 0.036392
2 0.298778 0.636441 0.022420 0.027727
8 0.896092 0.185863 0.054589 0.055455
8 0.891218 0.239586 0.038992 0.041591
8 0.875621 0.278578 0.060438 0.050256
8 0.725988 0.431081 0.016571 0.060654
