0 0.681113 0.336796 0.030322 0.110156
0 0.586191 0.333281 0.009228 0.042187
8 0.424033 0.269999 0.017138 0.014062
7 0.364707 0.284062 0.006591 0.018749
2 0.365185 0.316405 0.021093 0.018749
2 0.340795 0.332812 0.017138 0.014062
2 0.353320 0.362109 0.036914 0.077343
2 0.326293 0.360937 0.032958 0.060937
2 0.406054 0.356249 0.081738 0.117187
2 0.297289 0.363280 0.061962 0.103124
2 0.227416 0.366796 0.127880 0.133593
4 0.435717 0.298660 0.046142 0.037499
4 0.510204 0.263504 0.055371 0.023437
2 0.163476 0.395926 0.121288 0.142968
0 0.561620 0.340847 0.005273 0.042187
2 0.497861 0.369609 0.125244 0.189843
2 0.069963 0.400077 0.139927 0.269531
