2 0.368234 0.674226 0.010438 0.030927
2 0.320683 0.656701 0.019716 0.032989
2 0.302126 0.673195 0.033634 0.057731
2 0.289948 0.676288 0.020876 0.059793
2 0.265592 0.678350 0.051030 0.076288
2 0.225579 0.682474 0.056829 0.092783
2 0.154832 0.677319 0.103221 0.144329
2 0.067268 0.683505 0.134536 0.148453
2 0.438982 0.674226 0.031314 0.055670
2 0.521327 0.653608 0.019716 0.018556
2 0.531765 0.681443 0.026675 0.057731
2 0.547422 0.686598 0.037113 0.072164
2 0.580476 0.689690 0.056829 0.103092
2 0.641366 0.700000 0.120618 0.156701
2 0.753286 0.715464 0.183247 0.154639
2 0.926095 0.697938 0.143814 0.226804
2 0.486533 0.676288 0.070747 0.101030
2 0.398389 0.674226 0.063788 0.092783
2 0.340979 0.670103 0.053350 0.068041
7 0.374613 0.561855 0.011597 0.020618
7 0.436662 0.582474 0.010438 0.020618
8 0.615270 0.572165 0.022036 0.049484
8 0.863466 0.452577 0.034793 0.053608
