8 0.194926 0.365137 0.031092 0.059527
2 0.047834 0.559665 0.095669 0.204094
2 0.337234 0.458681 0.064576 0.091417
2 0.447851 0.444862 0.013154 0.017007
2 0.434697 0.444862 0.017937 0.017007
2 0.422738 0.446988 0.013154 0.021259
2 0.475954 0.442736 0.009566 0.012755
2 0.483727 0.443799 0.010762 0.014881
2 0.495088 0.446988 0.011958 0.021259
2 0.461006 0.444862 0.015546 0.017007
2 0.281626 0.479941 0.084906 0.108425
2 0.407790 0.454429 0.023917 0.023385
2 0.540531 0.453366 0.050226 0.059527
8 0.554882 0.408720 0.014350 0.029763
8 0.658324 0.371515 0.013154 0.057401
2 0.966516 0.480017 0.063380 0.180708
7 0.457538 0.425331 0.010438 0.024742
7 0.469716 0.429455 0.011597 0.016494
