8 0.703945 0.327250 0.063418 0.133242
7 0.334964 0.540292 0.018943 0.061496
8 0.172712 0.622288 0.020590 0.040997
7 0.586085 0.606035 0.006588 0.024891
7 0.476050 0.610428 0.008236 0.016106
7 0.423750 0.611160 0.005765 0.014642
2 0.088127 0.728296 0.138367 0.155206
2 0.151133 0.707798 0.025532 0.081995
2 0.172135 0.706333 0.041180 0.070281
2 0.261333 0.754652 0.200138 0.161062
2 0.337929 0.735617 0.065065 0.099566
2 0.388582 0.723172 0.067536 0.106887
2 0.431410 0.719511 0.044475 0.081995
4 0.067124 0.622288 0.134249 0.108351
2 0.070007 0.792722 0.140014 0.243058
2 0.607829 0.811756 0.390394 0.371908
3 0.466990 0.674267 0.042828 0.074674
4 0.248320 0.666068 0.109541 0.071746
