2 0.439619 0.439149 0.017446 0.022853
2 0.408859 0.443230 0.033056 0.044074
2 0.386362 0.447311 0.030301 0.055501
2 0.368457 0.454657 0.031219 0.060399
2 0.296835 0.452208 0.099168 0.146916
2 0.258269 0.487305 0.113860 0.142019
2 0.513996 0.437516 0.015609 0.022853
2 0.566335 0.438332 0.050502 0.070193
2 0.586077 0.447311 0.045911 0.052237
2 0.639793 0.444862 0.090904 0.122430
2 0.876237 0.493018 0.244248 0.215477
2 0.110770 0.559947 0.221540 0.316686
8 0.561744 0.366507 0.019282 0.040810
8 0.562662 0.398339 0.011936 0.019588
