2 0.087306 0.526271 0.079798 0.083898
2 0.263207 0.533135 0.043760 0.061016
2 0.219875 0.530084 0.037754 0.054915
2 0.477290 0.552203 0.060063 0.089999
2 0.287661 0.539237 0.008580 0.036610
2 0.170966 0.517118 0.018877 0.019830
8 0.405214 0.473643 0.024025 0.015254
8 0.391056 0.504152 0.050624 0.054915
8 0.065640 0.386542 0.086663 0.076271
8 0.153591 0.397220 0.065211 0.076271
8 0.541601 0.552050 0.006864 0.022881
8 0.535595 0.554338 0.005148 0.018305
8 0.531304 0.555101 0.005148 0.019830
8 0.506421 0.566542 0.003432 0.015254
8 0.509853 0.562728 0.003432 0.013728
8 0.514143 0.560440 0.003432 0.015254
8 0.518434 0.558152 0.005148 0.016779
8 0.522724 0.555864 0.003432 0.015254
8 0.526585 0.555864 0.006006 0.018305
