7 0.691024 0.192049 0.015773 0.031213
8 0.680636 0.118636 0.019009 0.019565
2 0.333964 0.349861 0.016007 0.037351
2 0.306951 0.348972 0.036017 0.042687
2 0.278937 0.359644 0.028013 0.032015
2 0.260428 0.357865 0.019009 0.028458
2 0.244420 0.357865 0.027013 0.046245
2 0.210403 0.372984 0.059029 0.058695
2 0.174886 0.353419 0.020009 0.030237
2 0.124861 0.390770 0.114056 0.104940
4 0.108853 0.338300 0.072035 0.056917
2 0.040010 0.385737 0.079658 0.093663
2 0.445520 0.350751 0.015007 0.021343
2 0.463028 0.342747 0.012005 0.023122
2 0.482538 0.340968 0.027013 0.044466
2 0.492543 0.356976 0.029014 0.051581
2 0.384990 0.357865 0.088043 0.167193
2 0.555574 0.372984 0.105051 0.186758
2 0.700987 0.356087 0.046340 0.049802
2 0.742666 0.370316 0.071035 0.078260
2 0.950269 0.357865 0.098048 0.088932
