2 0.307337 0.532559 0.011958 0.017007
2 0.290595 0.544252 0.007175 0.031889
2 0.276245 0.542126 0.026309 0.044645
2 0.239173 0.551693 0.019133 0.051023
2 0.226616 0.559134 0.020329 0.048897
4 0.103442 0.583582 0.108823 0.136063
4 0.373907 0.522283 0.021525 0.035433
2 0.373907 0.547795 0.019133 0.021259
2 0.336237 0.586771 0.077731 0.123307
2 0.419350 0.548858 0.033484 0.031889
2 0.511432 0.578622 0.145895 0.180708
8 0.227727 0.415781 0.038267 0.021259
8 0.149995 0.418970 0.014350 0.014881
3 0.771498 0.511299 0.452037 0.333779
7 0.550611 0.408796 0.009566 0.042519
7 0.734774 0.386321 0.011958 0.036445
8 0.743743 0.394673 0.022721 0.014881
8 0.746733 0.329831 0.014350 0.017007
7 0.284616 0.403848 0.011958 0.039507
2 0.207482 0.568700 0.044247 0.057401
2 0.046721 0.625950 0.093442 0.154893
8 0.576572 0.429448 0.038267 0.021259
2 0.859632 0.740976 0.275769 0.499747
8 0.439645 0.502795 0.025113 0.014881
8 0.754838 0.356604 0.021491 0.015283
2 0.263018 0.562561 0.031521 0.040754
8 0.157708 0.447938 0.021491 0.015283
8 0.391252 0.495061 0.015760 0.012735
