2 0.267626 0.295898 0.010546 0.018749
2 0.298608 0.308788 0.011865 0.016406
2 0.278173 0.307616 0.010546 0.014062
2 0.288720 0.309960 0.010546 0.014062
2 0.297289 0.326366 0.011865 0.018749
2 0.315087 0.335741 0.031640 0.046874
2 0.128539 0.316991 0.040869 0.051562
2 0.079101 0.339257 0.073828 0.072656
2 0.181933 0.373241 0.287402 0.173437
8 0.359252 0.250781 0.019775 0.037499
8 0.535121 0.256640 0.006591 0.039843
8 0.083715 0.262499 0.014501 0.042187
0 0.013183 0.316991 0.018457 0.063281
7 0.042867 0.013268 0.016840 0.026537
7 0.022199 0.012247 0.016840 0.023135
