7 0.476193 0.157702 0.014622 0.024261
7 0.393822 0.164634 0.011697 0.017329
7 0.368477 0.175898 0.009748 0.019062
7 0.429402 0.194095 0.008773 0.013863
2 0.457184 0.214890 0.037042 0.041591
2 0.431352 0.227021 0.026319 0.031193
2 0.396259 0.194961 0.016571 0.015596
2 0.351905 0.231354 0.040941 0.060654
2 0.309501 0.230487 0.041916 0.058921
7 0.410881 0.174165 0.014622 0.019062
8 0.483017 0.183697 0.008773 0.017329
8 0.531164 0.146930 0.023160 0.035407
2 0.235903 0.261681 0.111128 0.135173
2 0.399172 0.251647 0.063385 0.099152
2 0.552716 0.221822 0.033143 0.045057
2 0.030706 0.268613 0.061412 0.103979
0 0.583422 0.220956 0.008773 0.050256
