7 0.603640 0.324943 0.014726 0.027318
7 0.342085 0.244125 0.015366 0.066020
7 0.536731 0.488752 0.008963 0.013659
7 0.367682 0.453035 0.007043 0.012521
7 0.604586 0.467263 0.007043 0.025042
8 0.595042 0.411298 0.014086 0.022765
8 0.560467 0.505775 0.019208 0.031871
8 0.385670 0.460244 0.017927 0.025042
2 0.378566 0.541251 0.029452 0.050084
3 0.429789 0.505965 0.076833 0.161635
2 0.498619 0.608410 0.124214 0.202613
2 0.205702 0.501005 0.058265 0.054637
2 0.275172 0.604589 0.158790 0.216273
2 0.132939 0.642902 0.263459 0.462662
0 0.844852 0.656218 0.090920 0.340345
0 0.589059 0.591336 0.033934 0.153667
8 0.537068 0.508810 0.012805 0.022765
8 0.132668 0.355831 0.014958 0.018771
