7 0.408872 0.347343 0.010546 0.028124
7 0.318564 0.350859 0.009228 0.025781
8 0.488633 0.340312 0.014501 0.014062
8 0.495884 0.360234 0.013183 0.016406
0 0.916440 0.422343 0.031640 0.159374
0 0.834043 0.423515 0.027685 0.133593
0 0.813608 0.419999 0.018457 0.154687
0 0.799106 0.405937 0.021093 0.121874
0 0.776694 0.415312 0.023730 0.126562
0 0.760874 0.419999 0.023730 0.131249
0 0.729892 0.425859 0.032958 0.142968
2 0.285605 0.489140 0.088330 0.175781
2 0.209800 0.430546 0.029003 0.058593
2 0.282309 0.442265 0.116015 0.142968
2 0.134653 0.449296 0.166113 0.175781
2 0.579599 0.421171 0.046142 0.067968
2 0.644858 0.461015 0.129199 0.157031
2 0.427988 0.628593 0.470653 0.496874
2 0.106218 0.632108 0.212436 0.461718
0 0.096993 0.387323 0.055564 0.105712
