2 0.470717 0.504300 0.013418 0.020795
2 0.452798 0.504300 0.012672 0.017329
2 0.419167 0.504300 0.023395 0.031193
2 0.392360 0.512965 0.016571 0.034659
2 0.379200 0.518164 0.013647 0.038125
2 0.360678 0.520764 0.015596 0.039858
2 0.335821 0.527695 0.038017 0.060654
2 0.300728 0.542426 0.065312 0.069319
2 0.435739 0.506033 0.013647 0.020795
2 0.491671 0.499968 0.016334 0.019062
2 0.518110 0.499968 0.006823 0.019062
2 0.525908 0.509499 0.004874 0.027727
2 0.536631 0.502567 0.018521 0.041591
2 0.549304 0.510366 0.014622 0.039858
2 0.561001 0.512965 0.024370 0.048523
2 0.570262 0.520764 0.025345 0.046790
2 0.602918 0.523363 0.059463 0.083183
2 0.697962 0.531161 0.144271 0.164634
2 0.130624 0.572753 0.109178 0.140372
2 0.047278 0.574486 0.094556 0.192362
0 0.904134 0.542426 0.036067 0.162901
8 0.972858 0.360462 0.023395 0.079717
