8 0.336566 0.269466 0.030014 0.019565
8 0.548671 0.358399 0.012005 0.048023
8 0.438616 0.386857 0.010004 0.019565
7 0.340068 0.377964 0.007003 0.019565
7 0.361578 0.391304 0.006002 0.014229
7 0.412103 0.377075 0.007003 0.014229
2 0.301774 0.275564 0.016007 0.012450
2 0.263255 0.273786 0.041020 0.023122
2 0.211229 0.278232 0.027013 0.017786
2 0.378436 0.428656 0.020009 0.024901
2 0.356426 0.431324 0.016007 0.023122
2 0.344920 0.433102 0.015007 0.030237
4 0.317406 0.420652 0.044021 0.080039
2 0.288892 0.420652 0.027013 0.058695
2 0.429962 0.432213 0.019009 0.028458
2 0.406951 0.432213 0.027013 0.046245
2 0.231364 0.460672 0.100049 0.128063
2 0.526009 0.455336 0.055027 0.103162
2 0.596044 0.464229 0.129063 0.156521
2 0.336920 0.275945 0.012757 0.018556
