2 0.378712 0.500141 0.008773 0.010397
2 0.370426 0.501007 0.007798 0.012130
2 0.360191 0.501007 0.010722 0.015596
2 0.341670 0.507939 0.030219 0.039858
2 0.405032 0.489743 0.008773 0.013863
2 0.527371 0.479345 0.007798 0.010397
2 0.529320 0.485410 0.007798 0.025994
2 0.535169 0.489743 0.011697 0.034659
2 0.546379 0.488876 0.018521 0.036392
2 0.559052 0.487143 0.020470 0.043324
2 0.572212 0.488876 0.031193 0.046790
2 0.587321 0.488876 0.026319 0.050256
2 0.610717 0.496588 0.043866 0.051816
2 0.448314 0.501874 0.041916 0.062387
2 0.512651 0.503607 0.039967 0.055455
2 0.238730 0.532201 0.127699 0.164634
2 0.047765 0.568710 0.095531 0.147304
4 0.494227 0.472240 0.044841 0.098780
5 0.122825 0.547625 0.033143 0.038125
7 0.026319 0.417651 0.007798 0.051989
7 0.023395 0.466521 0.011697 0.020795
7 0.630213 0.230834 0.006823 0.041591
7 0.609254 0.234300 0.007798 0.041591
7 0.653121 0.407599 0.015596 0.027727
7 0.807140 0.374672 0.017546 0.027727
7 0.457087 0.272426 0.008773 0.048523
7 0.620367 0.228235 0.009748 0.050256
7 0.651561 0.317484 0.013647 0.041591
8 0.557102 0.439313 0.008773 0.022528
8 0.653608 0.368260 0.018521 0.012130
8 0.956676 0.290276 0.005848 0.025994
8 0.956676 0.312805 0.007798 0.015596
0 0.397234 0.493036 0.000974 0.019062
0 0.394797 0.491303 0.003899 0.015596
0 0.391872 0.493036 0.003899 0.019062
0 0.933281 0.440179 0.011697 0.069319
0 0.947415 0.439313 0.022420 0.091848
