8 0.177407 0.223868 0.049075 0.113265
8 0.826961 0.327312 0.011192 0.030612
8 0.842889 0.332669 0.008609 0.019897
8 0.622481 0.331138 0.012053 0.029081
7 0.208354 0.089540 0.054241 0.179081
7 0.145503 0.091836 0.064572 0.183673
7 0.141629 0.222704 0.025829 0.114795
2 0.288424 0.363520 0.152391 0.151530
2 0.201897 0.423214 0.201466 0.154591
2 0.081792 0.417857 0.161001 0.165306
2 0.618893 0.371173 0.031855 0.035204
2 0.584885 0.376530 0.024107 0.027551
2 0.562069 0.377296 0.026690 0.032142
6 0.502006 0.376858 0.026690 0.031705
2 0.533077 0.384829 0.044183 0.050271
2 0.767554 0.387245 0.007748 0.022959
2 0.781760 0.382653 0.022385 0.035204
2 0.793814 0.386479 0.036160 0.039795
2 0.744308 0.383163 0.021524 0.027551
2 0.807589 0.391581 0.030994 0.044387
