2 0.017203 0.492913 0.034407 0.058324
2 0.038808 0.486512 0.069616 0.042676
2 0.877949 0.564041 0.242962 0.487934
2 0.255659 0.505716 0.124028 0.132297
2 0.461938 0.534167 0.191581 0.303003
2 0.642948 0.479399 0.114426 0.147945
2 0.335677 0.460195 0.039209 0.061169
4 0.154435 0.450948 0.184042 0.113804
2 0.803785 0.415384 0.061614 0.025605
0 0.560929 0.460195 0.017604 0.058324
2 0.306070 0.459483 0.020004 0.042676
0 0.126029 0.482244 0.020004 0.068282
7 0.149234 0.389778 0.020004 0.022760
7 0.255659 0.319362 0.010402 0.035563
7 0.273663 0.316517 0.006401 0.032718
7 0.584534 0.382666 0.013603 0.025605
8 0.151635 0.333588 0.021604 0.018493
8 0.212849 0.303003 0.051211 0.022760
7 0.267661 0.317940 0.007201 0.041253
7 0.438101 0.327186 0.007201 0.022760
7 0.429699 0.328609 0.006401 0.028451
8 0.459706 0.336433 0.029606 0.015648
8 0.600138 0.342834 0.035208 0.034141
