2 0.412610 0.361494 0.016398 0.031395
2 0.391670 0.372819 0.012614 0.017940
2 0.362342 0.371698 0.025228 0.042607
2 0.348467 0.376183 0.027751 0.033637
2 0.332699 0.381789 0.011352 0.031395
2 0.306209 0.373940 0.044149 0.051578
2 0.464517 0.369455 0.008829 0.020182
2 0.472716 0.376183 0.010091 0.020182
2 0.485331 0.388517 0.022705 0.040365
2 0.451798 0.365157 0.011352 0.015697
3 0.622005 0.353197 0.256068 0.396926
2 0.070639 0.363288 0.141278 0.161461
8 0.233362 0.211170 0.047933 0.024667
8 0.149478 0.230606 0.018921 0.015697
8 0.160200 0.248546 0.022705 0.015697
7 0.310309 0.219767 0.007568 0.031395
7 0.299587 0.212696 0.008829 0.035194
7 0.256698 0.292649 0.008829 0.024667
7 0.263005 0.294891 0.006307 0.020182
7 0.489430 0.333388 0.005045 0.017940
7 0.249130 0.321054 0.011352 0.015697
8 0.153682 0.316195 0.001261 0.017940
0 0.261744 0.362167 0.006307 0.038122
0 0.251022 0.368895 0.007568 0.042607
0 0.236516 0.368895 0.011352 0.042607
0 0.227055 0.364410 0.015137 0.051578
0 0.206872 0.362167 0.010091 0.038122
