8 0.188083 0.359945 0.015609 0.037545
8 0.234913 0.439933 0.026628 0.037545
7 0.239045 0.390689 0.016528 0.032648
7 0.260623 0.418440 0.013773 0.068561
7 0.578943 0.529715 0.004591 0.021221
2 0.656205 0.572508 0.008264 0.029383
2 0.623149 0.575773 0.006427 0.019588
2 0.586879 0.579854 0.020201 0.027750
2 0.559791 0.590464 0.022955 0.032648
2 0.230016 0.564812 0.095495 0.218742
2 0.099627 0.608887 0.194664 0.489721
2 0.638431 0.579271 0.025710 0.026118
2 0.605375 0.584984 0.029383 0.037545
3 0.786361 0.403728 0.269744 0.565855
3 0.397643 0.467538 0.258022 0.562078
2 0.891267 0.538857 0.215783 0.644800
8 0.394231 0.137755 0.015497 0.025431
8 0.767242 0.115502 0.014305 0.019073
7 0.394946 0.170604 0.020265 0.036028
