7 0.292696 0.036503 0.031640 0.067499
7 0.320118 0.033691 0.021093 0.065624
7 0.270548 0.032314 0.023203 0.064628
8 0.468055 0.094017 0.133945 0.041249
8 0.577215 0.096830 0.035859 0.080624
8 0.578219 0.152812 0.034804 0.031874
8 0.605917 0.212812 0.043242 0.022499
8 0.580077 0.250312 0.029531 0.041249
8 0.583769 0.288749 0.020039 0.031874
7 0.611718 0.325312 0.027421 0.044999
7 0.360116 0.426804 0.005798 0.018556
2 0.364755 0.446391 0.010438 0.022680
2 0.355476 0.448453 0.008118 0.018556
2 0.348518 0.450515 0.010438 0.018556
2 0.337500 0.454639 0.020876 0.030927
2 0.296907 0.460824 0.013917 0.035051
2 0.285309 0.460824 0.009278 0.035051
2 0.275451 0.464948 0.015077 0.035051
2 0.371134 0.453195 0.011597 0.020618
2 0.314884 0.450103 0.028994 0.055670
2 0.385631 0.454197 0.017396 0.024742
2 0.396649 0.450515 0.009278 0.032989
2 0.408247 0.450515 0.018556 0.045360
2 0.412886 0.458762 0.016237 0.045360
2 0.436082 0.465979 0.044072 0.080412
2 0.454445 0.478694 0.061469 0.080412
2 0.247036 0.478694 0.051030 0.063917
2 0.267332 0.469072 0.012757 0.041237
2 0.215721 0.475601 0.032474 0.049484
2 0.196585 0.477663 0.024355 0.053608
2 0.178028 0.483848 0.026675 0.061855
2 0.137435 0.481787 0.056829 0.086597
2 0.095683 0.482817 0.026675 0.035051
2 0.075386 0.615807 0.150773 0.457732
2 0.592538 0.433814 0.040592 0.057731
2 0.538028 0.435876 0.061469 0.078350
