7 0.768074 0.344959 0.027222 0.040754
7 0.350418 0.464131 0.014327 0.033113
7 0.415609 0.461583 0.010029 0.028018
7 0.551007 0.455216 0.008596 0.020377
7 0.409162 0.503612 0.011462 0.015283
7 0.376208 0.488329 0.011462 0.020377
7 0.452862 0.471772 0.012895 0.022924
8 0.745764 0.101886 0.035819 0.084056
8 0.751495 0.290377 0.058744 0.033113
2 0.396881 0.528538 0.014327 0.020377
2 0.412641 0.527264 0.017193 0.017830
2 0.449177 0.536179 0.018626 0.040754
2 0.472818 0.543821 0.031521 0.061132
2 0.484997 0.552736 0.032954 0.063679
2 0.510071 0.555283 0.048714 0.078962
2 0.373240 0.529811 0.024357 0.043301
2 0.277243 0.543821 0.024357 0.050943
2 0.245006 0.557830 0.054445 0.084056
2 0.187694 0.570566 0.071639 0.104434
2 0.118921 0.575660 0.071639 0.124811
2 0.050147 0.559104 0.100294 0.264905
2 0.313779 0.550189 0.028655 0.043301
2 0.344584 0.540000 0.027222 0.033113
2 0.588874 0.551462 0.121786 0.122264
8 0.402375 0.146911 0.138474 0.135000
