8 0.613482 0.344250 0.031329 0.075949
2 0.318168 0.586160 0.020886 0.038818
2 0.295858 0.594598 0.025632 0.042194
2 0.261681 0.603037 0.050316 0.055696
2 0.086522 0.581096 0.134810 0.140084
2 0.222757 0.607257 0.033227 0.067510
2 0.149181 0.614008 0.140506 0.111392
2 0.039938 0.657890 0.079877 0.128269
2 0.337630 0.586497 0.018037 0.032067
2 0.368484 0.585653 0.011392 0.030379
2 0.380826 0.588185 0.013291 0.045569
2 0.393987 0.598191 0.032278 0.054008
2 0.420569 0.589752 0.017088 0.033755
2 0.445727 0.584689 0.025632 0.043881
2 0.474208 0.589752 0.031329 0.033755
2 0.642314 0.632790 0.189873 0.237974
3 0.050446 0.546497 0.098734 0.128269
