8 0.289926 0.354739 0.016795 0.017061
8 0.300123 0.336611 0.010796 0.014928
7 0.307921 0.347274 0.007197 0.019194
7 0.384698 0.346208 0.007197 0.017061
2 0.291126 0.393127 0.023992 0.034123
2 0.267732 0.397393 0.034789 0.042654
8 0.481269 0.350473 0.010796 0.008530
8 0.472872 0.356871 0.010796 0.012796
7 0.219747 0.380331 0.005998 0.017061
2 0.169962 0.482701 0.167950 0.179146
2 0.372101 0.495497 0.171549 0.268720
2 0.486667 0.425118 0.045586 0.059715
2 0.688208 0.509359 0.230331 0.236729
2 0.892089 0.665046 0.215820 0.339099
