8 0.213755 0.622733 0.031640 0.058593
2 0.389756 0.531327 0.014501 0.016406
2 0.378550 0.536015 0.013183 0.025781
2 0.355478 0.538358 0.040869 0.030468
2 0.421396 0.538358 0.011865 0.016406
2 0.412827 0.547733 0.013183 0.030468
2 0.397007 0.557108 0.023730 0.035156
2 0.390415 0.565312 0.026367 0.028124
2 0.381186 0.578202 0.029003 0.035156
2 0.374595 0.602812 0.029003 0.042187
2 0.364048 0.622733 0.036914 0.058593
2 0.339658 0.648515 0.061962 0.100781
2 0.456992 0.530155 0.009228 0.018749
2 0.463584 0.538358 0.014501 0.025781
2 0.472812 0.543046 0.022412 0.030468
2 0.479404 0.554765 0.025048 0.035156
2 0.497861 0.585233 0.035595 0.072656
2 0.507090 0.619218 0.051415 0.065624
2 0.536093 0.674296 0.061962 0.100781
2 0.313950 0.698905 0.073828 0.121874
2 0.559165 0.717655 0.087011 0.112499
2 0.437876 0.541874 0.015820 0.023437
