2 0.420149 0.357965 0.016389 0.024280
2 0.435855 0.365249 0.023218 0.024280
2 0.401028 0.362821 0.021852 0.029136
7 0.393516 0.321544 0.009560 0.024280
8 0.390784 0.332470 0.015023 0.012140
7 0.389418 0.339754 0.012292 0.016996
8 0.490486 0.356751 0.025949 0.041277
2 0.567653 0.413810 0.038241 0.116546
2 0.276741 0.372533 0.032778 0.038848
2 0.665990 0.441733 0.106531 0.167536
2 0.814860 0.468442 0.305935 0.303507
2 0.923440 0.569206 0.148870 0.271942
8 0.332056 0.381031 0.015023 0.031564
0 0.233036 0.378603 0.030047 0.148111
0 0.188648 0.371319 0.031413 0.162679
0 0.149041 0.374961 0.036876 0.155395
0 0.612041 0.440519 0.066923 0.271942
8 0.309520 0.338540 0.013657 0.038848
8 0.375078 0.313046 0.016389 0.026708
8 0.375078 0.337326 0.016389 0.026708
8 0.312252 0.257200 0.013657 0.031564
2 0.295862 0.381031 0.013657 0.031564
