2 0.046973 0.311165 0.091998 0.077618
2 0.075430 0.329183 0.145793 0.060985
2 0.227461 0.317402 0.047558 0.076232
2 0.185360 0.328490 0.141115 0.059599
2 0.279697 0.334034 0.053795 0.054055
2 0.281646 0.305621 0.028067 0.013860
2 0.325307 0.330569 0.038982 0.047125
2 0.344408 0.315323 0.013253 0.016632
2 0.366238 0.321560 0.045999 0.045739
2 0.394695 0.316016 0.026507 0.034650
2 0.425881 0.320174 0.014033 0.018018
2 0.439914 0.324332 0.024948 0.026334
2 0.512032 0.329183 0.019491 0.038809
2 0.535031 0.334727 0.046778 0.063757
2 0.579081 0.334034 0.041321 0.048511
2 0.476558 0.350667 0.076405 0.120585
