2 0.055785 0.738444 0.107646 0.153929
2 0.641990 0.746764 0.386123 0.482588
2 0.406806 0.619877 0.042122 0.049922
2 0.166357 0.705162 0.111156 0.120647
2 0.266983 0.645878 0.092435 0.101926
2 0.314371 0.633397 0.044462 0.085285
2 0.351813 0.630277 0.035102 0.045762
2 0.373459 0.615716 0.015210 0.041602
2 0.445418 0.599849 0.021061 0.035895
2 0.484616 0.605316 0.019891 0.045762
2 0.471745 0.600115 0.017551 0.031201
8 0.561255 0.446186 0.018721 0.035362
8 0.035309 0.465947 0.015210 0.062403
8 0.227785 0.553313 0.011700 0.016640
8 0.352398 0.572034 0.008190 0.016640
7 0.419677 0.559900 0.011700 0.027041
7 0.476425 0.548459 0.008190 0.029121
