2 0.154740 0.682005 0.309481 0.467406
2 0.573830 0.519623 0.078803 0.124811
2 0.472818 0.580755 0.181963 0.298019
2 0.827364 0.564744 0.343527 0.393720
8 0.270079 0.177028 0.110324 0.056037
7 0.389103 0.055855 0.025790 0.094245
8 0.196393 0.362426 0.035819 0.066226
7 0.369044 0.062405 0.017193 0.078962
7 0.412027 0.059676 0.017193 0.081509
7 0.194551 0.427197 0.014941 0.071320
7 0.702064 0.220754 0.017193 0.061132
8 0.498895 0.402453 0.020058 0.020377
8 0.485713 0.410094 0.015760 0.033113
7 0.212768 0.438113 0.015760 0.040754
7 0.181963 0.436840 0.008596 0.033113
