8 0.394520 0.454507 0.008190 0.022881
2 0.517963 0.528351 0.011700 0.016640
2 0.526738 0.528351 0.010530 0.016640
2 0.536684 0.527311 0.011700 0.022881
2 0.544874 0.534592 0.014040 0.029121
2 0.554235 0.535632 0.014040 0.031201
2 0.560670 0.539792 0.012870 0.031201
2 0.575881 0.530431 0.019891 0.070724
2 0.601038 0.533551 0.058503 0.085285
2 0.630289 0.558513 0.049142 0.089445
2 0.685868 0.561633 0.090095 0.124807
2 0.501582 0.528351 0.011700 0.016640
2 0.491636 0.528351 0.012870 0.016640
2 0.488126 0.531471 0.015210 0.022881
2 0.475255 0.526271 0.012870 0.029121
2 0.464140 0.536672 0.021061 0.049922
2 0.405636 0.539792 0.021061 0.047842
2 0.372289 0.548112 0.047972 0.064483
2 0.437228 0.542912 0.051483 0.070724
2 0.750807 0.594915 0.149768 0.149768
2 0.096152 0.556433 0.071374 0.093605
8 0.054030 0.457627 0.024571 0.045762
8 0.147051 0.365061 0.014040 0.018721
8 0.140030 0.384823 0.028081 0.020801
2 0.043103 0.594915 0.086207 0.237134
4 0.901593 0.470560 0.194536 0.856107
