7 0.136864 0.413184 0.008829 0.033637
7 0.259376 0.456353 0.006615 0.020182
7 0.382210 0.449625 0.010091 0.042607
7 0.259221 0.458035 0.006307 0.024667
7 0.102805 0.418791 0.008829 0.035880
7 0.114789 0.421033 0.010091 0.040365
8 0.138836 0.462924 0.022865 0.036688
8 0.365180 0.461399 0.026489 0.024667
8 0.475239 0.142960 0.052979 0.114368
8 0.487853 0.296573 0.025228 0.035880
8 0.472716 0.483824 0.010091 0.015697
8 0.474293 0.500643 0.007568 0.017940
2 0.098480 0.610376 0.155154 0.221509
2 0.332616 0.496563 0.135437 0.046903
2 0.261744 0.745639 0.465463 0.479899
2 0.469037 0.547549 0.031535 0.029152
2 0.579832 0.534094 0.047933 0.038122
2 0.646056 0.532973 0.041626 0.031395
2 0.600015 0.541569 0.052979 0.033637
2 0.699246 0.527375 0.052979 0.035114
2 0.802683 0.522507 0.047933 0.035880
2 0.848514 0.514659 0.037842 0.029152
2 0.758323 0.523629 0.039104 0.029152
2 0.518653 0.541569 0.041626 0.029152
0 0.552922 0.534468 0.007568 0.026910
0 0.544092 0.533667 0.007568 0.029794
2 0.130768 0.497583 0.004588 0.020392
2 0.143960 0.497583 0.005735 0.020392
7 0.251786 0.454758 0.005735 0.020392
2 0.390011 0.485347 0.006882 0.016314
