7 0.041765 0.039967 0.025978 0.079934
8 0.579822 0.247796 0.014987 0.037302
8 0.458922 0.352598 0.008992 0.026644
2 0.375990 0.387236 0.008992 0.017763
2 0.364999 0.388125 0.012989 0.019539
2 0.353509 0.389013 0.011990 0.017763
2 0.342518 0.393453 0.011990 0.015986
2 0.322534 0.393453 0.027976 0.037302
2 0.296555 0.401447 0.015986 0.028421
4 0.261584 0.384572 0.051957 0.079934
2 0.198636 0.400559 0.051957 0.058618
2 0.082332 0.416264 0.084730 0.065160
2 0.011290 0.429868 0.020982 0.071052
3 0.437939 0.387236 0.026977 0.042631
2 0.458922 0.414769 0.024979 0.055065
2 0.471411 0.427203 0.021981 0.101249
2 0.516874 0.435197 0.096920 0.159868
8 0.593811 0.284210 0.020982 0.035526
0 0.594130 0.411217 0.024340 0.108355
0 0.819125 0.460065 0.043963 0.213157
2 0.898550 0.414163 0.100936 0.121352
2 0.877577 0.373026 0.062948 0.067499
