7 0.434687 0.286788 0.021794 0.031608
7 0.746696 0.213884 0.019500 0.036706
7 0.489317 0.396399 0.011470 0.018353
7 0.568753 0.384164 0.009750 0.018353
8 0.436408 0.339810 0.026383 0.017333
8 0.855813 0.243964 0.027530 0.027530
8 0.878755 0.324515 0.037854 0.017333
8 0.842908 0.327064 0.021221 0.020392
8 0.871299 0.393850 0.010323 0.027530
7 0.853806 0.393850 0.010897 0.027530
0 0.735572 0.459856 0.010323 0.053021
0 0.746183 0.461385 0.009750 0.058119
0 0.760522 0.459856 0.009750 0.059138
0 0.837090 0.464444 0.010323 0.062197
2 0.598782 0.458836 0.017779 0.028549
2 0.576700 0.452719 0.028677 0.046903
2 0.631474 0.462915 0.028103 0.038746
2 0.194432 0.469543 0.057928 0.058119
2 0.402629 0.438444 0.022368 0.028549
2 0.381121 0.445071 0.022941 0.025490
2 0.425284 0.443032 0.014912 0.031608
2 0.450233 0.447111 0.017779 0.045883
2 0.472888 0.442522 0.014912 0.020392
2 0.336671 0.450169 0.045310 0.043844
2 0.663879 0.475660 0.052766 0.062197
2 0.525941 0.506249 0.107253 0.162122
2 0.082017 0.484327 0.163460 0.112160
2 0.933446 0.558251 0.133062 0.233496
