2 0.417529 0.522059 0.055502 0.071760
2 0.623700 0.547454 0.101307 0.073215
2 0.177860 0.507483 0.068116 0.087458
2 0.276881 0.504119 0.069378 0.089700
2 0.341844 0.496270 0.035319 0.051578
2 0.223901 0.498512 0.036581 0.074003
2 0.379056 0.510846 0.031535 0.049335
2 0.381579 0.520938 0.029012 0.051578
2 0.467986 0.525423 0.047933 0.060548
2 0.580883 0.533272 0.069378 0.053820
2 0.702736 0.560229 0.061809 0.053915
2 0.739948 0.555697 0.022705 0.049335
2 0.980249 0.572516 0.026489 0.038122
2 0.936386 0.581632 0.032109 0.029444
4 0.813741 0.559061 0.097129 0.078488
7 0.194889 0.260805 0.013875 0.033637
7 0.544933 0.175589 0.020182 0.056063
7 0.208764 0.263047 0.011352 0.051578
7 0.182905 0.247350 0.012614 0.051578
7 0.521596 0.154285 0.021444 0.076245
7 0.273728 0.424509 0.010091 0.011212
7 0.254176 0.444692 0.008829 0.020182
7 0.980572 0.432358 0.033411 0.062790
8 0.348151 0.451419 0.010091 0.011212
8 0.722288 0.175589 0.088299 0.074003
8 0.580379 0.425630 0.016398 0.017940
8 0.567134 0.416660 0.012614 0.008970
7 0.560070 0.472723 0.015137 0.022425
2 0.901494 0.577031 0.032519 0.042187
