7 0.376353 0.212665 0.012757 0.057731
7 0.389110 0.213991 0.012757 0.055670
7 0.095683 0.145704 0.015077 0.049484
7 0.063788 0.277663 0.016237 0.049484
7 0.081765 0.138487 0.022036 0.059793
7 0.497551 0.274914 0.020876 0.032989
7 0.456958 0.357388 0.011597 0.020618
7 0.484213 0.360481 0.010438 0.026804
7 0.776482 0.323024 0.010438 0.032989
8 0.035953 0.210162 0.044072 0.039175
8 0.786920 0.247422 0.037113 0.039175
8 0.629768 0.345360 0.022036 0.024742
7 0.634987 0.373195 0.010438 0.026804
2 0.432603 0.416494 0.016237 0.022680
2 0.456958 0.418556 0.016237 0.026804
2 0.505090 0.442268 0.035953 0.065979
2 0.197744 0.432989 0.031314 0.043298
2 0.133956 0.444329 0.063788 0.061855
2 0.217461 0.442857 0.031314 0.051546
7 0.340399 0.244624 0.024355 0.043298
2 0.793878 0.524742 0.228479 0.200000
0 0.582796 0.424742 0.008118 0.039175
0 0.576417 0.427835 0.006958 0.045360
2 0.384471 0.422238 0.022036 0.039175
