8 0.025897 0.410489 0.024563 0.032439
8 0.606306 0.456030 0.013334 0.016219
8 0.639643 0.460397 0.011229 0.014972
8 0.453659 0.448960 0.012632 0.025369
8 0.407970 0.374930 0.061058 0.046164
8 0.205213 0.439311 0.008421 0.013724
2 0.590827 0.467883 0.010527 0.012476
2 0.579948 0.465388 0.014036 0.027449
2 0.471516 0.474745 0.028774 0.063632
2 0.338637 0.474745 0.023160 0.023706
2 0.192775 0.473498 0.065971 0.041173
2 0.092063 0.475369 0.082113 0.047412
4 0.306938 0.462892 0.049127 0.052402
2 0.523386 0.487846 0.111590 0.203373
2 0.411094 0.499075 0.080709 0.091081
2 0.441572 0.472458 0.016141 0.024953
2 0.378057 0.471210 0.012632 0.027449
