8 0.783286 0.284062 0.034277 0.117187
8 0.562461 0.405937 0.019775 0.037499
8 0.147837 0.449296 0.007910 0.030468
0 0.152451 0.493827 0.014501 0.067968
0 0.741757 0.595780 0.104150 0.562499
6 0.113560 0.507890 0.021093 0.049218
2 0.136631 0.505546 0.025048 0.044531
2 0.242100 0.500859 0.043505 0.082031
2 0.400962 0.497343 0.013183 0.023437
2 0.389097 0.500859 0.015820 0.025781
2 0.378550 0.507890 0.013183 0.021093
2 0.365366 0.509062 0.018457 0.023437
2 0.346250 0.510234 0.030322 0.025781
2 0.477427 0.502030 0.010546 0.018749
2 0.487973 0.502030 0.013183 0.018749
2 0.500498 0.490312 0.017138 0.042187
2 0.537412 0.484452 0.064599 0.091406
2 0.591465 0.514921 0.090966 0.119531
8 0.615854 0.436405 0.015820 0.018749
2 0.716709 0.538358 0.233349 0.255468
2 0.420078 0.499687 0.022412 0.023437
2 0.450400 0.497343 0.019775 0.028124
2 0.278354 0.507890 0.081738 0.091406
2 0.904575 0.673124 0.189843 0.520312
