2 0.882713 0.618661 0.229606 0.216850
8 0.608860 0.432637 0.031092 0.036141
7 0.612448 0.478346 0.031092 0.029763
7 0.617829 0.340157 0.020329 0.042519
8 0.617231 0.399685 0.023917 0.025511
8 0.529335 0.204094 0.020329 0.093543
8 0.513191 0.206220 0.011958 0.059527
8 0.338594 0.325275 0.031092 0.059527
2 0.313481 0.614409 0.047834 0.063779
2 0.049792 0.820630 0.058597 0.250866
2 0.398985 0.602716 0.027504 0.031889
2 0.487480 0.598464 0.029896 0.027637
2 0.556242 0.578267 0.043051 0.076535
2 0.746983 0.591023 0.060989 0.051023
2 0.705725 0.587834 0.023917 0.048897
7 0.446820 0.555945 0.013154 0.023385
7 0.492263 0.558071 0.013154 0.019133
7 0.839662 0.306141 0.026309 0.042519
