2 0.485941 0.372939 0.014622 0.045057
4 0.512748 0.370340 0.046790 0.081450
2 0.544917 0.379871 0.044841 0.079717
2 0.465958 0.385937 0.037042 0.119576
4 0.360191 0.353010 0.049715 0.084916
2 0.280744 0.388536 0.027294 0.062387
2 0.250525 0.358209 0.025345 0.019062
2 0.252475 0.399801 0.058488 0.074518
4 0.327048 0.387670 0.075060 0.102246
2 0.418679 0.416264 0.104304 0.173299
2 0.131599 0.482984 0.263198 0.331001
4 0.654096 0.327882 0.189112 0.294608
2 0.798367 0.349544 0.042891 0.036392
2 0.885612 0.437060 0.227130 0.554557
