7 0.473662 0.282557 0.011352 0.031395
7 0.540307 0.293770 0.010091 0.022425
7 0.537154 0.328529 0.011352 0.015697
7 0.497419 0.322923 0.010091 0.017940
4 0.548591 0.359700 0.031535 0.044850
2 0.519704 0.366652 0.017659 0.024667
2 0.550609 0.373380 0.016398 0.033637
2 0.563223 0.373380 0.021444 0.038122
2 0.580883 0.376743 0.029012 0.049335
2 0.591605 0.381228 0.025228 0.053820
2 0.606742 0.385714 0.022705 0.053820
2 0.625664 0.381228 0.055502 0.080730
2 0.715603 0.370016 0.140017 0.219767
2 0.433802 0.368895 0.034058 0.065033
2 0.479843 0.367773 0.078208 0.085215
2 0.394067 0.385714 0.073162 0.107641
2 0.370100 0.401411 0.075685 0.121096
2 0.293280 0.405896 0.140017 0.192857
2 0.862479 0.404775 0.272466 0.320680
2 0.161762 0.437926 0.271865 0.252431
0 0.491953 0.382806 0.022705 0.117940
8 0.604724 0.313729 0.015137 0.015697
8 0.587064 0.293546 0.012614 0.024667
8 0.585803 0.323820 0.012614 0.013455
