7 0.094021 0.200579 0.013603 0.068282
7 0.530122 0.244678 0.013603 0.045521
7 0.113226 0.199868 0.012002 0.066859
7 0.724967 0.395469 0.012802 0.031296
7 0.378487 0.437434 0.011202 0.027028
7 0.403293 0.440279 0.006401 0.021338
2 0.243256 0.489357 0.112025 0.099578
2 0.437701 0.482244 0.036808 0.048366
2 0.557728 0.481533 0.027206 0.038408
2 0.644548 0.506428 0.068015 0.079662
0 0.969023 0.561196 0.060814 0.331454
0 0.468908 0.486512 0.035208 0.133719
0 0.702562 0.507850 0.022405 0.113804
0 0.939416 0.502871 0.033607 0.163593
2 0.317673 0.490068 0.038408 0.083930
2 0.336877 0.480110 0.040009 0.055479
2 0.367284 0.478688 0.038408 0.052634
2 0.392490 0.482955 0.023205 0.032718
2 0.410494 0.478688 0.019204 0.029873
2 0.491313 0.472286 0.020804 0.034141
2 0.458105 0.471575 0.012002 0.032718
2 0.620943 0.492913 0.044810 0.064014
2 0.599738 0.487934 0.018404 0.056902
2 0.588935 0.485801 0.024005 0.038408
2 0.512918 0.474420 0.019204 0.027028
2 0.530122 0.473709 0.016803 0.022760
0 0.830591 0.463648 0.032007 0.079456
0 0.786181 0.470153 0.020004 0.078240
8 0.735769 0.352081 0.026406 0.015648
