7 0.520059 0.315404 0.020470 0.058921
7 0.398696 0.361328 0.017546 0.036392
7 0.373351 0.415051 0.007798 0.019062
7 0.315350 0.405520 0.008773 0.027727
7 0.181801 0.305873 0.020470 0.036392
7 0.542480 0.405520 0.010722 0.027727
7 0.165717 0.347464 0.009748 0.046790
8 0.122825 0.291142 0.062387 0.031193
8 0.440613 0.372593 0.040941 0.024261
8 0.388460 0.415051 0.016571 0.008664
8 0.298291 0.400321 0.019496 0.013863
2 0.383099 0.454043 0.013647 0.024261
2 0.395284 0.454043 0.010722 0.027727
2 0.409419 0.454043 0.019496 0.034659
2 0.414293 0.463575 0.017546 0.025994
2 0.418192 0.478305 0.011697 0.031193
2 0.440613 0.488703 0.035093 0.045057
2 0.507387 0.491303 0.061412 0.091848
2 0.531757 0.509499 0.069211 0.083183
2 0.605843 0.513832 0.117951 0.150770
2 0.707223 0.558889 0.203734 0.188896
2 0.356779 0.450577 0.015596 0.020795
2 0.358241 0.478305 0.030219 0.045057
2 0.322661 0.456643 0.019496 0.032926
2 0.299753 0.448844 0.016571 0.024261
2 0.296341 0.479172 0.035093 0.050256
2 0.270509 0.474839 0.030219 0.045057
2 0.237365 0.473106 0.030219 0.048523
2 0.046303 0.470507 0.069211 0.077984
2 0.149633 0.480038 0.154994 0.166367
2 0.941176 0.675866 0.110153 0.273812
