7 0.658757 0.193618 0.018984 0.085263
7 0.460421 0.544440 0.011990 0.019539
7 0.910550 0.435197 0.020982 0.039078
7 0.545351 0.523125 0.009991 0.015986
7 0.485400 0.572861 0.009991 0.012434
7 0.532861 0.564868 0.006994 0.014210
7 0.364499 0.557763 0.007993 0.017763
7 0.643770 0.206940 0.014987 0.079934
8 0.337022 0.564868 0.022981 0.014210
8 0.407464 0.557763 0.017985 0.031973
8 0.565334 0.528453 0.017985 0.012434
8 0.643270 0.538223 0.013988 0.039078
8 0.745686 0.222927 0.100916 0.055065
8 0.567832 0.574638 0.010990 0.019539
8 0.879076 0.345493 0.031973 0.026644
2 0.576825 0.599506 0.016986 0.040855
2 0.590813 0.599506 0.018984 0.037302
2 0.603303 0.603059 0.021981 0.051513
2 0.627283 0.603059 0.029975 0.069276
2 0.640772 0.611052 0.034971 0.078157
2 0.667750 0.611940 0.042964 0.090592
2 0.318537 0.640361 0.019983 0.033750
2 0.302550 0.646578 0.019983 0.035526
2 0.283566 0.647467 0.025978 0.037302
2 0.256089 0.654572 0.032972 0.047960
2 0.224115 0.663453 0.038967 0.047960
2 0.181650 0.677664 0.049958 0.058618
2 0.134689 0.690986 0.051957 0.053289
2 0.069742 0.708750 0.077935 0.071052
2 0.536858 0.604835 0.024979 0.030197
2 0.716710 0.630592 0.088926 0.110131
2 0.382485 0.627927 0.019983 0.015986
2 0.520871 0.607500 0.008992 0.017763
2 0.015886 0.729177 0.031773 0.065723
2 0.560338 0.597730 0.011990 0.026644
8 0.611691 0.514698 0.012672 0.034659
7 0.882688 0.436713 0.016571 0.034659
