2 0.556683 0.470322 0.023271 0.034838
2 0.462374 0.469233 0.011023 0.015241
2 0.417669 0.472500 0.009798 0.017419
2 0.436041 0.471411 0.026945 0.037016
2 0.396847 0.474677 0.007348 0.017419
2 0.387049 0.480121 0.017147 0.032661
2 0.369289 0.480121 0.015922 0.032661
2 0.348467 0.486653 0.025720 0.032661
2 0.318460 0.487741 0.031844 0.043548
2 0.276817 0.494274 0.056340 0.060967
4 0.199654 0.499717 0.097983 0.093629
2 0.044711 0.560685 0.089423 0.215564
2 0.521776 0.477943 0.046542 0.058790
2 0.611187 0.472500 0.044092 0.069677
2 0.647092 0.483492 0.069360 0.069888
2 0.848210 0.535645 0.302573 0.383225
7 0.403583 0.272177 0.015922 0.074032
8 0.468498 0.421330 0.011023 0.037016
