2 0.164431 0.559134 0.039463 0.034015
2 0.138122 0.563385 0.020329 0.021259
2 0.046638 0.569763 0.093277 0.059527
7 0.452635 0.480472 0.010762 0.021259
2 0.454190 0.548504 0.011958 0.017007
2 0.468181 0.530433 0.015546 0.023385
2 0.475356 0.547441 0.027504 0.044645
0 0.561818 0.541063 0.014350 0.036141
0 0.503459 0.543189 0.007175 0.027637
0 0.508243 0.549567 0.009566 0.031889
0 0.529170 0.537874 0.008371 0.029763
0 0.682241 0.519803 0.013154 0.048897
1 0.719313 0.510236 0.017937 0.034015
1 0.793816 0.495354 0.016742 0.042519
5 0.796207 0.529370 0.021525 0.042519
5 0.716682 0.534685 0.015546 0.040393
8 0.740600 0.231732 0.020329 0.046771
8 0.741795 0.284881 0.020329 0.038267
8 0.608456 0.477283 0.009566 0.019133
2 0.618262 0.555732 0.090885 0.106299
3 0.353976 0.449645 0.196122 0.448582
