2 0.385764 0.456283 0.012614 0.040365
2 0.375042 0.463010 0.021444 0.035880
0 0.364320 0.480951 0.012614 0.049335
2 0.353598 0.469738 0.016398 0.044850
2 0.340984 0.475344 0.023966 0.047092
2 0.319540 0.484314 0.026489 0.069518
2 0.306295 0.495527 0.032796 0.069518
2 0.284220 0.502255 0.041626 0.078488
2 0.249233 0.517335 0.062474 0.099678
2 0.517366 0.488518 0.032048 0.074542
2 0.592637 0.502255 0.113527 0.132308
2 0.742814 0.556671 0.242057 0.225302
2 0.111311 0.536322 0.222623 0.188850
2 0.900226 0.591232 0.197177 0.380434
7 0.462426 0.370533 0.012621 0.031786
7 0.452434 0.369598 0.011569 0.041135
7 0.357249 0.344356 0.012621 0.031786
2 0.454012 0.523234 0.132522 0.173892
7 0.419304 0.419771 0.012621 0.028047
8 0.715918 0.298175 0.024190 0.037396
