7 0.557684 0.251546 0.018721 0.060323
7 0.148745 0.193303 0.017551 0.047842
7 0.450623 0.397155 0.010530 0.031201
7 0.388609 0.392994 0.008190 0.027041
7 0.113643 0.387794 0.012870 0.020801
7 0.131194 0.390171 0.010530 0.020801
7 0.911630 0.348569 0.017551 0.037442
8 0.764787 0.275765 0.023401 0.024961
8 0.761276 0.343369 0.021061 0.027041
7 0.345316 0.433111 0.010530 0.018721
2 0.054773 0.505321 0.109547 0.214252
2 0.911045 0.530283 0.175510 0.264175
2 0.761695 0.508441 0.067027 0.124807
3 0.615018 0.422116 0.238694 0.351541
2 0.337126 0.460599 0.015210 0.033281
2 0.309629 0.463719 0.039782 0.068644
2 0.278037 0.474119 0.023401 0.047842
2 0.254051 0.474119 0.029251 0.060323
2 0.211928 0.477240 0.064353 0.070724
2 0.398555 0.538603 0.152109 0.214252
8 0.122338 0.306739 0.028269 0.020795
