8 0.273853 0.617067 0.019133 0.023385
2 0.270564 0.675531 0.014350 0.019133
2 0.403007 0.671279 0.016742 0.014881
2 0.416759 0.673405 0.017937 0.027637
2 0.438285 0.678720 0.034680 0.055275
2 0.310925 0.670216 0.011958 0.012755
2 0.325275 0.681909 0.011958 0.027637
2 0.315110 0.693602 0.017937 0.034015
2 0.292987 0.704232 0.040659 0.055275
2 0.424532 0.687224 0.035875 0.046771
2 0.361749 0.711673 0.087298 0.112677
0 0.468779 0.681909 0.011958 0.053149
7 0.303750 0.631948 0.009566 0.014881
7 0.269069 0.639389 0.009566 0.014881
3 0.282224 0.662775 0.011958 0.023385
2 0.966140 0.660968 0.065772 0.078661
2 0.888528 0.659055 0.093277 0.076535
