2 0.176043 0.596688 0.046778 0.045739
2 0.104316 0.593223 0.079523 0.047125
2 0.031809 0.593916 0.062371 0.070687
2 0.678681 0.579501 0.030406 0.020790
2 0.613386 0.572675 0.037422 0.018226
2 0.575300 0.574650 0.011694 0.011088
2 0.545556 0.585253 0.008576 0.012474
2 0.539319 0.581788 0.005457 0.011088
2 0.470710 0.579016 0.007796 0.008316
2 0.469151 0.588025 0.007796 0.012474
2 0.464863 0.593570 0.016372 0.015246
2 0.446931 0.581788 0.008576 0.008316
2 0.453948 0.591491 0.010135 0.013860
2 0.390797 0.593570 0.008576 0.020790
2 0.488252 0.610202 0.049117 0.073459
2 0.440322 0.598724 0.021050 0.031878
2 0.359629 0.613277 0.070168 0.105338
6 0.405513 0.601143 0.007016 0.019404
1 0.407072 0.586590 0.007016 0.015246
