7 0.145251 0.299370 0.007808 0.030320
7 0.159702 0.301640 0.010546 0.044531
7 0.411509 0.313359 0.013183 0.039843
7 0.569052 0.333281 0.006591 0.028124
8 0.533457 0.346171 0.022412 0.030468
0 0.700229 0.504374 0.023730 0.107812
0 0.874912 0.497343 0.027685 0.103124
0 0.826792 0.506718 0.031640 0.107812
0 0.738462 0.497343 0.021093 0.107812
0 0.787900 0.483280 0.014501 0.070312
2 0.327134 0.478593 0.015820 0.028124
2 0.313950 0.479765 0.018457 0.030468
2 0.299448 0.485624 0.026367 0.042187
2 0.275718 0.487968 0.023730 0.042187
2 0.254624 0.475077 0.023730 0.035156
2 0.367344 0.476249 0.027685 0.046874
2 0.930942 0.507890 0.137109 0.077343
2 0.952036 0.715312 0.094921 0.337499
2 0.511045 0.620390 0.336181 0.499218
2 0.140586 0.575858 0.280810 0.649218
7 0.628263 0.207092 0.020470 0.046790
7 0.656045 0.204493 0.017546 0.048523
8 0.785207 0.177631 0.030219 0.050256
8 0.991379 0.214890 0.013647 0.034659
2 0.969446 0.546758 0.053614 0.060654
