2 0.268408 0.557830 0.051580 0.056037
2 0.246916 0.547642 0.028655 0.045849
2 0.208231 0.560377 0.051580 0.061132
2 0.149111 0.535815 0.024357 0.028018
2 0.160164 0.531752 0.025176 0.031051
2 0.112518 0.561394 0.091812 0.084270
2 0.444362 0.580748 0.055683 0.072034
8 0.177665 0.488292 0.017193 0.028018
8 0.261483 0.504340 0.010029 0.020377
8 0.186978 0.519623 0.012895 0.010188
8 0.697765 0.511981 0.020058 0.050943
8 0.636872 0.443207 0.012895 0.045849
8 0.635439 0.501792 0.010029 0.050943
2 0.345301 0.550189 0.022924 0.030566
2 0.320227 0.547642 0.027222 0.025471
8 0.055878 0.508585 0.017193 0.025471
8 0.302604 0.526500 0.011462 0.017830
