2 0.185555 0.570353 0.073286 0.079004
2 0.422957 0.563423 0.021050 0.026334
2 0.623716 0.639655 0.155929 0.181570
2 0.544972 0.608469 0.067049 0.113654
2 0.508718 0.593916 0.045999 0.073459
2 0.502091 0.581442 0.045219 0.081776
2 0.480651 0.576591 0.019491 0.052669
2 0.472075 0.566888 0.016372 0.041581
2 0.465838 0.566888 0.013253 0.033264
2 0.454143 0.568274 0.017931 0.024948
2 0.447906 0.565502 0.014813 0.022176
2 0.409703 0.559265 0.008576 0.020790
2 0.403466 0.556493 0.010135 0.018018
2 0.392161 0.558572 0.014033 0.016632
2 0.320824 0.563423 0.022609 0.031878
2 0.150471 0.575205 0.035863 0.049897
2 0.223758 0.566888 0.017152 0.038809
2 0.238571 0.568967 0.024948 0.034650
2 0.256503 0.564809 0.020270 0.037422
2 0.273655 0.570353 0.014033 0.034650
2 0.285350 0.563423 0.014033 0.023562
2 0.289248 0.552335 0.010915 0.015246
2 0.294705 0.542633 0.009355 0.018018
2 0.378634 0.548151 0.012012 0.016779
2 0.364047 0.554253 0.013728 0.013728
