7 0.447079 0.426540 0.007197 0.017061
7 0.384098 0.428672 0.005998 0.021327
7 0.402692 0.428672 0.007197 0.017061
7 0.793176 0.359359 0.027591 0.044786
7 0.757187 0.364691 0.010796 0.038388
8 0.577241 0.430805 0.020393 0.042653
3 0.420954 0.445734 0.013196 0.025592
2 0.410158 0.459596 0.008397 0.019194
2 0.400561 0.460663 0.010796 0.017061
2 0.386765 0.478791 0.014395 0.023459
2 0.376568 0.490521 0.017994 0.025592
2 0.449146 0.457464 0.009597 0.014928
2 0.455744 0.473459 0.013196 0.017061
2 0.459943 0.484122 0.016795 0.021327
2 0.466541 0.494786 0.020393 0.025592
2 0.482736 0.509715 0.035989 0.055450
2 0.426353 0.503317 0.026392 0.042654
2 0.301270 0.507839 0.051024 0.068759
0 0.691744 0.525558 0.040787 0.149288
0 0.986830 0.514894 0.026339 0.243127
8 0.728333 0.513828 0.022793 0.049052
