7 0.501881 0.290368 0.010970 0.036837
7 0.189843 0.258948 0.010970 0.043338
7 0.136212 0.405216 0.013407 0.019502
7 0.654244 0.410633 0.020721 0.017335
7 0.202642 0.261115 0.009751 0.034670
7 0.181311 0.260031 0.008532 0.036837
7 0.509804 0.290368 0.007313 0.032503
7 0.492740 0.291452 0.007313 0.034670
7 0.629866 0.407383 0.013407 0.019502
8 0.572578 0.394381 0.015845 0.015168
8 0.543933 0.382463 0.012188 0.026003
2 0.461048 0.446388 0.012188 0.019502
2 0.471409 0.464807 0.015845 0.021669
2 0.487255 0.464807 0.015845 0.030337
2 0.403760 0.431219 0.012188 0.015168
2 0.393399 0.437720 0.006094 0.019502
2 0.384258 0.437720 0.014626 0.019502
2 0.312952 0.462640 0.010970 0.017335
2 0.414730 0.438803 0.012188 0.021669
2 0.404369 0.463723 0.020721 0.028170
2 0.433014 0.431219 0.009751 0.019502
2 0.438499 0.465890 0.037785 0.062841
2 0.504319 0.469140 0.020721 0.034670
2 0.379382 0.466973 0.026815 0.043338
2 0.358051 0.466973 0.018283 0.030337
2 0.335502 0.465890 0.021940 0.036837
0 0.269376 0.465529 0.004875 0.036837
2 0.672984 0.452734 0.049974 0.028170
2 0.633980 0.510157 0.079228 0.108346
2 0.704676 0.524242 0.115795 0.136516
2 0.815596 0.568664 0.205994 0.190690
2 0.943580 0.588167 0.110919 0.294702
2 0.755476 0.455776 0.029244 0.031193
