8 0.723307 0.241752 0.027294 0.050256
8 0.724769 0.278145 0.028269 0.022528
8 0.708197 0.303273 0.032168 0.017329
7 0.217382 0.354396 0.009748 0.046790
7 0.734030 0.340532 0.009748 0.046790
7 0.242727 0.352663 0.009748 0.039858
7 0.161818 0.110911 0.017546 0.090115
7 0.707710 0.342265 0.013647 0.039858
0 0.069211 0.479172 0.007798 0.071052
0 0.076522 0.488703 0.006823 0.065853
0 0.080909 0.487837 0.009748 0.067586
0 0.055564 0.484371 0.007798 0.067586
0 0.047765 0.486104 0.017546 0.084916
0 0.030706 0.476572 0.004874 0.051989
0 0.025832 0.473973 0.004874 0.057188
0 0.169129 0.458376 0.016571 0.032926
0 0.267097 0.456643 0.015596 0.032926
0 0.289030 0.461842 0.006823 0.036392
0 0.296341 0.462708 0.005848 0.038125
0 0.299753 0.474839 0.006823 0.041591
0 0.306089 0.481771 0.007798 0.062387
0 0.320224 0.477439 0.018521 0.064120
0 0.314862 0.490436 0.013647 0.079717
0 0.569287 0.484371 0.019496 0.071052
0 0.572212 0.480905 0.013647 0.081450
0 0.449873 0.478305 0.018521 0.069319
0 0.757425 0.472240 0.009748 0.074518
0 0.793493 0.456643 0.011697 0.046790
0 0.827124 0.455776 0.010722 0.031193
0 0.811040 0.459242 0.011697 0.041591
0 0.748165 0.482638 0.022420 0.095314
1 0.786182 0.455776 0.010722 0.051989
5 0.785207 0.483504 0.026319 0.024261
2 0.206659 0.507766 0.198860 0.110911
2 0.875864 0.495635 0.225180 0.131707
2 0.985530 0.464441 0.027294 0.159435
