8 0.521986 0.309728 0.025582 0.032169
8 0.561296 0.311392 0.031822 0.026622
8 0.399063 0.412337 0.043054 0.019967
8 0.379453 0.427074 0.010607 0.011092
8 0.591826 0.421528 0.006239 0.015529
2 0.364025 0.446376 0.013727 0.013311
2 0.375257 0.446930 0.008735 0.009983
2 0.383992 0.448040 0.009983 0.012202
2 0.391480 0.449149 0.008735 0.012202
2 0.418935 0.451922 0.016223 0.013311
2 0.437654 0.459687 0.011231 0.013311
2 0.451693 0.470225 0.018095 0.021076
2 0.398032 0.454141 0.013103 0.019967
2 0.421119 0.474108 0.024334 0.033278
2 0.481956 0.482427 0.038686 0.049917
2 0.548409 0.496294 0.043054 0.044371
