2 0.473921 0.430299 0.010762 0.012755
2 0.470334 0.457937 0.020329 0.042519
2 0.497241 0.438803 0.011958 0.021259
2 0.503818 0.447307 0.015546 0.029763
2 0.516973 0.451559 0.022721 0.042519
2 0.519962 0.456874 0.023917 0.048897
2 0.529529 0.460063 0.019133 0.051023
4 0.573178 0.449433 0.080123 0.119055
2 0.622807 0.462189 0.026309 0.059527
4 0.657487 0.416480 0.095669 0.082913
2 0.666456 0.468567 0.072947 0.080787
2 0.748373 0.486637 0.098061 0.104173
4 0.870232 0.372897 0.234629 0.178582
2 0.864970 0.589748 0.266678 0.374173
2 0.433202 0.421476 0.011958 0.023385
2 0.410481 0.431043 0.009566 0.012755
2 0.417656 0.429980 0.009566 0.010629
2 0.422439 0.433169 0.014350 0.017007
2 0.399120 0.428917 0.010762 0.012755
2 0.391945 0.433169 0.013154 0.017007
2 0.371017 0.429980 0.026309 0.027637
2 0.346502 0.435295 0.022721 0.017007
2 0.323182 0.436358 0.019133 0.010629
2 0.279533 0.432106 0.037071 0.010629
2 0.227513 0.427854 0.038267 0.019133
2 0.199410 0.421476 0.020329 0.023385
2 0.131545 0.420413 0.038267 0.025511
2 0.483294 0.463889 0.043051 0.059527
8 0.512428 0.377362 0.010762 0.008503
8 0.526779 0.378425 0.010762 0.010629
8 0.524985 0.395433 0.016742 0.023385
8 0.507645 0.392244 0.020329 0.025511
8 0.408388 0.373110 0.010762 0.008503
8 0.426326 0.389055 0.044247 0.031889
8 0.700436 0.365821 0.052618 0.036141
8 0.124284 0.354583 0.025113 0.027637
8 0.090202 0.357772 0.035875 0.029763
