8 0.600969 0.011264 0.168641 0.022528
8 0.694550 0.084916 0.018521 0.038125
2 0.534682 0.378658 0.045815 0.053722
2 0.459621 0.363928 0.036067 0.041591
2 0.416730 0.366527 0.026319 0.032926
2 0.298778 0.377792 0.045815 0.048523
2 0.179364 0.421983 0.175465 0.157702
8 0.264660 0.242618 0.018521 0.020795
2 0.432814 0.363061 0.017546 0.019062
2 0.492277 0.363928 0.021445 0.027727
2 0.515673 0.372593 0.021445 0.038125
2 0.389435 0.367394 0.024370 0.027727
7 0.401133 0.304140 0.004874 0.019062
8 0.738904 0.046790 0.054589 0.058921
8 0.706735 0.142105 0.021445 0.062387
8 0.684802 0.136039 0.016571 0.039858
7 0.378712 0.331001 0.006823 0.017329
