2 0.091859 0.463109 0.183719 0.249042
2 0.363765 0.431809 0.038274 0.042187
2 0.437635 0.441335 0.032916 0.028578
2 0.482417 0.441335 0.016840 0.014969
2 0.515333 0.439974 0.019902 0.014969
2 0.645698 0.433442 0.006889 0.012247
2 0.637277 0.435483 0.016075 0.021774
2 0.667515 0.430040 0.006123 0.010887
2 0.673639 0.432081 0.007654 0.009526
2 0.685504 0.430040 0.009951 0.016330
2 0.693159 0.430720 0.008420 0.017691
2 0.538188 0.450127 0.042102 0.058518
2 0.620862 0.444003 0.023730 0.035383
4 0.332705 0.424256 0.058752 0.058518
2 0.678423 0.433782 0.009951 0.012247
2 0.661965 0.431061 0.010716 0.017691
2 0.698326 0.431741 0.013013 0.016330
4 0.628666 0.424256 0.013013 0.012247
8 0.549245 0.414049 0.008420 0.021774
8 0.585224 0.395677 0.034447 0.017691
8 0.692202 0.394317 0.007654 0.014969
8 0.635555 0.396358 0.007654 0.016330
8 0.689906 0.413369 0.013778 0.014969
8 0.678423 0.422215 0.009185 0.013608
8 0.742151 0.413369 0.009951 0.006804
8 0.722248 0.409286 0.015309 0.025856
8 0.656798 0.399760 0.008420 0.009526
8 0.668663 0.399080 0.007654 0.010887
8 0.680911 0.397719 0.006123 0.010887
8 0.644550 0.400441 0.006889 0.010887
2 0.037141 0.668913 0.072722 0.313004
7 0.744065 0.400441 0.006889 0.016330
7 0.854679 0.403843 0.007654 0.020413
8 0.853531 0.418813 0.009951 0.009526
8 0.403609 0.421534 0.018371 0.017691
8 0.463701 0.428339 0.011482 0.014969
