2 0.038300 0.554414 0.074650 0.152464
2 0.848285 0.667376 0.297886 0.469866
2 0.292756 0.557879 0.106811 0.128901
2 0.526650 0.512140 0.036643 0.054055
2 0.439720 0.499666 0.010915 0.023562
2 0.118116 0.514912 0.109930 0.067915
4 0.058863 0.496894 0.055354 0.042967
2 0.357467 0.508675 0.025728 0.036036
2 0.385144 0.505210 0.021830 0.031878
2 0.394110 0.500359 0.014813 0.019404
2 0.414381 0.498280 0.011694 0.015246
2 0.496244 0.503131 0.039761 0.036036
2 0.679461 0.509368 0.114607 0.056827
8 0.095896 0.442838 0.009355 0.051283
8 0.689596 0.381160 0.042880 0.077618
8 0.567192 0.428978 0.011694 0.015246
2 0.453753 0.498973 0.010915 0.019404
