8 0.447759 0.290177 0.016380 0.027041
2 0.433718 0.374422 0.021061 0.024961
1 0.444833 0.376502 0.012870 0.016640
6 0.441323 0.388983 0.010530 0.016640
2 0.453024 0.393143 0.012870 0.024961
2 0.302670 0.409784 0.016380 0.045762
2 0.234221 0.409784 0.066693 0.049922
2 0.272248 0.396263 0.021061 0.031201
0 0.286874 0.404584 0.003510 0.043682
0 0.294479 0.413944 0.009360 0.049922
1 0.191513 0.413944 0.032761 0.124807
5 0.190928 0.472188 0.033932 0.095685
0 0.118593 0.378939 0.017968 0.039175
6 0.112533 0.442026 0.059673 0.122727
2 0.491636 0.404584 0.076054 0.122727
2 0.360588 0.446186 0.129877 0.210092
8 0.776548 0.069684 0.053823 0.131047
7 0.912861 0.040562 0.040952 0.081124
0 0.976630 0.396263 0.044462 0.405624
8 0.228955 0.345300 0.009360 0.020801
8 0.472915 0.312018 0.005850 0.016640
7 0.462384 0.353621 0.010530 0.016640
