7 0.470510 0.591854 0.008046 0.017880
7 0.520800 0.587384 0.006034 0.019668
2 0.497667 0.643708 0.012069 0.017880
2 0.454920 0.646390 0.015086 0.030397
2 0.445365 0.653543 0.012069 0.041125
2 0.436816 0.654437 0.017098 0.042913
2 0.423238 0.660695 0.024139 0.044701
2 0.404631 0.661589 0.031179 0.071523
2 0.369931 0.663377 0.070405 0.092980
2 0.316121 0.675894 0.075434 0.128741
2 0.242698 0.686622 0.121701 0.164503
2 0.111442 0.739370 0.221274 0.230662
7 0.419215 0.620463 0.008046 0.017880
2 0.524320 0.644602 0.021121 0.037549
2 0.551980 0.653543 0.038220 0.051854
2 0.580142 0.663377 0.042243 0.075099
2 0.605790 0.678576 0.053307 0.105496
2 0.652056 0.692880 0.069399 0.123377
2 0.771243 0.707185 0.197135 0.237814
2 0.903505 0.779602 0.186072 0.407682
