7 0.484479 0.466174 0.013647 0.027727
7 0.335333 0.457509 0.005848 0.024261
7 0.329972 0.456643 0.008773 0.032926
7 0.322661 0.460975 0.009748 0.031193
7 0.555640 0.508633 0.007798 0.015596
8 0.283181 0.469640 0.036067 0.024261
8 0.561489 0.520764 0.011697 0.032926
2 0.409419 0.576219 0.035093 0.043324
4 0.481067 0.543292 0.039967 0.081450
2 0.450361 0.582285 0.038992 0.058921
2 0.328997 0.631675 0.088707 0.109178
2 0.186188 0.746919 0.138422 0.370860
4 0.715021 0.537227 0.141347 0.162901
4 0.880898 0.492169 0.237197 0.256482
