7 0.403214 0.478182 0.011694 0.019404
7 0.530686 0.467787 0.010915 0.020790
8 0.377486 0.482109 0.022609 0.009702
8 0.575126 0.469635 0.012474 0.018018
8 0.554076 0.489039 0.029626 0.020790
0 0.681678 0.543788 0.012474 0.066529
0 0.693762 0.531313 0.011694 0.069301
2 0.620086 0.563885 0.045219 0.059599
2 0.476850 0.528682 0.040541 0.106114
2 0.446054 0.568571 0.055354 0.090092
2 0.292464 0.594213 0.070947 0.108110
2 0.156416 0.611539 0.212063 0.189886
2 0.386842 0.595995 0.120845 0.144147
2 0.533415 0.567581 0.083422 0.148305
2 0.027941 0.682622 0.055882 0.228696
8 0.927597 0.213437 0.028476 0.065624
