8 0.810065 0.117843 0.068236 0.038125
8 0.769123 0.220956 0.052639 0.133440
0 0.611204 0.424582 0.025345 0.076251
7 0.463033 0.344865 0.009748 0.017329
7 0.418679 0.341399 0.008773 0.020795
7 0.478630 0.371726 0.007798 0.012130
7 0.456697 0.374326 0.008773 0.017329
7 0.006823 0.345731 0.011697 0.025994
7 0.804216 0.305006 0.027294 0.062387
2 0.502026 0.440179 0.048740 0.069319
2 0.452798 0.398588 0.020470 0.031193
2 0.391385 0.401187 0.034118 0.039858
2 0.346544 0.423716 0.034118 0.077984
2 0.313888 0.434114 0.062387 0.081450
2 0.220306 0.436713 0.068236 0.090115
2 0.241264 0.463575 0.092606 0.109178
2 0.421604 0.463575 0.073110 0.102246
