8 0.209116 0.337183 0.022461 0.029694
8 0.424692 0.492655 0.010546 0.018749
0 0.635630 0.521952 0.010546 0.049218
2 0.443149 0.520780 0.026367 0.032812
2 0.419419 0.519609 0.026367 0.039843
2 0.405576 0.513749 0.022412 0.051562
2 0.384482 0.513749 0.035595 0.065624
2 0.377890 0.524296 0.025048 0.067968
2 0.357456 0.520780 0.042187 0.093749
2 0.328452 0.534843 0.063281 0.112499
2 0.291538 0.543046 0.063281 0.152343
2 0.487314 0.525468 0.011865 0.028124
2 0.501816 0.516093 0.025048 0.046874
2 0.525547 0.521952 0.035595 0.053906
2 0.687842 0.586674 0.125518 0.168213
2 0.572348 0.531327 0.079101 0.110156
2 0.168931 0.554765 0.242577 0.288281
2 0.861728 0.593437 0.275536 0.623437
