8 0.092554 0.328010 0.035299 0.139285
8 0.099872 0.425969 0.020663 0.053571
8 0.802940 0.324949 0.029272 0.136224
8 0.797774 0.418316 0.018941 0.050510
8 0.680252 0.274438 0.018080 0.047449
8 0.595016 0.455816 0.011192 0.030612
8 0.572200 0.442041 0.008609 0.018367
8 0.341805 0.425255 0.008609 0.010714
8 0.347401 0.446683 0.012914 0.010714
8 0.405086 0.472704 0.002582 0.019897
7 0.275510 0.441964 0.007748 0.022959
7 0.266039 0.440433 0.007748 0.022959
7 0.355580 0.470280 0.007748 0.015306
7 0.429623 0.405229 0.006026 0.026020
7 0.687484 0.433163 0.011192 0.036734
7 0.663807 0.468367 0.015497 0.018367
8 0.684040 0.410204 0.014636 0.012244
7 0.422477 0.405153 0.006026 0.026020
7 0.593896 0.428112 0.005165 0.026020
2 0.497784 0.505102 0.011192 0.018367
2 0.515003 0.509694 0.012914 0.018367
2 0.525335 0.514285 0.019802 0.024489
2 0.474537 0.500510 0.026690 0.015306
2 0.438377 0.506632 0.011192 0.015306
2 0.425032 0.510459 0.020663 0.022959
2 0.413409 0.521939 0.030133 0.039795
2 0.531792 0.531122 0.027551 0.036734
2 0.639270 0.582398 0.124840 0.182142
2 0.774442 0.654555 0.266039 0.246428
2 0.255339 0.574198 0.132589 0.180612
2 0.132080 0.630425 0.264161 0.258673
2 0.018863 0.694711 0.037726 0.203571
2 0.472098 0.595663 0.125701 0.182142
2 0.890474 0.732428 0.215242 0.371938
