2 0.485156 0.554081 0.017219 0.024489
2 0.468798 0.555612 0.013775 0.024489
2 0.454592 0.557143 0.016358 0.024489
2 0.443399 0.557908 0.016358 0.029081
2 0.416278 0.561734 0.034438 0.045918
2 0.380979 0.571683 0.027551 0.056632
2 0.145503 0.605357 0.159279 0.169898
2 0.288424 0.581632 0.155835 0.180612
2 0.556042 0.555357 0.012914 0.022959
2 0.569818 0.559949 0.011192 0.029081
2 0.583785 0.569669 0.018080 0.035204
2 0.604018 0.579618 0.039604 0.055102
2 0.648358 0.607935 0.064572 0.102551
2 0.738329 0.623241 0.179081 0.182142
0 0.887511 0.563082 0.022295 0.053626
2 0.500085 0.553756 0.014426 0.020984
2 0.514512 0.551424 0.014426 0.020984
2 0.544677 0.551424 0.017049 0.025647
8 0.944612 0.324093 0.048526 0.116580
