7 0.016736 0.311146 0.020084 0.056108
7 0.255356 0.261838 0.015302 0.062909
7 0.273049 0.261838 0.010520 0.062909
7 0.358168 0.245686 0.010520 0.112216
7 0.775155 0.366404 0.018171 0.078211
7 0.366297 0.411460 0.021040 0.039105
7 0.545621 0.495623 0.010520 0.017002
7 0.683819 0.455667 0.019127 0.028904
7 0.592006 0.340050 0.011476 0.062909
8 0.344300 0.339200 0.032517 0.054408
8 0.638869 0.333249 0.021040 0.039105
7 0.605377 0.340194 0.015265 0.048979
0 0.929612 0.631643 0.028691 0.193828
0 0.948740 0.601889 0.022953 0.158123
0 0.990343 0.625692 0.018171 0.215931
2 0.089422 0.577235 0.176932 0.217632
2 0.365615 0.775979 0.570556 0.441695
3 0.209634 0.514296 0.229902 0.170651
2 0.688718 0.595807 0.134426 0.205102
2 0.775484 0.580069 0.079380 0.095214
2 0.903959 0.592396 0.187452 0.123268
2 0.568584 0.554565 0.110941 0.091813
2 0.436602 0.530761 0.099464 0.054408
2 0.500680 0.540538 0.032517 0.031454
7 0.336208 0.262133 0.012914 0.076530
7 0.773581 0.472592 0.019802 0.026020
2 0.369356 0.534582 0.043048 0.058163
7 0.321572 0.383817 0.023246 0.038265
8 0.684040 0.484837 0.011192 0.019897
7 0.624279 0.417149 0.011482 0.040826
