8 0.079073 0.188792 0.090451 0.143975
8 0.166896 0.207490 0.076778 0.136495
8 0.246830 0.215904 0.076778 0.153324
8 0.486107 0.354269 0.023138 0.056094
8 0.593387 0.410364 0.016828 0.029916
8 0.653338 0.415038 0.008414 0.028047
8 0.877364 0.423452 0.021035 0.022437
8 0.352007 0.387926 0.022087 0.074792
8 0.145335 0.384186 0.035760 0.018698
8 0.176887 0.386991 0.025242 0.028047
8 0.458761 0.406624 0.008414 0.014958
8 0.084332 0.386991 0.010517 0.013088
2 0.080125 0.428127 0.027345 0.057964
2 0.151645 0.438411 0.079934 0.074792
2 0.204233 0.413168 0.037863 0.024307
2 0.699615 0.445890 0.035760 0.022437
2 0.660700 0.443085 0.054691 0.024307
2 0.567093 0.438411 0.063105 0.033656
2 0.737479 0.455239 0.023138 0.014958
2 0.779024 0.458044 0.034708 0.013088
2 0.898925 0.455239 0.085193 0.029916
3 0.929426 0.456174 0.074675 0.028047
8 0.781127 0.382317 0.005258 0.037396
8 0.945729 0.426257 0.008414 0.013088
2 0.479270 0.443085 0.059950 0.013088
2 0.433519 0.438411 0.042070 0.022437
2 0.399336 0.429997 0.015776 0.016828
2 0.381982 0.429997 0.014724 0.016828
2 0.369361 0.427192 0.016828 0.014958
2 0.263658 0.600149 0.276614 0.364612
2 0.252089 0.416908 0.068364 0.020567
2 0.483812 0.424446 0.018931 0.016828
8 0.767263 0.425381 0.007362 0.014958
8 0.765160 0.444079 0.007362 0.018698
