7 0.322206 0.337874 0.007382 0.022499
7 0.359648 0.369749 0.010546 0.018749
7 0.427675 0.325687 0.005273 0.024374
7 0.412910 0.375374 0.009492 0.014999
8 0.275273 0.339374 0.025312 0.014999
8 0.219374 0.360937 0.008437 0.009374
8 0.224121 0.378749 0.011601 0.007499
8 0.127089 0.363749 0.015820 0.011249
8 0.467753 0.329062 0.022148 0.013124
8 0.432421 0.374062 0.012656 0.009374
8 0.429785 0.388124 0.009492 0.011249
2 0.278964 0.417656 0.034804 0.028124
2 0.333808 0.415781 0.015820 0.028124
2 0.449296 0.427031 0.029531 0.046874
2 0.548437 0.426093 0.052734 0.089999
2 0.493593 0.440156 0.063281 0.095624
2 0.390761 0.445312 0.102304 0.166874
2 0.766933 0.538124 0.424335 0.487499
2 0.319042 0.415124 0.015820 0.041249
