7 0.280257 0.055455 0.012672 0.065853
7 0.611691 0.233087 0.018521 0.029460
8 0.485941 0.074518 0.038017 0.045057
8 0.582447 0.111777 0.038017 0.029460
8 0.601456 0.149903 0.021445 0.015596
2 0.173028 0.427182 0.344107 0.532028
2 0.486429 0.369993 0.052639 0.084916
0 0.414780 0.371726 0.012672 0.036392
2 0.365552 0.378658 0.011697 0.022528
7 0.429890 0.292009 0.007798 0.019062
8 0.453773 0.295475 0.010722 0.015596
2 0.396259 0.373459 0.014622 0.019062
2 0.428428 0.363061 0.012672 0.022528
7 0.346056 0.311938 0.005848 0.020795
7 0.383099 0.335333 0.007798 0.015596
7 0.595120 0.230487 0.014622 0.038125
