7 0.279282 0.277278 0.014622 0.062387
7 0.386998 0.270346 0.013647 0.048523
7 0.465958 0.259082 0.015596 0.046790
7 0.767661 0.039858 0.034118 0.076251
7 0.688214 0.356129 0.013647 0.015596
8 0.481555 0.229621 0.017546 0.050256
8 0.514698 0.229621 0.037042 0.019062
8 0.657995 0.287676 0.025345 0.010397
8 0.922655 0.259082 0.014622 0.067586
8 0.427940 0.444512 0.007798 0.019062
4 0.891461 0.414185 0.211533 0.218356
2 0.524934 0.468774 0.016571 0.025994
2 0.191549 0.532894 0.065312 0.060654
2 0.274895 0.519031 0.050690 0.046790
2 0.232491 0.533761 0.030219 0.045057
2 0.310963 0.509499 0.037042 0.051989
2 0.337770 0.506900 0.034118 0.046790
2 0.362141 0.498235 0.024370 0.036392
2 0.383099 0.497368 0.021445 0.031193
2 0.255399 0.509499 0.015596 0.027727
3 0.104304 0.526829 0.161818 0.138639
2 0.400646 0.489570 0.009748 0.025994
