8 0.454281 0.310472 0.038982 0.016632
8 0.463637 0.290374 0.014033 0.012474
8 0.526788 0.305621 0.056134 0.040195
8 0.541991 0.276514 0.017931 0.012474
8 0.511600 0.380268 0.015592 0.009702
8 0.491719 0.376803 0.007016 0.008316
8 0.481974 0.376110 0.009355 0.006930
8 0.037130 0.295027 0.046778 0.133059
8 0.225414 0.333143 0.035084 0.040195
8 0.284668 0.328292 0.063151 0.058213
8 0.356395 0.322055 0.063151 0.056827
2 0.247634 0.449768 0.021830 0.029106
2 0.272193 0.448382 0.024169 0.023562
3 0.148230 0.446105 0.102133 0.088706
2 0.185039 0.455836 0.086872 0.072130
2 0.008429 0.469272 0.016859 0.038809
2 0.050774 0.486597 0.100574 0.067915
2 0.441321 0.424226 0.007796 0.015246
2 0.482642 0.420761 0.012474 0.019404
2 0.529421 0.416602 0.015592 0.024948
2 0.547742 0.420761 0.017931 0.030492
2 0.635842 0.397198 0.016372 0.011088
2 0.650655 0.397198 0.013253 0.011088
2 0.431742 0.428384 0.014033 0.018018
2 0.406793 0.429077 0.031185 0.044353
2 0.375218 0.429077 0.011694 0.019404
2 0.395878 0.444323 0.042100 0.055441
2 0.333785 0.456798 0.086540 0.119199
2 0.578204 0.422147 0.065490 0.094250
2 0.750116 0.465114 0.226876 0.202361
4 0.966468 0.313838 0.065490 0.097022
2 0.496634 0.419622 0.009355 0.034650
2 0.513006 0.418236 0.028067 0.054055
2 0.463109 0.428631 0.032745 0.049897
2 0.880609 0.342351 0.027287 0.013860
2 0.861297 0.349974 0.025370 0.006930
2 0.901660 0.343044 0.014813 0.006930
2 0.842017 0.353439 0.014033 0.008316
2 0.825254 0.353439 0.016372 0.011088
2 0.138060 0.468304 0.035180 0.051864
2 0.805709 0.359999 0.018877 0.009152
2 0.879072 0.344745 0.021451 0.009152
2 0.923815 0.344784 0.021852 0.009712
