2 0.604560 0.421983 0.032783 0.046790
2 0.555869 0.401952 0.038232 0.063281
2 0.531479 0.407812 0.013183 0.018749
2 0.524228 0.414843 0.011865 0.032812
2 0.509067 0.412499 0.031640 0.046874
2 0.484018 0.400780 0.023730 0.028124
3 0.383164 0.391405 0.077783 0.131249
4 0.321201 0.399609 0.027685 0.039843
0 0.337681 0.414843 0.010546 0.051562
0 0.772739 0.399609 0.010546 0.072656
0 0.796469 0.404296 0.015820 0.077343
0 0.754941 0.408984 0.014501 0.063281
0 0.723300 0.397265 0.006591 0.053906
0 0.712094 0.397265 0.007910 0.044531
0 0.704184 0.404296 0.010546 0.025781
0 0.688364 0.404296 0.007910 0.030468
0 0.675839 0.411327 0.006591 0.025781
2 0.878208 0.482812 0.242577 0.337499
2 0.277036 0.433593 0.071191 0.070312
2 0.220347 0.403124 0.060644 0.074999
7 0.511704 0.371484 0.005273 0.021093
7 0.471494 0.370312 0.003955 0.018749
8 0.272946 0.293742 0.042891 0.064120
0 0.810065 0.394255 0.013647 0.050256
8 0.615591 0.382991 0.008773 0.017329
8 0.653121 0.223555 0.017546 0.034659
