2 0.864389 0.566833 0.218803 0.203852
2 0.755572 0.528351 0.097115 0.122727
2 0.687123 0.511710 0.070204 0.081124
2 0.660212 0.499229 0.044462 0.072804
2 0.632130 0.494029 0.035102 0.058243
2 0.614579 0.488829 0.021061 0.047842
2 0.601123 0.486749 0.024571 0.052003
2 0.582987 0.481548 0.021061 0.024961
2 0.606973 0.456587 0.017551 0.016640
2 0.595273 0.457627 0.008190 0.022881
2 0.584742 0.450347 0.010530 0.024961
2 0.576552 0.447226 0.005850 0.018721
2 0.567776 0.445146 0.009360 0.014560
8 0.628620 0.402504 0.014040 0.029121
8 0.898321 0.322419 0.022231 0.027041
8 0.891300 0.154969 0.045632 0.095685
8 0.892471 0.217373 0.045632 0.033281
8 0.888960 0.258975 0.031591 0.045762
