2 0.344938 0.520560 0.011476 0.018136
2 0.351314 0.526227 0.010201 0.020403
2 0.375861 0.522260 0.013389 0.019269
2 0.368210 0.512625 0.022315 0.024937
2 0.383512 0.522260 0.007013 0.019269
2 0.485846 0.524527 0.036980 0.057808
2 0.495251 0.531328 0.036980 0.053274
2 0.502583 0.533595 0.024866 0.048740
2 0.409176 0.521127 0.030604 0.048740
2 0.447750 0.539829 0.052920 0.068010
2 0.362918 0.524017 0.020403 0.032871
2 0.629508 0.569870 0.260776 0.367254
8 0.151064 0.389438 0.012114 0.045340
8 0.474643 0.497283 0.015302 0.045340
8 0.089855 0.352923 0.074598 0.105415
