7 0.374960 0.152344 0.014081 0.053642
2 0.269854 0.393735 0.061353 0.089403
2 0.184362 0.394629 0.045260 0.044701
2 0.127031 0.397311 0.011063 0.028609
2 0.106413 0.392841 0.026150 0.033973
2 0.077245 0.391052 0.016092 0.041125
2 0.057632 0.392841 0.021121 0.037549
2 0.027961 0.383006 0.042243 0.053642
2 0.004928 0.392841 0.009856 0.037549
2 0.308577 0.400887 0.024139 0.046490
2 0.332213 0.404463 0.017098 0.028609
2 0.347300 0.407145 0.015086 0.023245
2 0.362387 0.408039 0.017098 0.035761
2 0.387029 0.407145 0.036208 0.051854
3 0.698826 0.492079 0.599453 0.976291
