0 0.157641 0.455658 0.027708 0.102514
0 0.183852 0.455658 0.024713 0.105177
0 0.203698 0.460983 0.020968 0.094526
0 0.221297 0.444341 0.014228 0.069230
0 0.108963 0.403735 0.008237 0.017307
0 0.395975 0.467640 0.017598 0.081213
0 0.408898 0.465587 0.023972 0.087758
0 0.582262 0.467640 0.012731 0.057248
0 0.559421 0.458320 0.010484 0.049260
0 0.535082 0.454326 0.008237 0.046597
0 0.572526 0.458320 0.009735 0.057248
0 0.548187 0.450998 0.007488 0.039940
0 0.550808 0.458986 0.011233 0.047928
0 0.526844 0.441678 0.005242 0.018639
0 0.539575 0.441013 0.008237 0.030621
0 0.896804 0.566715 0.059162 0.221005
2 0.374894 0.447337 0.013480 0.053254
5 0.374070 0.464511 0.012731 0.033284
4 0.433457 0.412056 0.014977 0.033284
2 0.396900 0.436626 0.010707 0.020498
2 0.446317 0.428573 0.004118 0.021963
2 0.451671 0.427841 0.011530 0.017570
2 0.453730 0.432234 0.012354 0.020498
2 0.453730 0.434430 0.010707 0.019034
2 0.456613 0.437358 0.013177 0.024891
2 0.464025 0.443947 0.018119 0.032212
2 0.465261 0.443947 0.014001 0.029284
2 0.477203 0.445411 0.018119 0.035140
2 0.484204 0.446144 0.018943 0.030748
2 0.485439 0.449072 0.018119 0.030748
2 0.492440 0.450536 0.020590 0.033676
2 0.494911 0.457125 0.014001 0.032212
2 0.390394 0.430769 0.009883 0.023427
2 0.381746 0.431502 0.009059 0.024891
2 0.359096 0.439555 0.019766 0.046854
2 0.354978 0.442483 0.018119 0.043926
2 0.350448 0.446876 0.017295 0.043926
2 0.344683 0.449072 0.014001 0.057104
2 0.337271 0.454197 0.014001 0.073210
2 0.371039 0.437358 0.023884 0.033676
2 0.431987 0.419056 0.015648 0.017570
2 0.420456 0.416127 0.007412 0.011713
2 0.430339 0.432966 0.018943 0.021963
2 0.308856 0.452733 0.065889 0.087852
2 0.512454 0.461518 0.037886 0.049783
2 0.738043 0.549370 0.195197 0.172776
2 0.079479 0.501979 0.158958 0.279663
2 0.961781 0.489673 0.066480 0.091553
8 0.228467 0.302293 0.020599 0.026633
8 0.228936 0.324765 0.029026 0.021639
8 0.733438 0.244864 0.017790 0.021639
8 0.745610 0.273162 0.034644 0.018310
8 0.725011 0.342244 0.015917 0.049938
8 0.438864 0.372207 0.004681 0.016646
8 0.405343 0.367879 0.006554 0.016646
0 0.258899 0.443452 0.006554 0.023304
