2 0.055578 0.526986 0.110688 0.271525
4 0.598295 0.453003 0.223093 0.465254
2 0.308703 0.541477 0.187913 0.221186
2 0.450710 0.491138 0.039470 0.053389
2 0.405233 0.481986 0.034322 0.053389
2 0.470874 0.481223 0.021451 0.042711
2 0.212172 0.501816 0.029173 0.032033
2 0.207024 0.493426 0.036038 0.033559
7 0.239630 0.346223 0.012012 0.038135
7 0.378205 0.400375 0.007722 0.021355
7 0.432691 0.364528 0.003432 0.028983
7 0.440214 0.363765 0.005548 0.021355
7 0.137093 0.340884 0.011154 0.036610
8 0.044423 0.205121 0.088379 0.122033
7 0.457146 0.427833 0.004290 0.012203
4 0.220324 0.473596 0.043760 0.021355
2 0.233623 0.491901 0.013728 0.021355
