2 0.508153 0.478002 0.014724 0.024307
2 0.554957 0.479872 0.022087 0.039265
2 0.630158 0.490022 0.039967 0.031786
2 0.668021 0.492827 0.035760 0.026177
2 0.742697 0.496567 0.061002 0.041135
2 0.811588 0.490022 0.047329 0.046745
2 0.852081 0.500306 0.063105 0.052354
2 0.920445 0.499372 0.073623 0.054224
7 0.476375 0.450356 0.007362 0.014958
7 0.495832 0.463445 0.008414 0.026177
7 0.400647 0.455030 0.007362 0.016828
7 0.437985 0.474663 0.010517 0.007479
7 0.459546 0.469321 0.011569 0.011218
2 0.481108 0.500440 0.027345 0.050484
2 0.431674 0.496700 0.027345 0.024307
2 0.396440 0.513529 0.045225 0.061703
7 0.375931 0.459705 0.006310 0.014958
2 0.453236 0.527285 0.070468 0.104709
2 0.272332 0.531025 0.072571 0.093490
8 0.366991 0.459705 0.009465 0.011218
8 0.390130 0.455965 0.013672 0.011218
8 0.486892 0.446616 0.013672 0.011218
8 0.598379 0.446616 0.009465 0.018698
