2 0.034118 0.458376 0.068236 0.095314
2 0.801779 0.515565 0.344107 0.265147
2 0.507387 0.429781 0.018521 0.024261
2 0.395771 0.431514 0.023395 0.024261
2 0.110153 0.449711 0.085783 0.081450
2 0.232004 0.437580 0.050690 0.060654
2 0.267584 0.436713 0.024370 0.048523
2 0.293417 0.434980 0.021445 0.038125
2 0.367989 0.431514 0.030219 0.031193
2 0.633137 0.472240 0.110153 0.147304
2 0.580010 0.452310 0.066286 0.114377
2 0.547842 0.447978 0.038992 0.084916
2 0.531270 0.444512 0.021445 0.064120
2 0.478143 0.426315 0.016571 0.020795
8 0.426965 0.325802 0.015596 0.020795
8 0.390410 0.328401 0.010722 0.015596
8 0.656533 0.344865 0.020470 0.045057
8 0.662869 0.256482 0.019496 0.020795
