8 0.480520 0.275616 0.053823 0.093605
8 0.156411 0.486749 0.016380 0.024961
8 0.220765 0.549152 0.018721 0.033281
8 0.015607 0.568914 0.031214 0.085285
2 0.330752 0.552273 0.011700 0.014560
2 0.347132 0.551233 0.009360 0.012480
2 0.341282 0.554353 0.011700 0.018721
2 0.358248 0.538752 0.015210 0.020801
2 0.356493 0.553313 0.016380 0.016640
2 0.302085 0.559553 0.024571 0.037442
6 0.413241 0.553313 0.017551 0.045762
6 0.446588 0.557473 0.018721 0.083204
0 0.436058 0.540832 0.007020 0.049922
0 0.424357 0.548112 0.009360 0.056163
2 0.171622 0.547072 0.053823 0.024961
2 0.280019 0.557499 0.015820 0.026249
