7 0.315956 0.253814 0.006002 0.026679
7 0.308452 0.260039 0.005002 0.028458
7 0.396495 0.252924 0.007003 0.028458
0 0.257927 0.373873 0.012005 0.053359
0 0.247922 0.391660 0.018008 0.078260
0 0.219408 0.372984 0.013006 0.040909
0 0.202900 0.364980 0.008003 0.032015
0 0.208402 0.401442 0.013006 0.044466
0 0.189893 0.364090 0.014006 0.048023
0 0.143871 0.391660 0.018008 0.078260
0 0.132365 0.394328 0.015007 0.083596
0 0.065832 0.408557 0.032015 0.126284
8 0.439517 0.314288 0.011005 0.019565
8 0.210904 0.268932 0.012005 0.024901
8 0.238417 0.298280 0.019009 0.026679
4 0.336966 0.348083 0.024011 0.062252
2 0.438516 0.361423 0.013006 0.064031
2 0.452023 0.359644 0.022010 0.085375
4 0.557575 0.264486 0.217107 0.385968
2 0.289894 0.382810 0.063933 0.099691
2 0.387991 0.372094 0.110054 0.213438
2 0.822706 0.421897 0.353174 0.313043
