2 0.290566 0.318749 0.009492 0.024374
2 0.306386 0.313124 0.009492 0.016874
2 0.294257 0.317812 0.010546 0.018749
2 0.315351 0.324374 0.012656 0.043124
2 0.273691 0.326249 0.024257 0.039374
2 0.247324 0.327187 0.043242 0.052499
2 0.119706 0.353437 0.026367 0.056249
2 0.047988 0.372187 0.095976 0.112499
2 0.178769 0.374062 0.138164 0.149999
2 0.370195 0.315937 0.023203 0.037499
2 0.391288 0.312187 0.016874 0.022499
2 0.401308 0.314999 0.011601 0.028124
2 0.407109 0.323437 0.018984 0.037499
2 0.415019 0.328124 0.015820 0.046874
2 0.430839 0.331874 0.032695 0.058124
2 0.343300 0.329999 0.058007 0.084374
2 0.459843 0.340312 0.063281 0.097499
2 0.831093 0.297187 0.159257 0.127499
8 0.065390 0.284062 0.016874 0.056249
8 0.232558 0.239062 0.032695 0.029999
8 0.297949 0.269999 0.013710 0.028124
8 0.321679 0.250312 0.008437 0.014999
8 0.317988 0.277499 0.011601 0.016874
8 0.334335 0.271874 0.008437 0.016874
8 0.348046 0.278437 0.008437 0.011249
8 0.512050 0.237187 0.030585 0.022499
