2 0.066774 0.422849 0.133548 0.159435
2 0.247601 0.416784 0.107228 0.133440
2 0.402966 0.405787 0.112336 0.214356
2 0.793006 0.434980 0.342157 0.384724
2 0.475706 0.360462 0.035093 0.062387
2 0.186675 0.401187 0.063362 0.091848
2 0.251500 0.345731 0.046790 0.022528
2 0.290005 0.372593 0.034118 0.051989
2 0.311451 0.369993 0.028269 0.043324
2 0.286593 0.348331 0.023395 0.024261
2 0.300240 0.344865 0.019496 0.010397
2 0.343619 0.343132 0.018521 0.034659
2 0.632650 0.385590 0.060438 0.098780
2 0.456697 0.360462 0.012672 0.038125
2 0.449386 0.347464 0.015596 0.022528
8 0.170103 0.247817 0.057513 0.072785
8 0.578061 0.265147 0.058488 0.041591
8 0.631188 0.231354 0.016571 0.015596
8 0.641910 0.269480 0.014622 0.015596
7 0.253450 0.268613 0.007798 0.027727
7 0.328997 0.270346 0.006823 0.027727
7 0.393822 0.265147 0.007798 0.024261
7 0.456210 0.258215 0.003899 0.024261
7 0.521034 0.263414 0.006823 0.024261
7 0.531757 0.301540 0.008773 0.017329
8 0.325098 0.302407 0.008773 0.015596
8 0.325585 0.316270 0.009748 0.015596
