8 0.522497 0.388190 0.019496 0.020795
8 0.559052 0.390789 0.024370 0.015596
8 0.551253 0.358729 0.030219 0.024261
3 0.475218 0.372593 0.026319 0.010397
3 0.447436 0.372593 0.021445 0.013863
2 0.546867 0.435847 0.009748 0.008664
2 0.540043 0.436713 0.007798 0.010397
2 0.577573 0.436713 0.006823 0.013863
2 0.560027 0.445378 0.016571 0.024261
2 0.514698 0.435847 0.009748 0.015596
2 0.525421 0.440179 0.013647 0.020795
2 0.501051 0.446245 0.023395 0.029460
2 0.483017 0.435847 0.010722 0.019062
2 0.453773 0.434980 0.008773 0.020795
2 0.440613 0.428048 0.009748 0.010397
2 0.424528 0.427182 0.012672 0.012130
2 0.406982 0.427182 0.008773 0.015596
2 0.394309 0.428048 0.010722 0.017329
2 0.348981 0.430648 0.015596 0.019062
2 0.335333 0.429781 0.015596 0.017329
2 0.329485 0.421116 0.015596 0.017329
2 0.468395 0.439313 0.022420 0.036392
2 0.373838 0.447111 0.043866 0.055455
2 0.185213 0.433247 0.068236 0.041591
2 0.034118 0.438446 0.068236 0.055455
8 0.703811 0.266014 0.011697 0.032926
2 0.548970 0.377889 0.017551 0.012480
