8 0.697788 0.091417 0.032288 0.021259
2 0.490305 0.342637 0.016742 0.019133
2 0.477150 0.344055 0.009566 0.014881
2 0.466387 0.344055 0.014350 0.014881
2 0.453831 0.347244 0.017937 0.021259
2 0.435096 0.349370 0.022721 0.034015
2 0.420745 0.353622 0.013154 0.038267
2 0.408787 0.360000 0.022721 0.046771
2 0.398622 0.360000 0.016742 0.046771
2 0.390251 0.369567 0.023917 0.065905
2 0.359158 0.371338 0.055009 0.080787
2 0.262492 0.347952 0.120782 0.068031
2 0.524586 0.350078 0.045442 0.068031
4 0.594544 0.361771 0.106432 0.180708
2 0.731471 0.391889 0.241565 0.314645
2 0.175792 0.447874 0.351584 0.225354
2 0.861621 0.476220 0.275049 0.503858
