2 0.044439 0.545405 0.087320 0.117813
2 0.129421 0.532237 0.145014 0.133059
2 0.337196 0.500359 0.052236 0.072073
2 0.235842 0.528079 0.166064 0.163552
2 0.329400 0.458778 0.053795 0.036036
2 0.427245 0.488577 0.017152 0.040195
2 0.472854 0.482340 0.016372 0.038809
2 0.505600 0.451154 0.016372 0.015246
2 0.525481 0.474717 0.010915 0.034650
2 0.521582 0.481647 0.010915 0.042967
4 0.697782 0.535010 0.0 0.016632
3 0.550039 0.461550 0.042880 0.080390
3 0.592530 0.462936 0.034304 0.069301
2 0.392161 0.492735 0.063930 0.081776
2 0.497024 0.486498 0.041321 0.058213
2 0.451414 0.487884 0.034304 0.044353
2 0.559785 0.485112 0.046778 0.080390
2 0.642427 0.485112 0.070168 0.088706
8 0.719301 0.247649 0.027443 0.026819
8 0.722965 0.365662 0.014081 0.023245
8 0.409703 0.374229 0.010135 0.016632
8 0.599937 0.408794 0.010135 0.019232
8 0.577717 0.411652 0.012474 0.013860
8 0.719444 0.272682 0.029168 0.026821
4 0.393064 0.438973 0.060347 0.051854
7 0.462464 0.412152 0.006034 0.016092
7 0.561535 0.410364 0.005028 0.019668
