2 0.316819 0.563082 0.020329 0.055275
2 0.303664 0.565208 0.044247 0.072283
2 0.268984 0.554578 0.039463 0.063779
2 0.239087 0.580090 0.063380 0.106299
2 0.044585 0.549567 0.088842 0.159448
3 0.361316 0.492165 0.047834 0.040393
2 0.378656 0.577204 0.082514 0.163700
2 0.126926 0.598464 0.210472 0.214724
2 0.456387 0.639921 0.206884 0.267874
2 0.595107 0.642047 0.123174 0.187086
2 0.760735 0.647362 0.224822 0.244488
2 0.900651 0.703700 0.193730 0.335905
8 0.133538 0.411732 0.040659 0.021259
8 0.565246 0.472322 0.028700 0.019133
7 0.183764 0.419173 0.016742 0.036141
7 0.402010 0.460630 0.013154 0.025511
