7 0.111672 0.360962 0.013806 0.034652
7 0.386184 0.277941 0.010558 0.038983
7 0.447097 0.275053 0.012182 0.047647
7 0.585977 0.343636 0.008933 0.028877
7 0.713893 0.301042 0.012994 0.038983
2 0.697244 0.410775 0.085277 0.088074
2 0.320399 0.421604 0.059288 0.101069
2 0.354929 0.408609 0.011396 0.040427
2 0.825160 0.363128 0.102332 0.064973
2 0.433696 0.364572 0.008121 0.007219
2 0.463340 0.370347 0.012182 0.007219
2 0.446285 0.370347 0.008933 0.010106
2 0.451158 0.381176 0.012182 0.002887
2 0.473086 0.386951 0.013806 0.011550
2 0.454406 0.393449 0.015431 0.010106
2 0.431666 0.384064 0.008933 0.005775
2 0.437351 0.402112 0.017055 0.018770
2 0.558364 0.405000 0.026801 0.027433
2 0.530750 0.398502 0.028425 0.034652
2 0.196544 0.421604 0.045481 0.040427
2 0.056039 0.428101 0.043856 0.021657
8 0.763029 0.218021 0.028425 0.080855
8 0.788207 0.301042 0.012182 0.114064
8 0.849119 0.166764 0.039796 0.105401
8 0.643235 0.293823 0.032486 0.041871
2 0.392276 0.363850 0.009745 0.008663
2 0.409331 0.349411 0.011370 0.017326
2 0.382530 0.387673 0.011370 0.015882
