7 0.202989 0.232053 0.019120 0.082554
7 0.224159 0.241765 0.020486 0.082554
8 0.149133 0.225451 0.037060 0.090902
8 0.058216 0.227196 0.114725 0.043705
8 0.639357 0.531918 0.009560 0.041277
2 0.526680 0.608402 0.010926 0.024280
2 0.514388 0.618114 0.021852 0.029136
2 0.459756 0.609616 0.019120 0.021852
2 0.426978 0.616900 0.024584 0.031564
2 0.390784 0.622970 0.047802 0.048561
0 0.698086 0.652974 0.017755 0.084982
2 0.579262 0.622623 0.023218 0.024280
2 0.569019 0.616553 0.010926 0.021852
2 0.530094 0.633550 0.042339 0.065557
7 0.868126 0.052372 0.049168 0.104745
7 0.909384 0.041970 0.030616 0.083941
7 0.991046 0.512493 0.016389 0.080125
0 0.115408 0.618912 0.020486 0.089838
2 0.498332 0.607070 0.009438 0.025932
7 0.483082 0.567203 0.008580 0.010677
7 0.542717 0.573304 0.007722 0.013728
8 0.554729 0.581694 0.009438 0.006101
