8 0.371345 0.266118 0.049117 0.105338
8 0.471139 0.323639 0.024169 0.051283
2 0.092232 0.385318 0.028846 0.030492
8 0.576391 0.342489 0.021050 0.020790
2 0.584612 0.358983 0.017931 0.036036
2 0.605272 0.365220 0.042100 0.062371
2 0.616577 0.372843 0.031965 0.058213
2 0.639187 0.386704 0.064710 0.085934
2 0.461818 0.369378 0.037422 0.037422
2 0.540172 0.364527 0.084981 0.072073
2 0.717897 0.415117 0.124743 0.156622
2 0.677706 0.366606 0.021830 0.044353
2 0.914402 0.340964 0.170742 0.144147
2 0.897250 0.484188 0.205046 0.266118
2 0.513794 0.497125 0.194911 0.285523
2 0.340713 0.433367 0.134099 0.149691
