7 0.260557 0.341484 0.011865 0.053906
7 0.249351 0.344999 0.013183 0.042187
7 0.275059 0.339140 0.011865 0.044531
7 0.409531 0.492655 0.022412 0.037499
7 0.600034 0.370780 0.034277 0.056249
8 0.675180 0.386015 0.031640 0.063281
8 0.667929 0.339140 0.027685 0.025781
8 0.534116 0.429374 0.021093 0.023437
8 0.536753 0.457499 0.013183 0.042187
8 0.405576 0.439921 0.019775 0.016406
8 0.388437 0.434062 0.009228 0.023437
2 0.112241 0.646171 0.023730 0.025781
2 0.091148 0.653202 0.021093 0.030468
2 0.066758 0.655546 0.035595 0.044531
2 0.027207 0.653202 0.046142 0.044531
2 0.245395 0.609843 0.010546 0.028124
2 0.309336 0.593437 0.017138 0.060937
2 0.324497 0.591093 0.021093 0.074999
2 0.696933 0.484452 0.048779 0.025781
2 0.747690 0.489140 0.065917 0.067968
2 0.623764 0.634452 0.297949 0.292968
2 0.212436 0.621562 0.015820 0.023437
2 0.232871 0.614530 0.022412 0.037499
2 0.268467 0.612187 0.040869 0.060937
2 0.352182 0.588749 0.050097 0.070312
2 0.178818 0.622733 0.064599 0.091406
2 0.010637 0.667265 0.021275 0.044531
2 0.842612 0.676640 0.313769 0.564843
4 0.286593 0.572753 0.031193 0.025994
