2 0.284335 0.474430 0.023734 0.028691
2 0.167563 0.476117 0.014240 0.018565
4 0.121518 0.483712 0.037974 0.050632
2 0.057911 0.475105 0.091139 0.096202
2 0.013765 0.504641 0.027531 0.091139
2 0.247784 0.480168 0.039873 0.048945
0 0.223101 0.482700 0.007594 0.033755
2 0.229746 0.475105 0.005696 0.042194
4 0.611392 0.447257 0.068354 0.121518
2 0.717246 0.477636 0.044620 0.067510
2 0.683069 0.464978 0.027531 0.025316
2 0.748100 0.464978 0.017088 0.018565
2 0.863449 0.464978 0.012341 0.021940
2 0.788449 0.474261 0.027531 0.060759
3 0.485126 0.435442 0.184177 0.219409
8 0.524050 0.317299 0.013291 0.010126
7 0.356487 0.339240 0.006645 0.033755
7 0.817404 0.398312 0.032278 0.037130
7 0.700632 0.405907 0.009493 0.015189
7 0.579588 0.016877 0.050316 0.033755
7 0.348892 0.413501 0.014240 0.020253
7 0.336445 0.676916 0.016139 0.001687
