2 0.352942 0.393962 0.014327 0.030566
2 0.380881 0.393538 0.012895 0.028018
2 0.393060 0.394811 0.020058 0.035660
2 0.397358 0.405000 0.022924 0.040754
2 0.409537 0.406273 0.027222 0.038207
2 0.426730 0.415189 0.038685 0.056037
2 0.461117 0.421556 0.055878 0.089151
2 0.583620 0.429198 0.051580 0.114622
2 0.315690 0.393538 0.025790 0.033113
2 0.291332 0.392264 0.037252 0.050943
2 0.365121 0.397358 0.021491 0.035660
2 0.524876 0.468679 0.146143 0.183396
2 0.681766 0.466132 0.170501 0.213962
4 0.335749 0.376132 0.014327 0.025471
2 0.336465 0.399056 0.021491 0.025471
2 0.019820 0.443632 0.038685 0.236887
2 0.138741 0.450849 0.273661 0.326038
2 0.884505 0.523443 0.226379 0.618962
0 0.861580 0.426651 0.020058 0.038207
0 0.820030 0.436840 0.020058 0.058584
0 0.801404 0.441934 0.022924 0.089151
0 0.772031 0.435566 0.030088 0.106981
8 0.733346 0.305660 0.021491 0.056037
8 0.703974 0.294198 0.022924 0.017830
8 0.690363 0.304387 0.027222 0.017830
8 0.686064 0.326038 0.015760 0.020377
8 0.010507 0.159198 0.014327 0.028018
7 0.500519 0.258537 0.008596 0.028018
7 0.006208 0.227971 0.011462 0.053490
7 0.319272 0.253443 0.010029 0.033113
7 0.293481 0.340896 0.007163 0.028018
7 0.491922 0.260660 0.011462 0.035660
7 0.639499 0.258113 0.014327 0.040754
7 0.708989 0.348538 0.021491 0.028018
