2 0.026472 0.539768 0.052945 0.128919
2 0.915340 0.475321 0.168478 0.125884
2 0.826079 0.456355 0.119033 0.099839
8 0.818753 0.300085 0.031131 0.021704
7 0.776634 0.362553 0.016380 0.042459
7 0.193939 0.398728 0.017551 0.036673
2 0.536652 0.472608 0.010987 0.031471
2 0.548250 0.473151 0.019533 0.043408
2 0.558322 0.474779 0.026248 0.068368
2 0.486291 0.476406 0.011598 0.017363
2 0.457296 0.483460 0.025638 0.046664
2 0.594955 0.473914 0.062649 0.098472
2 0.504418 0.480566 0.032963 0.044493
2 0.415667 0.477939 0.063183 0.086264
