2 0.029169 0.485422 0.058339 0.096914
2 0.103768 0.482871 0.044950 0.071410
2 0.343822 0.465869 0.021997 0.051007
2 0.880359 0.477771 0.083206 0.091813
2 0.984605 0.419112 0.027735 0.028904
2 0.320391 0.470970 0.047819 0.057808
3 0.376818 0.431864 0.055470 0.139420
2 0.533762 0.441215 0.010520 0.015302
2 0.542848 0.464169 0.022953 0.040806
0 0.282613 0.468419 0.014345 0.057808
0 0.277485 0.468419 0.007651 0.049307
0 0.233012 0.473520 0.012433 0.062909
0 0.201930 0.478621 0.017215 0.079911
0 0.170716 0.486697 0.012433 0.062909
1 0.161630 0.485847 0.017215 0.074811
2 0.456199 0.511776 0.174063 0.295843
2 0.777546 0.566184 0.277353 0.268639
8 0.748376 0.132619 0.021997 0.037405
8 0.761288 0.164924 0.038255 0.027204
8 0.737856 0.231234 0.052601 0.034005
8 0.748855 0.285642 0.026778 0.030604
7 0.766548 0.294143 0.027735 0.047607
7 0.734031 0.299244 0.010520 0.040806
7 0.705339 0.370655 0.027735 0.027204
8 0.718728 0.332399 0.027735 0.011901
7 0.502105 0.246536 0.013389 0.047607
7 0.284526 0.223583 0.012433 0.049307
7 0.298394 0.226133 0.015302 0.047607
7 0.515017 0.249087 0.014345 0.039105
7 0.059296 0.369804 0.022953 0.039105
7 0.234794 0.404660 0.012433 0.023803
7 0.243880 0.406360 0.011476 0.020403
8 0.242923 0.348551 0.013389 0.010201
8 0.249618 0.377456 0.019127 0.013602
7 0.087988 0.373205 0.009563 0.028904
0 0.031970 0.497323 0.011476 0.124118
0 0.039143 0.497323 0.008607 0.124118
8 0.534554 0.406481 0.014345 0.032304
0 0.558942 0.450688 0.009563 0.052707
0 0.539815 0.464290 0.007651 0.045906
0 0.546988 0.468541 0.006694 0.054408
