2 0.093125 0.639140 0.011865 0.035156
2 0.078623 0.641483 0.017138 0.039843
2 0.193979 0.615702 0.013183 0.021093
2 0.228916 0.623905 0.022412 0.018749
2 0.226279 0.642655 0.022412 0.037499
2 0.258579 0.640312 0.050097 0.089062
2 0.298130 0.640312 0.055371 0.117187
0 0.414805 0.598124 0.017138 0.042187
2 0.358774 0.650858 0.110742 0.152343
2 0.206504 0.618046 0.019775 0.030468
2 0.057529 0.648515 0.038232 0.049218
2 0.495884 0.694218 0.224120 0.215624
0 0.445786 0.579374 0.013183 0.023437
4 0.142563 0.614530 0.094921 0.187499
2 0.011955 0.657890 0.023911 0.072656
2 0.236390 0.605680 0.016571 0.012130
