7 0.586850 0.189140 0.013183 0.025781
7 0.596079 0.196171 0.015820 0.025781
7 0.456992 0.054374 0.009228 0.051562
7 0.427988 0.224296 0.006591 0.030468
7 0.464243 0.244218 0.005273 0.018749
8 0.046323 0.234843 0.031640 0.051562
8 0.013274 0.236015 0.026548 0.044531
8 0.649472 0.224296 0.014501 0.030468
8 0.868979 0.213749 0.013183 0.051562
8 0.506430 0.234843 0.015820 0.023437
8 0.390415 0.219609 0.015820 0.021093
8 0.296811 0.246562 0.013183 0.018749
7 0.574985 0.203202 0.010546 0.021093
8 0.172886 0.232499 0.018457 0.070312
2 0.110923 0.250077 0.026367 0.025781
2 0.078623 0.248906 0.032958 0.037499
2 0.280151 0.283426 0.043505 0.053906
2 0.322338 0.288113 0.043505 0.063281
2 0.504272 0.291629 0.009228 0.028124
2 0.519433 0.288113 0.023730 0.044531
2 0.599853 0.301841 0.026367 0.021093
2 0.566234 0.298325 0.017138 0.018749
2 0.224302 0.300468 0.087011 0.074999
2 0.356138 0.302812 0.050097 0.060937
2 0.449082 0.293437 0.017138 0.028124
2 0.526206 0.295781 0.029003 0.037499
2 0.420737 0.295781 0.018457 0.023437
2 0.400962 0.296952 0.026367 0.035156
