2 0.412205 0.288617 0.012433 0.020403
2 0.418899 0.295418 0.008607 0.017002
2 0.408379 0.293718 0.014345 0.023803
2 0.395468 0.296269 0.019127 0.032304
2 0.392598 0.304770 0.019127 0.035705
2 0.367732 0.305620 0.040168 0.071410
2 0.355299 0.317522 0.040168 0.064609
2 0.311783 0.328573 0.075554 0.110516
2 0.285961 0.350677 0.088944 0.120717
2 0.235750 0.377881 0.122418 0.151322
2 0.120983 0.427188 0.240054 0.260138
2 0.445519 0.296127 0.010520 0.018702
2 0.452214 0.297827 0.012433 0.025503
2 0.465125 0.301228 0.026778 0.039105
2 0.495729 0.308879 0.047819 0.074811
2 0.522030 0.321631 0.062165 0.079911
2 0.548012 0.350535 0.034430 0.100314
2 0.578617 0.368104 0.089900 0.178526
2 0.702629 0.413444 0.273528 0.296410
2 0.058600 0.503839 0.116679 0.341750
2 0.907398 0.508940 0.182670 0.491373
2 0.430376 0.288192 0.019127 0.034005
