0 0.804220 0.558137 0.011569 0.057964
0 0.782580 0.584314 0.025399 0.158933
0 0.765304 0.581257 0.017880 0.145339
0 0.528657 0.549723 0.015776 0.086011
0 0.541804 0.572160 0.018931 0.119667
0 0.525167 0.608622 0.055060 0.211288
2 0.472913 0.570291 0.049433 0.093490
2 0.348805 0.544113 0.022087 0.018698
2 0.323562 0.574030 0.055743 0.067313
2 0.406652 0.570291 0.116746 0.153324
0 0.600703 0.581509 0.029449 0.153324
0 0.636463 0.593663 0.042070 0.207548
8 0.254176 0.491759 0.010517 0.026177
7 0.243133 0.472749 0.011569 0.054224
2 0.247866 0.550346 0.031552 0.033656
8 0.053289 0.433171 0.035760 0.063573
8 0.821604 0.292313 0.074675 0.190720
8 0.004870 0.503700 0.009740 0.033987
0 0.776380 0.517296 0.011470 0.031268
