7 0.385801 0.287577 0.006591 0.025781
8 0.718686 0.191484 0.023730 0.030468
8 0.715390 0.081328 0.043505 0.053906
8 0.644199 0.164531 0.019775 0.037499
8 0.439167 0.268440 0.013238 0.026556
0 0.046323 0.340312 0.018457 0.065624
0 0.917758 0.410624 0.047460 0.140624
0 0.012705 0.335624 0.017138 0.065624
0 0.843271 0.419999 0.048779 0.192187
0 0.698252 0.388359 0.011865 0.058593
0 0.613877 0.363749 0.019775 0.060937
1 0.595420 0.371952 0.017138 0.053906
5 0.590146 0.384843 0.025048 0.028124
0 0.570371 0.364921 0.017138 0.053906
0 0.560483 0.367265 0.015820 0.044531
0 0.543344 0.367265 0.015820 0.058593
0 0.532798 0.362577 0.015820 0.039843
0 0.518955 0.366093 0.014501 0.046874
0 0.493906 0.359062 0.011865 0.042187
0 0.469516 0.357957 0.015820 0.035021
0 0.429306 0.353202 0.009228 0.030468
2 0.399643 0.359062 0.013183 0.023437
2 0.371299 0.383671 0.027685 0.114843
2 0.358774 0.415312 0.047460 0.196874
4 0.338999 0.291093 0.076464 0.103124
2 0.414145 0.362577 0.023730 0.035156
2 0.189365 0.439921 0.375732 0.578905
5 0.646836 0.411796 0.017138 0.067968
5 0.633652 0.405937 0.022412 0.070312
4 0.118384 0.290177 0.071374 0.085285
