7 0.345081 0.447978 0.007798 0.012130
7 0.387973 0.448844 0.007798 0.010397
2 0.815098 0.585751 0.368796 0.415918
2 0.198860 0.535494 0.060438 0.065853
2 0.309501 0.522497 0.049715 0.074518
2 0.369939 0.510366 0.036067 0.053722
2 0.522009 0.544159 0.106254 0.110911
2 0.442562 0.513832 0.062387 0.098780
2 0.271483 0.520764 0.030219 0.032926
2 0.337283 0.509499 0.015596 0.038125
2 0.348006 0.499968 0.009748 0.025994
2 0.406982 0.516431 0.018521 0.045057
2 0.404057 0.508633 0.028269 0.053722
2 0.665306 0.471373 0.069211 0.069319
2 0.499101 0.487837 0.058488 0.043324
