2 0.133319 0.604391 0.266638 0.479408
2 0.836169 0.683315 0.326671 0.573819
2 0.290417 0.577284 0.127082 0.162166
2 0.673613 0.559958 0.169962 0.266118
2 0.580835 0.545405 0.065490 0.151077
2 0.545362 0.529465 0.042880 0.102566
2 0.523921 0.515605 0.031185 0.066529
2 0.513396 0.506596 0.036643 0.056827
2 0.497413 0.498973 0.024948 0.038809
2 0.345382 0.544712 0.063930 0.127515
2 0.398398 0.526693 0.053015 0.085934
2 0.445957 0.508675 0.023389 0.033264
2 0.459601 0.501052 0.008576 0.029106
8 0.411652 0.447689 0.010915 0.022176
8 0.530938 0.446996 0.012474 0.023562
8 0.530158 0.424820 0.015592 0.012474
8 0.537955 0.416503 0.014033 0.009702
7 0.350060 0.419276 0.015592 0.018018
