7 0.538904 0.308801 0.018104 0.026821
7 0.004425 0.075456 0.008850 0.071523
7 0.018908 0.078139 0.022127 0.069735
8 0.523817 0.278403 0.016092 0.026821
4 0.267843 0.357973 0.047272 0.078675
2 0.258790 0.371384 0.033191 0.048278
2 0.257785 0.394629 0.029168 0.059006
2 0.169275 0.366913 0.061353 0.096556
2 0.215541 0.398205 0.081469 0.094768
2 0.342271 0.399993 0.057330 0.066158
2 0.445365 0.405357 0.048278 0.069735
2 0.329699 0.363337 0.014081 0.021456
2 0.368925 0.367807 0.010057 0.023245
2 0.382503 0.369596 0.023133 0.030397
2 0.400105 0.383006 0.026150 0.042913
2 0.401110 0.393735 0.016092 0.050066
2 0.417706 0.394629 0.033191 0.059006
2 0.050591 0.483139 0.099573 0.232450
2 0.967876 0.463470 0.041237 0.075099
0 0.618362 0.409827 0.026150 0.100132
0 0.135581 0.409827 0.020115 0.085827
0 0.493141 0.391052 0.017098 0.062582
