8 0.084106 0.518419 0.014354 0.038279
8 0.481901 0.570734 0.007895 0.020415
8 0.575208 0.501831 0.020814 0.045935
8 0.622220 0.483967 0.017225 0.053591
8 0.329119 0.535645 0.014354 0.016587
8 0.256713 0.541658 0.012919 0.011483
8 0.259225 0.560798 0.010766 0.011483
8 0.259584 0.573558 0.008612 0.011483
7 0.249775 0.574196 0.010048 0.014035
0 0.639460 0.597164 0.009330 0.058695
2 0.554698 0.606521 0.015072 0.030623
2 0.474669 0.595038 0.008612 0.017863
2 0.493689 0.606521 0.042347 0.061247
2 0.513068 0.623747 0.059572 0.080387
2 0.287935 0.617367 0.023685 0.049763
2 0.266762 0.616091 0.034451 0.057419
2 0.232669 0.616091 0.059572 0.075283
2 0.188527 0.629489 0.080387 0.079111
4 0.316013 0.612112 0.033016 0.107183
2 0.398588 0.645014 0.155033 0.304962
2 0.062922 0.613965 0.063161 0.123771
2 0.048546 0.698988 0.096895 0.505293
0 0.740864 0.574670 0.030133 0.110204
0 0.713313 0.582323 0.026690 0.107142
