7 0.329751 0.196989 0.029272 0.084183
7 0.307796 0.105153 0.037021 0.166836
7 0.263887 0.129642 0.035299 0.114795
7 0.606897 0.303826 0.042187 0.029081
7 0.392860 0.319898 0.018080 0.116326
7 0.466473 0.285459 0.068877 0.035204
7 0.862863 0.313010 0.036160 0.022959
8 0.367634 0.413265 0.039604 0.091836
8 0.427041 0.479847 0.015497 0.035204
8 0.368495 0.535969 0.025829 0.075000
8 0.128427 0.398979 0.011192 0.052040
8 0.773294 0.535204 0.016358 0.070408
0 0.885765 0.547041 0.028239 0.084489
2 0.061559 0.596479 0.078348 0.093367
2 0.279987 0.575051 0.034438 0.062755
2 0.346712 0.568928 0.028412 0.081122
2 0.679907 0.547500 0.038743 0.050510
2 0.775045 0.539847 0.089540 0.071938
2 0.905654 0.534030 0.023246 0.029693
2 0.314512 0.580408 0.066294 0.091836
2 0.496779 0.598775 0.142920 0.229591
2 0.236508 0.591734 0.071460 0.076530
2 0.940523 0.563418 0.115369 0.176020
