2 0.021093 0.431952 0.042187 0.044531
2 0.982506 0.449648 0.033618 0.043828
2 0.922945 0.445898 0.084563 0.043359
2 0.151611 0.424218 0.071191 0.058593
2 0.062622 0.426562 0.046142 0.044531
2 0.087011 0.412499 0.039550 0.044531
2 0.216869 0.417187 0.067236 0.067968
2 0.272241 0.423046 0.056689 0.074999
2 0.350683 0.440624 0.116015 0.180468
2 0.487133 0.489843 0.122607 0.171093
2 0.649291 0.464062 0.127880 0.157031
2 0.568871 0.433593 0.051415 0.082031
2 0.406054 0.435937 0.034277 0.079687
2 0.121288 0.413280 0.031640 0.042187
2 0.440112 0.436718 0.032958 0.065624
2 0.538329 0.421484 0.023730 0.044531
2 0.499657 0.391171 0.031640 0.030468
8 0.484496 0.345119 0.051415 0.038197
8 0.709936 0.220312 0.035595 0.051562
8 0.713231 0.258984 0.039550 0.025781
8 0.526872 0.344530 0.009228 0.018749
7 0.515007 0.343359 0.011865 0.025781
2 0.833202 0.441796 0.063281 0.032812
2 0.787060 0.448241 0.047460 0.052734
2 0.742894 0.434374 0.040869 0.051562
2 0.717846 0.427343 0.011865 0.042187
7 0.419237 0.330468 0.005273 0.021093
2 0.128539 0.377343 0.038232 0.021093
7 0.376674 0.345918 0.004304 0.018367
8 0.361176 0.350510 0.009470 0.018367
