2 0.785970 0.744743 0.423417 0.506328
2 0.136364 0.587679 0.021835 0.047257
2 0.167219 0.596961 0.036075 0.038818
2 0.201870 0.598649 0.031329 0.035443
2 0.234149 0.599493 0.035126 0.030379
2 0.256459 0.600337 0.011392 0.021940
2 0.269275 0.598649 0.012341 0.025316
2 0.283991 0.599493 0.018987 0.027004
3 0.051805 0.566582 0.103611 0.099578
3 0.129719 0.569957 0.063607 0.079324
8 0.186206 0.562362 0.007594 0.016877
2 0.422124 0.608776 0.027531 0.048945
2 0.533199 0.614683 0.038924 0.027004
8 0.297282 0.526075 0.018987 0.048945
8 0.488579 0.526075 0.021835 0.042194
8 0.584940 0.502447 0.020886 0.042194
8 0.729718 0.502447 0.010443 0.025316
8 0.454877 0.575020 0.005696 0.021940
7 0.407883 0.517636 0.004746 0.028691
7 0.436839 0.507510 0.005696 0.025316
2 0.324339 0.594430 0.014240 0.027004
2 0.339054 0.599493 0.011392 0.020253
8 0.382250 0.601181 0.006645 0.020253
