2 0.067683 0.498179 0.135366 0.157010
2 0.845217 0.609701 0.308702 0.400597
2 0.594293 0.476902 0.118858 0.129130
2 0.151570 0.475568 0.074110 0.102874
2 0.201823 0.443081 0.069034 0.095655
2 0.537857 0.443081 0.058882 0.088435
2 0.419585 0.439472 0.053806 0.073997
2 0.473391 0.433155 0.039593 0.064973
2 0.365271 0.442179 0.042638 0.057754
2 0.495218 0.433155 0.016243 0.050534
2 0.449026 0.439472 0.011167 0.034291
7 0.301821 0.374498 0.007106 0.037901
7 0.518568 0.380815 0.008121 0.025267
8 0.506893 0.334792 0.023349 0.012633
8 0.504355 0.351938 0.008121 0.018048
8 0.506893 0.368181 0.011167 0.021657
