0 0.471319 0.396421 0.002924 0.019062
0 0.465470 0.397288 0.004874 0.017329
0 0.615591 0.418084 0.032168 0.128241
0 0.573674 0.420683 0.028269 0.126508
0 0.707223 0.418950 0.026319 0.136906
0 0.835897 0.415484 0.038017 0.195828
2 0.437688 0.397028 0.011697 0.022528
2 0.429402 0.395295 0.006823 0.043324
2 0.407957 0.387496 0.038017 0.086649
2 0.378712 0.414358 0.049715 0.071052
2 0.457672 0.393562 0.010722 0.012130
0 0.331434 0.447285 0.027294 0.161168
0 0.531757 0.387496 0.014622 0.045057
0 0.550766 0.393562 0.007798 0.057188
4 0.169616 0.350497 0.339233 0.700128
8 0.545404 0.239152 0.022420 0.013863
8 0.558564 0.273812 0.021445 0.013863
8 0.662869 0.140372 0.052639 0.103979
8 0.665793 0.026861 0.058488 0.036392
8 0.751559 0.053598 0.047765 0.067586
