0 0.042187 0.520312 0.027421 0.103124
0 0.234878 0.495749 0.015820 0.063749
0 0.395929 0.485437 0.010546 0.043124
0 0.390656 0.481687 0.008437 0.031874
0 0.945727 0.514411 0.039467 0.150177
0 0.777198 0.477937 0.015820 0.088124
0 0.719718 0.491062 0.021093 0.103124
0 0.612773 0.482624 0.010546 0.056249
0 0.601171 0.465749 0.010546 0.022499
0 0.591152 0.465749 0.013710 0.029999
0 0.622265 0.474187 0.010546 0.054374
0 0.380953 0.491999 0.014765 0.056249
0 0.896905 0.489187 0.029531 0.125624
0 0.795655 0.494812 0.023203 0.103124
0 0.769288 0.495749 0.023203 0.093749
0 0.873702 0.489187 0.031640 0.103124
0 0.689027 0.480749 0.015820 0.074999
0 0.654222 0.495749 0.024257 0.104999
0 0.569742 0.482062 0.012656 0.058874
0 0.631441 0.478687 0.015820 0.069374
5 0.832148 0.559687 0.035859 0.114374
5 0.658441 0.509999 0.026367 0.067499
5 0.581976 0.504374 0.012656 0.041249
0 0.359331 0.485624 0.007382 0.037499
0 0.363550 0.488437 0.009492 0.043124
1 0.582187 0.490312 0.016874 0.065624
1 0.834784 0.512812 0.028476 0.155624
0 0.735644 0.499687 0.024257 0.106874
7 0.439593 0.393749 0.006328 0.022499
7 0.489691 0.391874 0.005273 0.018749
7 0.443812 0.395624 0.006328 0.018749
7 0.433792 0.393749 0.005273 0.018749
5 0.535253 0.489374 0.009492 0.022499
1 0.535253 0.479999 0.011601 0.037499
4 0.426304 0.467812 0.035859 0.073124
4 0.269156 0.492187 0.044296 0.099374
2 0.471867 0.478124 0.023203 0.037499
4 0.514054 0.466874 0.025312 0.052499
2 0.317988 0.489374 0.076992 0.116249
2 0.156937 0.535312 0.172968 0.189374
2 0.491800 0.468749 0.013710 0.022499
2 0.477035 0.466874 0.015820 0.029999
8 0.818331 0.224999 0.051679 0.052499
8 0.814640 0.180937 0.035859 0.065624
8 0.830038 0.252187 0.025312 0.028124
7 0.476296 0.427499 0.006328 0.014999
