2 0.552056 0.557008 0.156658 0.174330
2 0.486882 0.510236 0.093277 0.131811
2 0.428882 0.505984 0.046638 0.068031
2 0.419315 0.491102 0.049030 0.063779
2 0.397790 0.495354 0.015546 0.029763
2 0.388821 0.491102 0.031092 0.038267
2 0.045607 0.555945 0.090885 0.138189
2 0.100617 0.537874 0.071751 0.097795
2 0.186719 0.534685 0.119586 0.142440
2 0.245351 0.504212 0.027504 0.053149
2 0.279434 0.499252 0.045442 0.057401
2 0.309330 0.498189 0.023917 0.029763
2 0.329062 0.491456 0.015546 0.023385
2 0.344608 0.491456 0.020329 0.027637
8 0.846274 0.065196 0.064576 0.034015
8 0.818769 0.109842 0.081318 0.046771
8 0.782893 0.049251 0.023917 0.053149
8 0.820528 0.199842 0.038267 0.051023
