8 0.498072 0.439946 0.032761 0.060323
7 0.430207 0.453467 0.011700 0.016640
7 0.410901 0.455547 0.010530 0.020801
2 0.473500 0.498189 0.016380 0.035362
2 0.488126 0.507550 0.017551 0.041602
2 0.498072 0.514830 0.018721 0.052003
2 0.522643 0.515870 0.063183 0.091525
2 0.336017 0.510670 0.015210 0.027041
2 0.320221 0.515870 0.014040 0.033281
2 0.299745 0.517951 0.024571 0.037442
2 0.277513 0.521071 0.019891 0.031201
2 0.251187 0.526271 0.044462 0.049922
2 0.199704 0.534592 0.053823 0.062403
2 0.145880 0.548112 0.049142 0.068644
2 0.109023 0.556433 0.022231 0.035362
2 0.046424 0.531471 0.091265 0.122727
8 0.328996 0.422265 0.029251 0.095685
8 0.104928 0.462827 0.016380 0.047842
2 0.440738 0.538752 0.081904 0.128967
2 0.609813 0.534592 0.139238 0.162249
2 0.933338 0.728043 0.131047 0.374422
7 0.320806 0.489869 0.010530 0.018721
7 0.309105 0.490909 0.008190 0.016640
