8 0.604450 0.255120 0.028170 0.054435
8 0.602001 0.207943 0.020821 0.032661
8 0.285390 0.377782 0.014697 0.032661
8 0.140864 0.389758 0.014697 0.030483
8 0.137802 0.359274 0.015922 0.013064
8 0.125554 0.394112 0.011023 0.017419
8 0.134740 0.413709 0.026945 0.008709
2 0.426855 0.424596 0.023271 0.030483
2 0.410320 0.430040 0.009798 0.023951
2 0.398684 0.432217 0.013472 0.032661
2 0.377863 0.433306 0.030619 0.039193
2 0.349080 0.450725 0.041643 0.039193
2 0.200879 0.480121 0.085735 0.106693
2 0.023889 0.518225 0.047779 0.078387
4 0.097996 0.521492 0.173921 0.172016
2 0.705496 0.400645 0.034294 0.043548
2 0.680388 0.395201 0.072263 0.058790
2 0.535862 0.475766 0.211890 0.328790
