8 0.519092 0.361874 0.047460 0.063749
8 0.473741 0.362812 0.034804 0.076874
8 0.419424 0.360937 0.063281 0.095624
8 0.501690 0.431249 0.025312 0.018749
8 0.470577 0.433124 0.015820 0.018749
8 0.447374 0.434999 0.030585 0.022499
8 0.418897 0.436874 0.013710 0.026249
8 0.405186 0.438749 0.009492 0.029999
8 0.396749 0.438749 0.009492 0.022499
2 0.467413 0.463124 0.028476 0.041249
2 0.494835 0.470624 0.011601 0.018749
2 0.514874 0.471562 0.020039 0.028124
2 0.297081 0.473437 0.092812 0.099374
2 0.118839 0.539222 0.236249 0.354054
