2 0.847435 0.548929 0.302554 0.383527
8 0.455191 0.318897 0.025113 0.085039
7 0.474131 0.391181 0.027685 0.038267
8 0.450408 0.258307 0.032288 0.027637
7 0.461170 0.184705 0.017937 0.060037
7 0.345769 0.048897 0.026309 0.097795
7 0.314677 0.043582 0.026309 0.087165
8 0.027669 0.494291 0.011958 0.023385
2 0.013834 0.548504 0.027669 0.051023
2 0.039628 0.552756 0.026309 0.046771
2 0.064741 0.551693 0.026309 0.044645
2 0.098823 0.546378 0.039463 0.055275
2 0.191503 0.536811 0.095669 0.099921
2 0.278114 0.556269 0.134954 0.137539
