8 0.752717 0.382245 0.023218 0.038848
8 0.452074 0.387680 0.010926 0.024280
7 0.569531 0.392536 0.010926 0.029136
7 0.448659 0.402248 0.009560 0.019424
2 0.331202 0.522032 0.064191 0.087410
2 0.440465 0.485611 0.045070 0.053417
2 0.497145 0.481969 0.035510 0.046133
2 0.579092 0.458903 0.043705 0.063129
2 0.602310 0.455261 0.021852 0.046133
2 0.633723 0.460117 0.049168 0.094694
2 0.651478 0.477113 0.062826 0.070413
2 0.687671 0.484397 0.055997 0.094694
2 0.719084 0.484397 0.047802 0.104406
2 0.766204 0.486825 0.117457 0.152967
2 0.273156 0.517176 0.054631 0.077697
2 0.822884 0.523246 0.083312 0.182104
2 0.038924 0.583948 0.077849 0.128687
2 0.024584 0.644649 0.049168 0.172392
2 0.148870 0.550764 0.142041 0.138399
2 0.387199 0.539838 0.116091 0.140827
2 0.544264 0.504631 0.072386 0.109262
2 0.961419 0.590755 0.074884 0.224653
