8 0.166203 0.191943 0.021275 0.038388
8 0.157331 0.227132 0.017926 0.027725
8 0.229344 0.162085 0.032390 0.029857
8 0.210150 0.145023 0.029991 0.021327
8 0.205351 0.115165 0.041987 0.025592
8 0.221546 0.190876 0.016795 0.027725
8 0.673812 0.252724 0.019194 0.014928
7 0.202352 0.264454 0.014395 0.042654
7 0.213749 0.233530 0.022793 0.049052
7 0.638422 0.071445 0.015595 0.057582
7 0.615629 0.072511 0.013196 0.063981
7 0.521457 0.125829 0.011996 0.046919
7 0.555047 0.101303 0.011996 0.049052
7 0.435083 0.163151 0.007197 0.040521
2 0.218547 0.424407 0.200340 0.238862
2 0.492066 0.342298 0.013196 0.027725
2 0.475871 0.336966 0.011996 0.029857
2 0.462075 0.343364 0.020393 0.034123
2 0.510061 0.347630 0.017994 0.055450
2 0.792577 0.329502 0.088773 0.070379
2 0.433283 0.354028 0.044386 0.068246
2 0.551448 0.361492 0.069579 0.121563
2 0.104775 0.523577 0.209550 0.420141
2 0.867370 0.441468 0.263090 0.481990
8 0.680454 0.224296 0.015820 0.011718
8 0.176182 0.214921 0.011865 0.016406
