4 0.909066 0.364527 0.179318 0.224537
2 0.794068 0.354825 0.114607 0.121971
2 0.201148 0.323639 0.082642 0.081776
2 0.443228 0.320174 0.042880 0.058213
2 0.535226 0.320867 0.044439 0.073459
2 0.612801 0.327797 0.049897 0.048511
1 0.663478 0.316709 0.015592 0.042967
5 0.662698 0.331955 0.014033 0.042967
2 0.256893 0.320867 0.041321 0.062371
2 0.292367 0.318095 0.035863 0.048511
2 0.318095 0.316016 0.024948 0.041581
2 0.335247 0.316016 0.015592 0.038809
2 0.347721 0.313244 0.015592 0.038809
2 0.360975 0.313244 0.012474 0.033264
2 0.502871 0.315323 0.031185 0.045739
2 0.483380 0.309779 0.017152 0.034650
2 0.464278 0.307700 0.017931 0.019404
7 0.406974 0.245328 0.004677 0.016632
7 0.495074 0.264732 0.003118 0.016632
7 0.451804 0.274435 0.003898 0.013860
8 0.185165 0.178105 0.019491 0.042967
2 0.563973 0.324676 0.018877 0.030508
