2 0.368225 0.651651 0.028655 0.063679
2 0.390334 0.659365 0.044217 0.062537
2 0.171553 0.693353 0.059648 0.076132
2 0.350245 0.636706 0.021412 0.032628
2 0.303979 0.653021 0.029824 0.043504
2 0.375328 0.604848 0.009176 0.014954
2 0.368445 0.606888 0.009176 0.013595
2 0.352412 0.614501 0.014529 0.016314
2 0.329852 0.609063 0.021412 0.021752
2 0.337117 0.632175 0.017588 0.029909
2 0.277468 0.615181 0.016059 0.014954
2 0.267527 0.637613 0.025236 0.035347
2 0.286263 0.633534 0.013765 0.027190
2 0.296587 0.629456 0.017588 0.027190
2 0.252232 0.642371 0.026765 0.033987
2 0.241908 0.649169 0.016824 0.036706
2 0.224320 0.650528 0.036706 0.039425
2 0.214378 0.653247 0.032118 0.036706
2 0.207113 0.673640 0.043589 0.053021
2 0.149504 0.655286 0.035942 0.019033
2 0.139180 0.674093 0.027530 0.025830
2 0.126944 0.693126 0.033648 0.055740
2 0.095208 0.658459 0.028294 0.027190
2 0.034795 0.655060 0.022177 0.014954
2 0.104512 0.697205 0.039765 0.069335
2 0.063599 0.702643 0.083355 0.096525
2 0.028476 0.726525 0.055825 0.122356
2 0.258915 0.544680 0.006117 0.025830
8 0.647810 0.468228 0.022955 0.044074
8 0.641972 0.603640 0.014691 0.034280
0 0.943828 0.523443 0.031521 0.114622
0 0.968186 0.681368 0.045849 0.180849
7 0.314496 0.545731 0.007163 0.026745
0 0.420665 0.631953 0.011462 0.048396
2 0.536201 0.775613 0.256468 0.303113
