2 0.315878 0.632343 0.011601 0.018749
2 0.361230 0.644531 0.013710 0.028124
2 0.368613 0.646406 0.013710 0.028124
2 0.309550 0.648281 0.013710 0.050624
2 0.303749 0.651093 0.014765 0.067499
2 0.295839 0.652968 0.015820 0.074999
2 0.264199 0.657656 0.074882 0.106874
2 0.021621 0.609843 0.043242 0.086249
4 0.323999 0.626249 0.012656 0.063749
2 0.323472 0.644999 0.011601 0.029999
4 0.340347 0.617812 0.032695 0.058124
2 0.126035 0.704374 0.252070 0.296249
2 0.439804 0.666874 0.162421 0.292499
2 0.342245 0.642499 0.030585 0.048749
8 0.189316 0.530624 0.011601 0.018749
8 0.189316 0.554062 0.015820 0.024374
8 0.559406 0.486562 0.021093 0.035624
8 0.559933 0.522187 0.022148 0.031874
8 0.510890 0.573749 0.012656 0.022499
8 0.560460 0.553124 0.018984 0.026249
7 0.371671 0.612187 0.008437 0.016874
7 0.294152 0.573749 0.007382 0.014999
7 0.357433 0.565312 0.007382 0.024374
7 0.313663 0.612187 0.006328 0.020624
