5 0.629975 0.676513 0.074707 0.092187
7 0.403218 0.478857 0.021972 0.034374
8 0.716108 0.356982 0.037792 0.049999
8 0.444966 0.428857 0.022851 0.028124
8 0.449800 0.527294 0.021972 0.012499
8 0.448481 0.553076 0.015820 0.035937
8 0.824653 0.267919 0.054492 0.049999
8 0.827290 0.314013 0.059765 0.042187
7 0.791255 0.193462 0.028124 0.079210
0 0.412007 0.625732 0.013183 0.028124
2 0.387397 0.643701 0.029003 0.039062
2 0.350923 0.646044 0.014062 0.021874
2 0.470015 0.648388 0.143261 0.232812
2 0.117134 0.706982 0.075585 0.112499
2 0.230513 0.733544 0.242578 0.356249
2 0.829927 0.362451 0.028124 0.048437
7 0.595698 0.561669 0.006152 0.018749
7 0.801362 0.367919 0.027246 0.043749
