7 0.946762 0.321562 0.021093 0.089062
7 0.594101 0.386015 0.011865 0.035156
7 0.482041 0.383671 0.009228 0.030468
7 0.433262 0.377812 0.011865 0.032812
7 0.342954 0.363749 0.010546 0.037499
7 0.159702 0.021328 0.029003 0.042656
8 0.117515 0.007265 0.044824 0.014531
7 0.915122 0.332109 0.021093 0.091406
7 0.878208 0.356718 0.021093 0.065624
7 0.778012 0.262968 0.013183 0.070312
7 0.713413 0.431718 0.010546 0.037499
7 0.696274 0.436405 0.010546 0.046874
7 0.058189 0.463359 0.015820 0.039843
7 0.081260 0.464530 0.011865 0.037499
8 0.356138 0.364921 0.010546 0.025781
8 0.589487 0.412968 0.031640 0.023437
8 0.886777 0.268827 0.040869 0.039843
2 0.889414 0.513749 0.064599 0.051562
2 0.955331 0.490312 0.035595 0.051562
2 0.776694 0.519609 0.060644 0.058593
2 0.813608 0.518437 0.097558 0.051562
2 0.356797 0.544218 0.014501 0.023437
2 0.393052 0.536015 0.018457 0.025781
2 0.488633 0.530155 0.059326 0.093749
2 0.210459 0.559452 0.267626 0.302343
2 0.040959 0.560624 0.081919 0.112499
