7 0.335125 0.255733 0.010287 0.043749
7 0.426832 0.185077 0.014862 0.072517
7 0.439645 0.183897 0.015546 0.065905
8 0.514387 0.173267 0.083710 0.031889
7 0.226781 0.300826 0.010762 0.031889
7 0.253688 0.289133 0.011958 0.034015
2 0.376264 0.447519 0.034680 0.036141
7 0.403769 0.396496 0.010762 0.019133
2 0.421109 0.433700 0.033484 0.034015
2 0.440243 0.447519 0.035875 0.044645
7 0.621417 0.324212 0.025113 0.027637
7 0.588530 0.164763 0.026309 0.070157
2 0.349357 0.446456 0.019133 0.034015
2 0.092844 0.444330 0.096865 0.072283
2 0.010329 0.456023 0.017937 0.048897
7 0.230966 0.382677 0.019133 0.034015
2 0.851023 0.727086 0.295379 0.476220
7 0.992135 0.162637 0.013154 0.125433
7 0.345808 0.255802 0.011078 0.046424
8 0.262832 0.231518 0.014243 0.036576
8 0.534822 0.362351 0.018991 0.016881
8 0.528095 0.376419 0.018200 0.014067
8 0.494464 0.370088 0.009495 0.015474
8 0.601293 0.246290 0.023739 0.021101
