8 0.694767 0.210573 0.056180 0.118187
8 0.577256 0.307953 0.017790 0.016646
8 0.433059 0.382028 0.021535 0.014981
8 0.448508 0.341245 0.026217 0.023304
8 0.427441 0.343742 0.004681 0.024969
8 0.398882 0.340413 0.041199 0.031627
8 0.638586 0.033292 0.029963 0.066584
8 0.510307 0.059926 0.170414 0.119852
2 0.449445 0.410326 0.026217 0.014981
4 0.411991 0.400339 0.011236 0.021639
2 0.428845 0.406165 0.013108 0.019975
2 0.488771 0.460265 0.037453 0.081565
2 0.572106 0.481905 0.151687 0.198088
2 0.309929 0.426972 0.039326 0.064919
2 0.242513 0.448612 0.104870 0.121516
4 0.206932 0.374537 0.177905 0.216399
2 0.073034 0.461097 0.146069 0.123181
2 0.782315 0.563471 0.347383 0.331257
2 0.972602 0.688317 0.053789 0.091553
2 0.380155 0.566800 0.269667 0.317940
