2 0.285153 0.320142 0.020663 0.027551
2 0.357548 0.319854 0.017563 0.029387
2 0.461381 0.317099 0.014464 0.031224
2 0.507356 0.308833 0.017563 0.022040
2 0.488243 0.306078 0.018596 0.016530
2 0.521304 0.307915 0.018596 0.023877
2 0.257847 0.333629 0.033061 0.049591
2 0.105456 0.314343 0.065089 0.055102
2 0.054486 0.374877 0.107448 0.152448
2 0.187678 0.368790 0.177532 0.224868
2 0.326036 0.327988 0.059923 0.091836
2 0.529569 0.321559 0.022729 0.031224
2 0.413855 0.380335 0.128112 0.207550
2 0.491111 0.322789 0.024923 0.032437
0 0.844610 0.341763 0.046492 0.104693
7 0.267589 0.179999 0.008265 0.049591
7 0.307366 0.137755 0.007232 0.034897
7 0.451492 0.148775 0.006198 0.031224
7 0.429279 0.224999 0.005165 0.022040
7 0.485586 0.230510 0.004132 0.018367
7 0.319321 0.137492 0.013431 0.040408
7 0.281610 0.221064 0.006198 0.027551
7 0.207739 0.218308 0.007232 0.025714
8 0.271721 0.236938 0.018596 0.014693
8 0.575781 0.224999 0.021696 0.016530
8 0.826530 0.067171 0.053724 0.040408
8 0.829802 0.134387 0.027895 0.038571
8 0.984776 0.266632 0.027895 0.038571
7 0.007232 0.196530 0.014464 0.053265
7 0.585803 0.258061 0.017563 0.025714
0 0.794743 0.340219 0.037854 0.152945
0 0.878576 0.334271 0.039957 0.168919
0 0.649445 0.320845 0.014912 0.085649
0 0.922147 0.346676 0.044736 0.150906
0 0.723700 0.341578 0.024088 0.099924
0 0.564369 0.322970 0.016059 0.084120
0 0.609966 0.317871 0.014338 0.085139
0 0.546589 0.310785 0.012618 0.040785
0 0.554045 0.322205 0.020647 0.085649
0 0.574693 0.321185 0.013765 0.075453
0 0.584443 0.322205 0.012618 0.069335
0 0.622297 0.320675 0.013765 0.075453
0 0.596774 0.318891 0.015485 0.080041
0 0.671048 0.333421 0.028677 0.116238
0 0.684240 0.335460 0.020647 0.132552
0 0.735286 0.335120 0.018353 0.110120
0 0.751918 0.339199 0.021794 0.163141
0 0.770845 0.345317 0.018353 0.110120
0 0.900849 0.338179 0.020647 0.161102
0 0.805641 0.343277 0.027530 0.150906
