0 0.963381 0.525076 0.043660 0.137217
0 0.993788 0.527155 0.010915 0.144147
0 0.238571 0.473793 0.012474 0.031878
0 0.240910 0.473793 0.014033 0.048511
0 0.257283 0.500128 0.017152 0.115041
0 0.274045 0.502900 0.008576 0.076232
0 0.287299 0.491118 0.017931 0.097022
0 0.952856 0.527848 0.014813 0.112268
0 0.977025 0.525769 0.014813 0.127515
2 0.133847 0.587448 0.265079 0.400564
2 0.485641 0.603896 0.281452 0.342350
2 0.814209 0.539445 0.220899 0.260574
2 0.338755 0.488577 0.091218 0.148305
2 0.560175 0.465015 0.030406 0.048511
2 0.598767 0.501745 0.040541 0.063757
2 0.612021 0.481647 0.024948 0.065143
2 0.634241 0.498973 0.014813 0.016632
2 0.650874 0.496432 0.018451 0.030954
2 0.668286 0.489039 0.011694 0.018018
7 0.068218 0.046201 0.031965 0.091478
7 0.102523 0.048973 0.025728 0.097022
7 0.007016 0.361524 0.012474 0.042967
7 0.036253 0.363603 0.021050 0.038809
8 0.032355 0.038116 0.016372 0.073459
8 0.025923 0.226616 0.021830 0.033264
4 0.447516 0.425282 0.048338 0.023562
7 0.511057 0.419137 0.008576 0.022176
7 0.626055 0.433829 0.004677 0.016632
