3 0.910007 0.490522 0.178845 0.702204
4 0.266765 0.542502 0.121461 0.164924
3 0.521643 0.480199 0.045906 0.091813
2 0.405920 0.628729 0.227621 0.339807
2 0.336103 0.311874 0.051645 0.319647
2 0.504428 0.511897 0.034430 0.059508
0 0.167778 0.504246 0.011476 0.051007
0 0.597198 0.484450 0.007651 0.025503
0 0.579983 0.494652 0.005738 0.035705
0 0.585243 0.504003 0.008607 0.054408
0 0.572332 0.489551 0.005738 0.028904
0 0.565159 0.507404 0.012433 0.054408
0 0.819252 0.513537 0.030399 0.158244
2 0.720368 0.513597 0.027735 0.059508
2 0.774882 0.507646 0.125287 0.081612
2 0.656289 0.542744 0.113810 0.151322
5 0.162518 0.539101 0.023909 0.056108
2 0.610830 0.505559 0.025822 0.076511
0 0.188887 0.511776 0.012433 0.066309
0 0.178845 0.523677 0.013389 0.083312
8 0.277831 0.436964 0.016258 0.008501
8 0.277831 0.354502 0.020084 0.030604
8 0.162108 0.430163 0.025822 0.035705
8 0.111897 0.414011 0.013389 0.017002
8 0.035386 0.416561 0.009563 0.011901
8 0.585790 0.392758 0.017215 0.011901
8 0.736421 0.336650 0.018171 0.032304
8 0.817715 0.397009 0.014345 0.013602
8 0.737856 0.382556 0.032517 0.056108
7 0.276875 0.392758 0.008607 0.032304
7 0.529841 0.358753 0.007651 0.035705
7 0.035386 0.353652 0.011476 0.039105
7 0.042081 0.448016 0.011476 0.020403
7 0.028213 0.444616 0.010520 0.023803
7 0.797631 0.425913 0.020084 0.027204
7 0.817237 0.424213 0.011476 0.027204
7 0.475805 0.441215 0.003825 0.017002
