2 0.412466 0.259195 0.013657 0.021852
3 0.332431 0.230422 0.013657 0.019910
3 0.341309 0.236735 0.012292 0.021852
3 0.346772 0.246448 0.015023 0.016996
2 0.284765 0.227630 0.012292 0.016996
3 0.297740 0.231272 0.010926 0.019424
2 0.267693 0.228844 0.010926 0.014568
2 0.419295 0.278619 0.019120 0.026708
2 0.223988 0.213669 0.010926 0.014568
4 0.167171 0.322931 0.243109 0.252518
2 0.657641 0.412076 0.122613 0.144296
4 0.486765 0.254946 0.133846 0.305935
2 0.307847 0.256160 0.040973 0.050989
8 0.414515 0.145076 0.047802 0.080125
8 0.315359 0.110476 0.091507 0.114118
8 0.221803 0.081339 0.090141 0.114118
8 0.014204 0.024280 0.024584 0.048561
2 0.742713 0.367851 0.030047 0.026708
4 0.707612 0.361780 0.044524 0.033992
2 0.826708 0.384847 0.023218 0.016996
2 0.847195 0.390917 0.015023 0.019424
2 0.871096 0.396987 0.019120 0.016996
2 0.890217 0.400629 0.019120 0.014568
2 0.905241 0.405485 0.019120 0.014568
2 0.857438 0.393345 0.013657 0.014568
4 0.023515 0.153965 0.043589 0.038746
