0 0.074209 0.432332 0.009182 0.101209
0 0.060895 0.433965 0.024792 0.127327
0 0.082014 0.441310 0.015609 0.109371
0 0.100838 0.501709 0.056930 0.239963
0 0.029675 0.476407 0.057848 0.277509
0 0.127466 0.478040 0.022037 0.140386
0 0.139862 0.465796 0.024792 0.151813
0 0.159145 0.465796 0.013773 0.135489
0 0.147208 0.483753 0.026628 0.204050
0 0.174004 0.460338 0.021119 0.135489
0 0.210733 0.466868 0.021119 0.138754
0 0.236902 0.475846 0.027546 0.159975
0 0.186400 0.500332 0.042238 0.218742
0 0.226343 0.485640 0.033974 0.189359
0 0.633424 0.450544 0.010100 0.042442
0 0.726151 0.460083 0.016528 0.048972
0 0.757830 0.475591 0.013773 0.076723
0 0.784000 0.469061 0.014691 0.076723
0 0.855622 0.494364 0.012855 0.094679
0 0.870313 0.494364 0.014691 0.094679
0 0.839553 0.512320 0.021119 0.114268
0 0.978163 0.497480 0.016528 0.101209
0 0.991937 0.511355 0.012855 0.102841
1 0.358633 0.446113 0.022037 0.091414
5 0.358109 0.483192 0.017446 0.045707
2 0.338367 0.439117 0.018364 0.048972
2 0.323675 0.439933 0.016528 0.057134
2 0.307147 0.439933 0.027546 0.063663
2 0.283732 0.451360 0.033974 0.083252
2 0.260317 0.456257 0.027546 0.099576
2 0.526604 0.444014 0.027546 0.045707
2 0.679489 0.517472 0.142325 0.156711
2 0.463246 0.461971 0.110187 0.208948
7 0.358568 0.139570 0.012855 0.057134
7 0.790594 0.114268 0.019282 0.068561
7 0.763507 0.124879 0.018364 0.073458
7 0.753406 0.135489 0.012855 0.068561
7 0.925574 0.195072 0.017446 0.066928
8 0.859921 0.180380 0.082640 0.044074
8 0.949907 0.096311 0.033056 0.055501
8 0.960007 0.297914 0.029383 0.021221
8 0.962303 0.315870 0.030301 0.021221
8 0.258022 0.150181 0.081722 0.042442
8 0.110646 0.200785 0.040402 0.029383
8 0.104678 0.270163 0.019282 0.040810
7 0.077590 0.311789 0.020201 0.035912
2 0.399888 0.434220 0.018364 0.039177
8 0.932002 0.332194 0.022955 0.017956
8 0.938888 0.353415 0.034892 0.031015
7 0.956794 0.390961 0.019282 0.034280
7 0.971026 0.388512 0.011018 0.032648
