2 0.525583 0.478878 0.016742 0.042519
2 0.513624 0.482067 0.011958 0.023385
2 0.504655 0.484193 0.015546 0.031889
2 0.484923 0.472500 0.026309 0.051023
2 0.593747 0.473563 0.021525 0.040393
2 0.447254 0.494822 0.084906 0.108425
2 0.379089 0.482067 0.058597 0.108425
2 0.309729 0.492696 0.143503 0.150944
2 0.137674 0.555413 0.265781 0.221102
2 0.013752 0.651614 0.027504 0.150944
2 0.557273 0.484724 0.064576 0.089291
2 0.620056 0.485787 0.039463 0.082913
2 0.675664 0.485787 0.098061 0.133937
7 0.688819 0.414567 0.014350 0.012755
7 0.594943 0.311456 0.011958 0.038267
7 0.476552 0.341220 0.009566 0.029763
7 0.468181 0.339094 0.007175 0.025511
2 0.975991 0.695197 0.045442 0.344409
