8 0.464572 0.424509 0.013765 0.010196
8 0.468013 0.435725 0.018353 0.020392
8 0.452527 0.456117 0.010323 0.024471
2 0.093488 0.487726 0.143386 0.136631
2 0.388673 0.470732 0.010323 0.014274
2 0.366878 0.468693 0.028677 0.034667
2 0.483116 0.480928 0.021794 0.026510
2 0.507779 0.487046 0.020647 0.034667
2 0.544486 0.491125 0.018353 0.034667
2 0.568001 0.490105 0.024088 0.036706
2 0.612738 0.503361 0.012618 0.022432
2 0.593811 0.495203 0.025236 0.046903
2 0.630518 0.504040 0.018353 0.034667
2 0.643136 0.496903 0.009176 0.020392
2 0.671813 0.512197 0.032118 0.034667
2 0.724006 0.509138 0.024088 0.028549
2 0.750389 0.514237 0.033265 0.038746
2 0.787096 0.519335 0.037854 0.048942
2 0.821126 0.508799 0.035559 0.063217
2 0.864716 0.508799 0.065384 0.083610
2 0.946159 0.496563 0.106679 0.124395
2 0.422049 0.472150 0.026230 0.025647
2 0.192007 0.481476 0.036722 0.039637
2 0.267420 0.483808 0.019672 0.016321
