2 0.446092 0.477427 0.018364 0.029383
2 0.425432 0.479876 0.022955 0.031015
2 0.403394 0.483957 0.022955 0.035912
2 0.363010 0.492986 0.035627 0.042442
2 0.385414 0.488089 0.022037 0.042442
2 0.303325 0.503597 0.083742 0.083252
2 0.132902 0.532164 0.209356 0.166505
2 0.030181 0.524002 0.060362 0.120798
2 0.568973 0.468384 0.015609 0.024486
2 0.583206 0.470832 0.014691 0.039177
2 0.596520 0.474913 0.021119 0.047339
2 0.609463 0.473203 0.035985 0.047495
2 0.626822 0.490421 0.050502 0.065296
2 0.662173 0.492053 0.038565 0.068561
2 0.703953 0.500215 0.070703 0.111003
2 0.795863 0.516003 0.172626 0.194256
2 0.526910 0.476118 0.030301 0.048972
2 0.503954 0.469044 0.011936 0.019588
2 0.475489 0.473941 0.033974 0.029383
7 0.549777 0.414794 0.009182 0.021221
8 0.572733 0.414631 0.016528 0.013059
2 0.977701 0.573006 0.043156 0.117533
