2 0.116257 0.586147 0.232153 0.377294
2 0.885677 0.606390 0.227656 0.447689
2 0.225317 0.520456 0.138776 0.228696
2 0.299383 0.507289 0.028067 0.069301
2 0.394110 0.483726 0.066269 0.105338
2 0.429959 0.492735 0.021080 0.067915
2 0.445567 0.485805 0.022609 0.054055
2 0.467007 0.480261 0.029626 0.054055
2 0.621377 0.521842 0.048338 0.101180
2 0.597988 0.510061 0.037422 0.077618
2 0.574208 0.503131 0.028846 0.058213
2 0.555887 0.495508 0.023389 0.051283
2 0.541073 0.492042 0.018711 0.027720
2 0.357857 0.502438 0.098235 0.109496
2 0.672834 0.543326 0.113828 0.135831
6 0.809661 0.582135 0.109930 0.105338
6 0.790560 0.566195 0.109150 0.101180
2 0.522910 0.490077 0.014501 0.021093
