2 0.373451 0.545364 0.019110 0.017880
2 0.355347 0.549834 0.009052 0.019668
2 0.335231 0.553410 0.017098 0.016092
2 0.310589 0.559668 0.026150 0.025033
2 0.036007 0.590960 0.034197 0.041125
2 0.022529 0.612417 0.045059 0.066158
2 0.464475 0.542682 0.012069 0.023245
2 0.475036 0.543576 0.009052 0.021456
2 0.486100 0.547152 0.021121 0.042913
2 0.510239 0.556986 0.033191 0.048278
2 0.513759 0.562350 0.020115 0.059006
2 0.530858 0.566821 0.032185 0.057218
2 0.546951 0.573079 0.050289 0.073311
2 0.583662 0.584701 0.063365 0.103708
2 0.650547 0.590066 0.124718 0.153774
2 0.405636 0.591854 0.073423 0.118013
5 0.239680 0.599493 0.013075 0.038363
1 0.238172 0.571291 0.016092 0.041125
6 0.807451 0.566821 0.052301 0.082251
8 0.696814 0.375496 0.032185 0.121589
