0 0.548015 0.427639 0.020201 0.089782
7 0.204523 0.131408 0.022037 0.073458
7 0.406534 0.202418 0.009182 0.045707
7 0.150348 0.044891 0.020201 0.086517
7 0.335371 0.336275 0.011936 0.026118
7 0.387251 0.342805 0.011018 0.026118
7 0.419389 0.358313 0.009182 0.024486
2 0.212328 0.403204 0.063357 0.081620
2 0.412590 0.407557 0.018364 0.029383
2 0.424986 0.410822 0.022955 0.035912
2 0.443810 0.412454 0.036729 0.052237
2 0.369893 0.393682 0.011936 0.017956
2 0.273850 0.410550 0.061521 0.079987
2 0.353736 0.397490 0.019282 0.034280
2 0.382201 0.390961 0.013773 0.021221
2 0.461627 0.426058 0.049584 0.065296
2 0.846198 0.718726 0.304851 0.399242
2 0.720809 0.439117 0.114778 0.094679
2 0.830996 0.439933 0.100086 0.089782
7 0.393679 0.200785 0.016528 0.052237
