2 0.157333 0.813534 0.021412 0.024471
2 0.109537 0.819108 0.035942 0.038066
4 0.314685 0.803377 0.017588 0.047583
2 0.330999 0.812990 0.019118 0.032628
2 0.350882 0.806193 0.020647 0.029909
2 0.302704 0.812311 0.014529 0.025830
2 0.453611 0.830664 0.026765 0.081570
2 0.480376 0.813670 0.040530 0.061178
8 0.526642 0.766087 0.009176 0.023111
2 0.527002 0.816933 0.048942 0.074773
2 0.549944 0.841404 0.035177 0.055740
2 0.615864 0.793141 0.048942 0.043504
2 0.595981 0.830528 0.076472 0.101963
2 0.886730 0.876072 0.203417 0.174018
2 0.992362 0.950302 0.013765 0.078851
8 0.995421 0.595468 0.007647 0.097885
2 0.292381 0.821147 0.035177 0.054380
2 0.288939 0.805513 0.019118 0.020392
2 0.179328 0.811631 0.009941 0.014954
2 0.339539 0.821827 0.035177 0.046223
2 0.404541 0.832703 0.087178 0.135951
2 0.395364 0.771525 0.044354 0.029909
2 0.719948 0.885597 0.246242 0.221601
