8 0.344989 0.395376 0.033227 0.060759
8 0.405748 0.534616 0.014240 0.032067
8 0.575685 0.530397 0.018037 0.027004
8 0.590875 0.452760 0.016139 0.027004
8 0.929324 0.245165 0.089240 0.216033
8 0.284229 0.375966 0.012341 0.055696
8 0.293723 0.470481 0.018037 0.042194
8 0.342615 0.470481 0.011392 0.045569
8 0.612710 0.471325 0.012341 0.067510
8 0.591824 0.488203 0.018037 0.013502
8 0.523575 0.548241 0.008544 0.015189
8 0.573417 0.507735 0.018987 0.015189
2 0.508860 0.574345 0.007594 0.015189
2 0.523575 0.587847 0.021835 0.038818
2 0.473259 0.576877 0.008544 0.016877
2 0.458069 0.590379 0.035126 0.047257
2 0.442879 0.617383 0.025632 0.074261
2 0.422942 0.619915 0.037025 0.086075
2 0.374050 0.628354 0.098734 0.146835
2 0.545411 0.599662 0.019936 0.025316
2 0.580537 0.602531 0.042721 0.123206
2 0.640347 0.569620 0.109177 0.124894
2 0.324999 0.665541 0.096835 0.202531
2 0.493862 0.601423 0.040822 0.065822
2 0.778375 0.695797 0.438607 0.543459
4 0.151793 0.561620 0.301898 0.835442
