2 0.809884 0.445017 0.198324 0.176632
2 0.636726 0.411683 0.109020 0.127835
2 0.509149 0.394845 0.057989 0.068041
2 0.475515 0.394845 0.027835 0.043298
2 0.440721 0.385223 0.037113 0.051546
2 0.375193 0.378556 0.022036 0.028865
4 0.326713 0.376494 0.038273 0.078350
2 0.307345 0.383505 0.013917 0.028865
2 0.089304 0.414391 0.160051 0.162283
8 0.287435 0.334707 0.024355 0.037113
7 0.323767 0.299656 0.014287 0.032989
7 0.414626 0.312027 0.015077 0.024742
7 0.254574 0.167697 0.012757 0.053608
7 0.267332 0.170446 0.010438 0.057731
2 0.205863 0.374639 0.052190 0.051546
2 0.575837 0.392783 0.026675 0.039175
7 0.617938 0.318556 0.013917 0.030927
2 0.356056 0.376976 0.018556 0.026804
2 0.546610 0.394433 0.028994 0.026804
1 0.407667 0.356701 0.010438 0.028865
5 0.408827 0.373195 0.012757 0.032989
