2 0.360695 0.537408 0.013917 0.039175
2 0.621649 0.530191 0.025515 0.053608
2 0.637306 0.528129 0.033634 0.074226
2 0.664561 0.533284 0.057989 0.080412
2 0.726031 0.522975 0.097422 0.121649
2 0.582796 0.526067 0.061469 0.103092
2 0.248775 0.540500 0.033634 0.074226
2 0.142654 0.537408 0.057989 0.055670
2 0.776505 0.552255 0.092783 0.144329
3 0.565740 0.452255 0.065583 0.055670
2 0.502213 0.537822 0.119458 0.193814
2 0.329404 0.540915 0.049871 0.059793
2 0.392033 0.532667 0.054510 0.080412
2 0.182110 0.582152 0.165850 0.154639
2 0.055693 0.574935 0.110180 0.144329
4 0.897123 0.493492 0.201804 0.406185
8 0.750602 0.348331 0.011697 0.041591
