2 0.520779 0.481519 0.012235 0.020392
2 0.534544 0.491715 0.016824 0.029909
2 0.554810 0.496473 0.016059 0.031268
2 0.591517 0.503271 0.042060 0.055740
2 0.630900 0.517546 0.038236 0.076132
2 0.664931 0.520945 0.057354 0.091087
2 0.715785 0.532500 0.091767 0.122356
2 0.854158 0.547455 0.222535 0.220241
2 0.955927 0.607756 0.086414 0.228398
2 0.479502 0.488799 0.016059 0.017673
2 0.366322 0.484720 0.028294 0.031268
2 0.316997 0.488119 0.029059 0.032628
2 0.180876 0.498995 0.050472 0.043504
2 0.088726 0.498315 0.063472 0.044864
2 0.269584 0.494917 0.036706 0.027190
7 0.499385 0.439856 0.013000 0.031268
4 0.881080 0.420882 0.235257 0.180000
