7 0.445932 0.330394 0.004995 0.014210
8 0.797643 0.181184 0.034971 0.031973
8 0.708217 0.23625 0.039967 0.092368
8 0.586317 0.244243 0.023980 0.019539
8 0.577824 0.262894 0.012989 0.014210
8 0.495392 0.301085 0.009991 0.026644
8 0.661755 0.305526 0.008992 0.028421
8 0.662254 0.332171 0.011990 0.017763
2 0.385982 0.371250 0.020982 0.042631
2 0.417456 0.367697 0.013988 0.017763
2 0.439438 0.375690 0.031973 0.062171
3 0.486819 0.355263 0.078774 0.078157
2 0.609798 0.368585 0.052956 0.037302
2 0.750182 0.474276 0.195838 0.202500
2 0.891066 0.552434 0.215822 0.458289
4 0.299553 0.323289 0.155871 0.312631
2 0.029375 0.372162 0.058751 0.101200
2 0.072240 0.384572 0.068943 0.069276
8 0.798642 0.286875 0.060949 0.040855
8 0.747185 0.293092 0.033972 0.035526
2 0.764171 0.353486 0.033972 0.039078
7 0.439194 0.299296 0.007910 0.025781
7 0.406235 0.340312 0.005273 0.018749
7 0.392392 0.329765 0.009228 0.025781
