0 0.171630 0.295779 0.026620 0.092158
0 0.143608 0.293288 0.023818 0.082195
0 0.127496 0.290798 0.019614 0.087177
0 0.657097 0.240359 0.011208 0.042343
0 0.906486 0.246586 0.022416 0.104612
0 0.884770 0.242850 0.015411 0.032380
0 0.863053 0.240359 0.011208 0.037361
0 0.743963 0.239114 0.016812 0.054797
0 0.675311 0.232887 0.011208 0.027398
2 0.509285 0.251568 0.018213 0.039852
2 0.500178 0.262776 0.016812 0.042343
2 0.571633 0.251568 0.025219 0.034870
2 0.369179 0.275230 0.009807 0.042343
2 0.345361 0.277721 0.049037 0.072232
2 0.303329 0.296402 0.057443 0.084686
2 0.588585 0.241605 0.009807 0.024907
2 0.596291 0.241605 0.008406 0.029889
2 0.606099 0.242850 0.016812 0.032380
2 0.621510 0.241605 0.025219 0.034870
2 0.625013 0.247832 0.023818 0.037361
2 0.543611 0.292666 0.075657 0.097140
2 0.238180 0.305120 0.092470 0.097140
4 0.538007 0.215036 0.050438 0.063099
3 0.432927 0.247832 0.128897 0.146955
0 0.982494 0.260286 0.033625 0.143219
7 0.825925 0.143219 0.026620 0.037361
0 0.010507 0.301798 0.021015 0.052306
0 0.767431 0.236000 0.009807 0.057287
