7 0.298750 0.415015 0.011187 0.022375
7 0.283367 0.413772 0.011187 0.024861
2 0.206450 0.453551 0.025172 0.034806
2 0.295254 0.453551 0.009789 0.019889
2 0.307840 0.452308 0.012586 0.022375
2 0.316930 0.459767 0.011187 0.027348
2 0.332313 0.463496 0.019578 0.024861
2 0.387553 0.473441 0.065728 0.094475
2 0.503842 0.463342 0.031736 0.079250
2 0.520409 0.473441 0.034962 0.069613
2 0.556070 0.462253 0.053142 0.087016
2 0.619402 0.462253 0.093099 0.106906
2 0.680950 0.458524 0.107113 0.094475
2 0.758151 0.453551 0.104886 0.129281
2 0.830872 0.441120 0.096495 0.139226
2 0.891006 0.444850 0.102089 0.161602
2 0.958187 0.459767 0.082618 0.201381
