8 0.827119 0.333059 0.037968 0.055065
8 0.391977 0.460953 0.010990 0.019539
2 0.466416 0.465394 0.007993 0.017763
2 0.514701 0.459050 0.012989 0.017763
2 0.520696 0.473261 0.016986 0.024868
2 0.498214 0.459938 0.009991 0.012434
2 0.553169 0.486583 0.023980 0.033750
2 0.582145 0.497241 0.053955 0.079934
2 0.611621 0.519445 0.044962 0.110131
2 0.674245 0.521348 0.123898 0.197171
2 0.797643 0.550657 0.264782 0.284210
2 0.410462 0.504473 0.027976 0.046184
2 0.386481 0.518684 0.029975 0.046184
2 0.364499 0.525789 0.021981 0.056842
2 0.458422 0.469835 0.011990 0.015986
2 0.529863 0.492039 0.020982 0.024868
2 0.442935 0.508914 0.026977 0.044407
2 0.497390 0.476052 0.013988 0.021315
4 0.274074 0.543552 0.164864 0.209605
2 0.931635 0.614601 0.135212 0.326835
2 0.473414 0.455087 0.010926 0.019424
