7 0.093081 0.250057 0.028397 0.105702
7 0.302908 0.510457 0.016828 0.052354
8 0.632111 0.494563 0.027345 0.061703
8 0.716252 0.377701 0.033656 0.067313
2 0.369170 0.683227 0.029449 0.059833
2 0.407033 0.688836 0.046277 0.078531
2 0.449630 0.686967 0.038915 0.067313
2 0.719408 0.705665 0.054691 0.048614
2 0.685225 0.712209 0.011569 0.028047
2 0.755694 0.718753 0.017880 0.029916
2 0.832473 0.723428 0.019983 0.043005
2 0.852982 0.729972 0.018931 0.063573
2 0.864552 0.731842 0.012621 0.063573
2 0.898734 0.718753 0.062054 0.119667
2 0.901363 0.736516 0.029449 0.091620
2 0.045751 0.111066 0.001051 0.025429
2 0.234543 0.726233 0.265045 0.310387
2 0.498011 0.690706 0.074675 0.138365
2 0.954478 0.749605 0.089400 0.147714
2 0.795852 0.730866 0.074675 0.099099
2 0.596857 0.693558 0.054445 0.071320
2 0.027325 0.647891 0.047281 0.043301
