8 0.150669 0.324183 0.032716 0.036734
8 0.332334 0.384643 0.017219 0.035204
8 0.332764 0.412959 0.018080 0.030612
8 0.492819 0.381887 0.017219 0.032142
8 0.424802 0.421683 0.012053 0.022959
8 0.395529 0.430102 0.012053 0.021428
2 0.157514 0.484821 0.045717 0.045153
2 0.350931 0.484438 0.051658 0.081122
2 0.378482 0.472959 0.008609 0.018367
2 0.477321 0.460714 0.008609 0.015306
2 0.469142 0.462245 0.011192 0.024489
2 0.272988 0.506960 0.119674 0.163775
2 0.426672 0.529154 0.111926 0.177551
8 0.123549 0.440051 0.058545 0.067346
