2 0.370816 0.395122 0.023395 0.034659
2 0.447826 0.416784 0.068236 0.112644
7 0.177265 0.295169 0.015210 0.027041
7 0.049727 0.338852 0.017551 0.027041
7 0.062598 0.263967 0.015210 0.047842
7 0.374305 0.360693 0.008190 0.016640
8 0.356754 0.433497 0.033932 0.045762
7 0.456444 0.348212 0.010530 0.016640
8 0.534254 0.330531 0.011700 0.014560
8 0.533669 0.344052 0.012870 0.016641
8 0.533669 0.358613 0.010530 0.016640
2 0.600128 0.454299 0.120517 0.141448
8 0.678289 0.308690 0.019891 0.029121
8 0.678289 0.343012 0.022231 0.035362
8 0.665418 0.332611 0.005850 0.022881
7 0.789680 0.276448 0.010530 0.047842
8 0.780904 0.221325 0.016380 0.037442
8 0.673258 0.149560 0.053823 0.031201
7 0.620020 0.137080 0.015210 0.027041
7 0.898808 0.327272 0.019891 0.029121
2 0.875407 0.467681 0.242204 0.235054
2 0.022114 0.568082 0.043292 0.293297
7 0.897590 0.248426 0.017551 0.066563
