7 0.137487 0.504690 0.014738 0.051155
7 0.543212 0.628960 0.011229 0.033687
7 0.520754 0.361206 0.029476 0.088585
7 0.909565 0.525900 0.030880 0.056146
7 0.085552 0.687476 0.011931 0.019963
7 0.153629 0.511926 0.013334 0.041173
7 0.531562 0.631705 0.009825 0.031192
7 0.535141 0.676996 0.010527 0.022458
7 0.538440 0.367194 0.015440 0.066127
7 0.498085 0.366571 0.017545 0.069870
7 0.864929 0.530891 0.044916 0.066127
8 0.675857 0.322839 0.058251 0.103558
8 0.883422 0.428269 0.051233 0.067375
3 0.843067 0.705880 0.290555 0.175924
2 0.404391 0.763585 0.047724 0.072365
2 0.684209 0.763585 0.031582 0.042421
7 0.354211 0.703072 0.004912 0.011229
0 0.030353 0.796649 0.037898 0.159704
5 0.167736 0.794466 0.036494 0.071118
5 0.123521 0.884923 0.081411 0.180914
1 0.167736 0.769616 0.025265 0.103558
1 0.130539 0.833456 0.072989 0.286968
2 0.288099 0.816871 0.258973 0.360582
8 0.904067 0.332925 0.031582 0.048659
8 0.108431 0.549815 0.020352 0.034935
8 0.075095 0.636529 0.014036 0.018715
