8 0.348589 0.426827 0.042695 0.103202
4 0.051879 0.463867 0.103758 0.399383
2 0.308781 0.536464 0.033932 0.052003
2 0.274264 0.539584 0.053823 0.062403
2 0.211665 0.540624 0.076054 0.097765
2 0.115134 0.557265 0.070204 0.106086
2 0.428245 0.520863 0.011700 0.024961
2 0.444041 0.516702 0.008190 0.016640
2 0.450477 0.522943 0.011700 0.020801
2 0.463932 0.519823 0.012870 0.022881
2 0.525946 0.530223 0.022231 0.031201
2 0.590300 0.531263 0.012870 0.037442
2 0.604341 0.537504 0.026911 0.049922
2 0.624232 0.539584 0.033932 0.062403
2 0.651729 0.540624 0.053823 0.072804
2 0.680980 0.553105 0.060843 0.085285
2 0.728953 0.560385 0.088925 0.104006
2 0.935471 0.540624 0.087755 0.064483
2 0.874042 0.585347 0.191891 0.133127
2 0.971158 0.588467 0.056163 0.118567
3 0.492599 0.507342 0.042122 0.093605
2 0.487919 0.542704 0.044462 0.064483
8 0.796964 0.569805 0.040952 0.072804
8 0.567191 0.472188 0.012870 0.018721
2 0.562511 0.525231 0.019891 0.033281
7 0.498657 0.434746 0.008190 0.029121
7 0.495731 0.456587 0.009360 0.018721
