2 0.394077 0.483807 0.016689 0.021193
2 0.379176 0.485927 0.010728 0.025431
2 0.370831 0.488046 0.010728 0.021193
2 0.356526 0.488046 0.017881 0.021193
2 0.339240 0.490165 0.014305 0.021193
2 0.494811 0.499702 0.022650 0.023312
2 0.513885 0.498643 0.017881 0.025431
2 0.533554 0.501821 0.019073 0.027551
2 0.547860 0.501821 0.023842 0.036028
2 0.569914 0.503941 0.027418 0.040266
2 0.595544 0.508179 0.045300 0.065698
2 0.647401 0.522258 0.063181 0.076295
2 0.674223 0.537093 0.050068 0.063579
2 0.749326 0.551928 0.128747 0.105965
2 0.317782 0.495766 0.028610 0.031789
2 0.259965 0.503184 0.048876 0.046624
2 0.288576 0.485170 0.013113 0.023312
2 0.441166 0.500005 0.056029 0.082653
2 0.906515 0.594617 0.185969 0.211930
0 0.703430 0.484110 0.015497 0.038147
7 0.107375 0.042386 0.046492 0.072056
7 0.558589 0.209811 0.026226 0.059340
2 0.476929 0.489408 0.010728 0.014835
8 0.531482 0.105612 0.013113 0.031789
2 0.222130 0.505101 0.019073 0.025431
8 0.053602 0.341470 0.020845 0.042352
8 0.093805 0.395735 0.026801 0.013235
