7 0.161021 0.098906 0.021093 0.093749
7 0.509067 0.236015 0.010546 0.063281
7 0.640903 0.409452 0.021093 0.030468
7 0.192661 0.111796 0.021093 0.086718
7 0.928305 0.269999 0.036914 0.070312
7 0.955991 0.278202 0.021093 0.058593
7 0.527524 0.238359 0.010546 0.053906
7 0.180137 0.438749 0.017138 0.032812
8 0.627060 0.375468 0.025048 0.023437
8 0.623764 0.262968 0.021093 0.046874
8 0.607944 0.416484 0.013183 0.035156
8 0.902597 0.089531 0.025048 0.051562
8 0.926987 0.139921 0.060644 0.035156
8 0.887436 0.178593 0.071191 0.046874
0 0.607285 0.482109 0.014501 0.039843
0 0.712754 0.498515 0.022412 0.096093
0 0.683750 0.500859 0.035595 0.110156
0 0.667929 0.498515 0.011865 0.100781
0 0.680454 0.503202 0.029003 0.100781
0 0.958627 0.520780 0.058007 0.318749
0 0.141904 0.526640 0.027685 0.100781
0 0.070054 0.547733 0.039550 0.142968
0 0.035776 0.559452 0.031640 0.128906
0 0.018638 0.581718 0.015820 0.074999
0 0.975766 0.540702 0.047460 0.316406
5 0.609922 0.523124 0.019775 0.060937
5 0.569052 0.500859 0.014501 0.039843
2 0.507749 0.494999 0.013183 0.056249
2 0.518296 0.499687 0.023730 0.051562
2 0.520273 0.505546 0.017138 0.049218
2 0.471494 0.491484 0.061962 0.128906
2 0.230894 0.551249 0.160839 0.210937
2 0.392392 0.584062 0.230712 0.332812
2 0.544663 0.511405 0.050097 0.074999
