8 0.159178 0.327096 0.037453 0.048273
8 0.158242 0.194759 0.022472 0.056596
8 0.223318 0.358723 0.015917 0.018310
8 0.223786 0.387854 0.016854 0.009987
8 0.471917 0.372873 0.018726 0.009987
7 0.471917 0.332090 0.011236 0.021639
7 0.386710 0.302127 0.009363 0.028298
7 0.388582 0.392848 0.009363 0.019975
7 0.343638 0.382860 0.007490 0.023304
8 0.322102 0.407829 0.011236 0.013316
2 0.283712 0.426972 0.016854 0.021639
2 0.268262 0.432799 0.023408 0.033292
2 0.247194 0.433631 0.029963 0.034956
2 0.388114 0.440289 0.017790 0.021639
2 0.409182 0.432799 0.020599 0.033292
2 0.426036 0.441954 0.013108 0.028298
2 0.436336 0.438625 0.016854 0.031627
2 0.451317 0.448612 0.029963 0.041615
2 0.534184 0.446115 0.029026 0.049938
2 0.567424 0.464426 0.065544 0.099876
2 0.648418 0.474414 0.147006 0.129839
2 0.352533 0.437792 0.017790 0.019975
2 0.886249 0.485234 0.225658 0.371208
7 0.019297 0.254765 0.011865 0.039843
7 0.007432 0.258281 0.011865 0.037499
2 0.369321 0.436405 0.013183 0.028124
