7 0.458159 0.312805 0.015596 0.036392
7 0.549791 0.360462 0.011697 0.027727
7 0.589271 0.353530 0.012672 0.020795
8 0.656045 0.373459 0.011697 0.046790
8 0.603893 0.428915 0.012672 0.022528
7 0.367989 0.426315 0.008773 0.013863
7 0.504463 0.419383 0.010722 0.013863
7 0.536631 0.429781 0.008773 0.013863
7 0.550766 0.426315 0.009748 0.013863
8 0.572212 0.339666 0.009748 0.013863
8 0.690163 0.400321 0.017546 0.010397
7 0.642398 0.400321 0.009748 0.010397
2 0.565875 0.455776 0.016571 0.024261
2 0.551253 0.451444 0.008773 0.019062
2 0.543455 0.457509 0.020470 0.020795
2 0.522497 0.465308 0.021445 0.025994
2 0.484479 0.466174 0.037042 0.045057
8 0.701861 0.439313 0.019496 0.025994
8 0.431839 0.434980 0.005848 0.020795
8 0.249063 0.395988 0.012672 0.025994
8 0.328022 0.396855 0.012672 0.017329
2 0.444512 0.473106 0.027294 0.027727
