0 0.940606 0.774186 0.050924 0.205029
0 0.729044 0.755547 0.032202 0.149112
0 0.694970 0.744896 0.023964 0.106508
0 0.620705 0.738017 0.009735 0.042603
0 0.605353 0.742011 0.008986 0.053254
0 0.587005 0.738683 0.006740 0.022633
0 0.574648 0.738017 0.004493 0.021301
1 0.560731 0.741900 0.005242 0.026627
5 0.561543 0.748890 0.004742 0.017307
2 0.308168 0.760073 0.056166 0.059911
2 0.272221 0.751420 0.071144 0.082544
2 0.205570 0.782041 0.089117 0.079881
2 0.101849 0.794689 0.100351 0.113165
2 0.533459 0.738683 0.010484 0.019082
2 0.547563 0.743565 0.015726 0.025295
2 0.496389 0.793047 0.102597 0.165088
3 0.447087 0.725924 0.031453 0.017307
2 0.027591 0.758431 0.054669 0.109171
2 0.022349 0.805029 0.044184 0.154437
