2 0.570897 0.452590 0.019120 0.029136
2 0.574311 0.457446 0.017755 0.024280
2 0.576360 0.459874 0.010926 0.024280
2 0.587969 0.463516 0.023218 0.031564
2 0.613919 0.462302 0.031413 0.053417
2 0.613919 0.463516 0.017755 0.046133
2 0.637820 0.462302 0.030047 0.067985
2 0.665819 0.479298 0.053265 0.063129
2 0.689720 0.492653 0.049168 0.070413
2 0.740254 0.498723 0.090141 0.092266
2 0.792154 0.519361 0.092873 0.099550
2 0.911523 0.573993 0.174820 0.189388
2 0.531289 0.439478 0.010926 0.014568
2 0.515583 0.441906 0.012292 0.019424
2 0.499876 0.441906 0.013657 0.019424
2 0.488950 0.445548 0.010926 0.012140
2 0.432953 0.441906 0.008194 0.019424
2 0.425441 0.446762 0.009560 0.019424
2 0.417929 0.447976 0.010926 0.021852
2 0.407003 0.446762 0.019120 0.024280
2 0.389248 0.447976 0.016389 0.031564
2 0.382419 0.451619 0.013657 0.029136
2 0.363981 0.454047 0.031413 0.029136
2 0.329836 0.454047 0.028681 0.033992
2 0.316178 0.456475 0.023218 0.038848
2 0.172771 0.471043 0.058728 0.072841
0 0.251304 0.439478 0.005463 0.033992
0 0.256084 0.444334 0.006828 0.033992
0 0.243792 0.440692 0.006828 0.036420
2 0.221256 0.461331 0.054631 0.067985
2 0.280668 0.455261 0.053265 0.055845
2 0.446611 0.450405 0.019120 0.026708
2 0.506022 0.449191 0.015023 0.024280
2 0.550410 0.450405 0.013657 0.016996
2 0.079556 0.508678 0.152967 0.225809
