7 0.020270 0.197510 0.023389 0.084548
7 0.231164 0.281365 0.014813 0.047125
7 0.435042 0.302155 0.010915 0.047125
7 0.453363 0.435908 0.014813 0.031878
7 0.045999 0.193352 0.015592 0.073459
3 0.332128 0.510061 0.049897 0.099794
2 0.206606 0.531544 0.046778 0.070687
5 0.089269 0.569660 0.077184 0.083162
0 0.086540 0.546098 0.035863 0.119199
2 0.143064 0.536396 0.060032 0.074845
4 0.170742 0.510061 0.046778 0.069301
2 0.238571 0.530851 0.024948 0.055441
2 0.258062 0.525307 0.021830 0.030492
2 0.268977 0.516298 0.012474 0.026334
2 0.289638 0.520456 0.019491 0.031878
7 0.440889 0.434522 0.008576 0.031878
8 0.319264 0.295918 0.064710 0.029106
7 0.772238 0.017325 0.042880 0.034650
7 0.822136 0.015246 0.039761 0.030492
