2 0.072623 0.597015 0.145246 0.272079
2 0.143296 0.575353 0.099430 0.166367
2 0.193011 0.563222 0.077984 0.131707
2 0.250038 0.552824 0.059463 0.076251
3 0.285131 0.528562 0.071160 0.072785
2 0.327535 0.545892 0.023395 0.038125
2 0.346544 0.540693 0.018521 0.034659
2 0.362141 0.540693 0.012672 0.034659
2 0.378712 0.542426 0.020470 0.038125
2 0.464008 0.562355 0.058488 0.109178
2 0.490815 0.580552 0.075060 0.142105
2 0.619002 0.603081 0.235903 0.277278
7 0.397244 0.502567 0.006823 0.024261
3 0.387973 0.524229 0.015596 0.036392
2 0.399356 0.530295 0.019496 0.027727
6 0.415170 0.537227 0.016571 0.020795
1 0.414953 0.527695 0.011697 0.032926
8 0.677176 0.332734 0.033143 0.100513
8 0.258009 0.461842 0.009748 0.015596
8 0.374011 0.463575 0.011697 0.015596
