2 0.538252 0.412321 0.076777 0.098104
2 0.559846 0.388862 0.016795 0.051184
2 0.592236 0.404857 0.052784 0.087440
2 0.612030 0.424051 0.051584 0.095971
2 0.649819 0.433648 0.076777 0.123696
2 0.711001 0.466705 0.155953 0.189810
8 0.664815 0.292890 0.015595 0.038388
2 0.425486 0.382464 0.031190 0.025592
2 0.397894 0.387795 0.028791 0.040521
2 0.365503 0.404857 0.050385 0.066113
2 0.348109 0.438980 0.056383 0.113033
2 0.265933 0.458175 0.191943 0.206871
2 0.122169 0.570141 0.244339 0.345497
2 0.466274 0.497629 0.261522 0.439336
2 0.857300 0.561610 0.285399 0.371089
