2 0.990539 0.625795 0.016372 0.162166
2 0.905948 0.544712 0.187114 0.218993
2 0.793679 0.553028 0.081083 0.113654
2 0.660749 0.572433 0.215961 0.329876
2 0.568459 0.482637 0.021050 0.031878
2 0.550916 0.480558 0.017152 0.036036
2 0.514663 0.471549 0.007016 0.015246
2 0.509205 0.476400 0.008576 0.019404
2 0.481528 0.477093 0.006237 0.018018
2 0.465935 0.472935 0.024948 0.045739
2 0.461647 0.484716 0.025728 0.041581
2 0.445664 0.475014 0.014033 0.033264
2 0.416038 0.478479 0.014033 0.020790
2 0.433190 0.479172 0.018711 0.016632
2 0.327938 0.504814 0.010915 0.023562
2 0.420716 0.499963 0.024948 0.041581
2 0.042344 0.552830 0.084688 0.169096
2 0.028944 0.606885 0.056914 0.235626
2 0.433190 0.517783 0.049897 0.066529
2 0.528307 0.500854 0.038982 0.070687
0 0.146280 0.520951 0.020270 0.097022
0 0.184483 0.530653 0.012474 0.047125
0 0.196568 0.526495 0.010135 0.049897
0 0.207483 0.525802 0.008576 0.054055
0 0.226194 0.525109 0.014813 0.055441
0 0.261278 0.527881 0.011694 0.060985
0 0.273753 0.502933 0.007016 0.044353
0 0.289345 0.520951 0.011694 0.058213
0 0.281159 0.523030 0.007796 0.062371
0 0.250363 0.505705 0.011694 0.055441
0 0.364971 0.489765 0.007016 0.023562
0 0.384852 0.489765 0.009355 0.048511
7 0.349378 0.460461 0.011694 0.018018
7 0.426563 0.389080 0.005457 0.019404
8 0.810650 0.329084 0.023389 0.055441
8 0.815718 0.396307 0.013253 0.020790
4 0.494885 0.455510 0.020663 0.023877
