2 0.067903 0.555982 0.133894 0.115617
8 0.399293 0.416561 0.025822 0.054408
8 0.401684 0.463318 0.026778 0.035705
8 0.406944 0.334099 0.031560 0.025503
7 0.405988 0.264389 0.014345 0.049307
7 0.524102 0.425913 0.007651 0.015302
7 0.625002 0.454817 0.010520 0.022103
7 0.563793 0.477771 0.006694 0.017002
8 0.332346 0.450566 0.008607 0.017002
2 0.599657 0.544080 0.032517 0.044206
2 0.659477 0.563413 0.056298 0.076070
2 0.717772 0.553432 0.065991 0.083312
2 0.635044 0.550031 0.019127 0.056108
8 0.474370 0.431864 0.017215 0.030604
8 0.521233 0.458218 0.009563 0.015302
7 0.935351 0.044206 0.040168 0.081612
2 0.495889 0.527928 0.016258 0.018702
2 0.457633 0.533879 0.021997 0.023803
2 0.519255 0.536275 0.023566 0.023275
2 0.545440 0.535111 0.013092 0.016293
2 0.560497 0.536275 0.014401 0.018620
2 0.578826 0.543258 0.019639 0.041896
