8 0.673104 0.395988 0.045815 0.036392
8 0.673104 0.340532 0.041916 0.074518
7 0.356292 0.356996 0.006823 0.031193
7 0.473269 0.385590 0.006823 0.025994
7 0.545892 0.461842 0.011697 0.012130
7 0.711609 0.359595 0.025345 0.043324
7 0.313888 0.467041 0.013647 0.015596
7 0.207146 0.449711 0.014622 0.022528
7 0.478630 0.385590 0.005848 0.022528
7 0.465958 0.385590 0.003899 0.022528
7 0.363115 0.357862 0.004874 0.029460
7 0.348981 0.356996 0.007798 0.027727
8 0.543942 0.436713 0.015596 0.006931
2 0.479605 0.499101 0.011697 0.017329
2 0.487403 0.507766 0.009748 0.024261
2 0.443050 0.499968 0.020470 0.032926
2 0.383099 0.519031 0.021445 0.036392
2 0.362141 0.523363 0.028269 0.034659
2 0.320711 0.537227 0.064337 0.083183
2 0.177415 0.525096 0.070186 0.051989
2 0.500076 0.509499 0.021445 0.027727
2 0.415755 0.527695 0.057513 0.088382
2 0.236390 0.554557 0.114052 0.117843
0 0.820300 0.550224 0.047765 0.199294
0 0.739391 0.548491 0.047765 0.175032
7 0.521522 0.025994 0.023395 0.051989
7 0.568312 0.034659 0.029244 0.069319
8 0.487973 0.383437 0.010546 0.018749
8 0.318564 0.348281 0.011865 0.028124
