8 0.725609 0.296575 0.044426 0.154285
8 0.780366 0.400350 0.058890 0.097346
8 0.741623 0.399432 0.022729 0.047755
8 0.789148 0.292901 0.041326 0.106530
8 0.716827 0.404024 0.016530 0.042244
8 0.512777 0.486677 0.019630 0.034897
2 0.321642 0.548207 0.025829 0.066122
2 0.346438 0.560146 0.044426 0.082653
2 0.602146 0.576677 0.105382 0.082653
2 0.815494 0.578513 0.058890 0.104693
2 0.876677 0.492061 0.033061 0.016530
2 0.914388 0.491142 0.042359 0.014693
2 0.870995 0.517775 0.038227 0.049591
2 0.918004 0.515020 0.099183 0.058775
2 0.961396 0.608693 0.074387 0.088163
2 0.982576 0.503081 0.027895 0.053265
2 0.193240 0.613285 0.209732 0.266326
2 0.431384 0.682163 0.231428 0.337959
0 0.654320 0.579265 0.032028 0.183673
1 0.726642 0.533513 0.021696 0.088163
1 0.745239 0.602391 0.054757 0.233265
1 0.801546 0.623513 0.030994 0.124897
5 0.703912 0.600554 0.032028 0.075306
5 0.808262 0.684126 0.069221 0.077142
5 0.724059 0.681371 0.105382 0.086326
