5 0.714565 0.468019 0.043209 0.116649
5 0.639747 0.433166 0.050411 0.089620
5 0.642948 0.436011 0.048811 0.098155
5 0.603339 0.428187 0.032007 0.071127
0 0.235254 0.413962 0.030407 0.133719
0 0.624144 0.395469 0.017604 0.082507
0 0.690559 0.408272 0.030407 0.136564
0 0.724167 0.410405 0.027206 0.129452
0 0.744571 0.408983 0.028006 0.149367
2 0.385288 0.416096 0.064814 0.081085
2 0.535723 0.403293 0.077617 0.115226
2 0.481711 0.374842 0.022405 0.032718
2 0.438101 0.383377 0.026406 0.032718
6 0.394891 0.399025 0.072816 0.069704
4 0.523720 0.359905 0.045610 0.071127
8 0.182842 0.202002 0.029606 0.034141
8 0.321674 0.275263 0.016003 0.027028
8 0.616542 0.275974 0.020004 0.082507
7 0.953929 0.164928 0.034789 0.063981
