8 0.059950 0.347784 0.027345 0.022437
8 0.209301 0.359002 0.016828 0.018698
8 0.196154 0.419771 0.013672 0.020567
8 0.240854 0.213157 0.014724 0.018698
8 0.271881 0.166412 0.015776 0.018698
7 0.272407 0.203808 0.012621 0.056094
7 0.173541 0.347784 0.010517 0.029916
7 0.389153 0.346849 0.012621 0.046745
8 0.373377 0.425381 0.014724 0.020567
7 0.733607 0.360872 0.017880 0.029916
7 0.783040 0.144910 0.026294 0.069182
8 0.722037 0.416966 0.013672 0.044875
8 0.781988 0.429120 0.009465 0.031786
7 0.933442 0.282340 0.022087 0.082271
8 0.733081 0.244009 0.014724 0.043005
7 0.837206 0.344044 0.016828 0.014958
8 0.968150 0.179898 0.017880 0.030711
7 0.991815 0.287763 0.014724 0.057964
7 0.967625 0.250554 0.033656 0.104709
7 0.906622 0.301038 0.021035 0.041135
7 0.565850 0.355263 0.010517 0.022437
4 0.366540 0.409487 0.026294 0.078531
2 0.341824 0.432860 0.031552 0.050484
2 0.305012 0.443892 0.056795 0.067313
