2 0.412404 0.419770 0.009470 0.021428
2 0.403794 0.425893 0.016358 0.039795
2 0.398629 0.429719 0.011192 0.038265
2 0.315545 0.474107 0.061989 0.105612
2 0.281967 0.487117 0.068877 0.137755
2 0.155405 0.495535 0.245376 0.264796
2 0.606983 0.475637 0.056824 0.111734
2 0.458896 0.445791 0.061989 0.113265
2 0.676937 0.480995 0.134311 0.180612
2 0.810172 0.518877 0.274649 0.273979
2 0.952232 0.623724 0.092123 0.290816
2 0.071460 0.553316 0.142920 0.310714
2 0.383131 0.435459 0.036160 0.047448
2 0.500223 0.507143 0.130867 0.202040
7 0.477321 0.297704 0.012053 0.029081
7 0.385628 0.277806 0.011192 0.035204
8 0.280848 0.310714 0.022385 0.015306
8 0.337672 0.337500 0.013775 0.010714
8 0.343268 0.358163 0.018080 0.012244
8 0.284722 0.350510 0.019802 0.030612
7 0.333367 0.378061 0.010331 0.018367
8 0.509091 0.371173 0.011192 0.026020
7 0.571942 0.375765 0.009470 0.016836
8 0.648912 0.330612 0.028412 0.021428
8 0.643747 0.309949 0.012914 0.022959
8 0.647190 0.358163 0.019802 0.033673
8 0.759547 0.254847 0.018941 0.029081
