7 0.092770 0.226558 0.011476 0.034005
7 0.005260 0.174700 0.010520 0.056108
7 0.186974 0.172150 0.018171 0.057808
7 0.209449 0.192553 0.009563 0.020403
8 0.151109 0.161098 0.053557 0.025503
8 0.141067 0.318372 0.020084 0.013602
8 0.132460 0.284367 0.014345 0.013602
0 0.132460 0.401684 0.016258 0.061209
0 0.013389 0.379581 0.024866 0.047607
0 0.005738 0.372780 0.011476 0.061209
0 0.105681 0.418262 0.025822 0.129219
0 0.666605 0.429313 0.011476 0.052707
8 0.763041 0.100314 0.027735 0.047607
8 0.756825 0.160390 0.030604 0.057808
8 0.610943 0.289042 0.011476 0.020403
8 0.674065 0.356202 0.015302 0.011901
3 0.842581 0.394458 0.313696 0.758312
2 0.388534 0.455667 0.495889 0.731108
0 0.640304 0.428888 0.013389 0.054408
0 0.694244 0.436816 0.016874 0.069374
