8 0.105541 0.317732 0.018556 0.022680
0 0.109020 0.485567 0.018556 0.096907
0 0.136855 0.491752 0.023195 0.109278
7 0.312564 0.421649 0.010438 0.018556
7 0.365335 0.389690 0.013917 0.024742
7 0.407087 0.361855 0.011597 0.018556
7 0.542203 0.367010 0.015077 0.024742
8 0.650644 0.295876 0.025515 0.035051
0 0.358376 0.465979 0.006958 0.024742
0 0.353737 0.468041 0.004639 0.028865
2 0.438402 0.456701 0.025515 0.039175
2 0.423904 0.480412 0.040592 0.065979
2 0.481314 0.504123 0.078865 0.154639
7 0.513208 0.420618 0.008118 0.016494
2 0.531765 0.441237 0.015077 0.028865
7 0.427963 0.427835 0.011597 0.018556
8 0.648904 0.386598 0.019716 0.030927
2 0.695876 0.451546 0.041752 0.037113
2 0.811623 0.561443 0.220360 0.294845
0 0.348866 0.472783 0.009278 0.030927
2 0.389110 0.502061 0.075386 0.105154
2 0.617010 0.598969 0.324742 0.468041
8 0.963484 0.101030 0.062628 0.086597
8 0.980881 0.184536 0.032474 0.047422
