7 0.231393 0.233026 0.027546 0.093047
7 0.271336 0.243636 0.013773 0.075090
7 0.023414 0.566036 0.030301 0.044074
7 0.663052 0.504413 0.019282 0.032648
7 0.638474 0.506318 0.018364 0.034280
7 0.253890 0.235066 0.024792 0.094679
8 0.643586 0.310157 0.033974 0.052237
8 0.661032 0.367291 0.022955 0.019588
8 0.641290 0.386880 0.009182 0.016324
2 0.389971 0.688875 0.024792 0.019588
2 0.367475 0.693772 0.022037 0.019588
2 0.357741 0.708464 0.012855 0.026118
2 0.345804 0.705199 0.020201 0.039177
2 0.337540 0.704383 0.016528 0.047339
2 0.365087 0.714177 0.007345 0.011426
2 0.398603 0.701118 0.015609 0.034280
2 0.408244 0.690507 0.020201 0.052237
2 0.980209 0.589842 0.037647 0.107738
2 0.236443 0.681727 0.193746 0.244465
2 0.437076 0.676632 0.049584 0.079987
4 0.888284 0.599246 0.179625 0.134164
