7 0.449894 0.382075 0.011462 0.015283
7 0.530130 0.380802 0.011462 0.017830
7 0.668393 0.411368 0.008596 0.020377
2 0.464938 0.413915 0.015760 0.040754
2 0.442730 0.444481 0.051580 0.096792
2 0.497176 0.436840 0.063042 0.091698
2 0.540876 0.426651 0.024357 0.045849
2 0.755793 0.462311 0.101727 0.137547
2 0.662402 0.457137 0.050147 0.056037
0 0.919956 0.513255 0.022186 0.089151
0 0.905975 0.471147 0.018626 0.099339
0 0.714698 0.468600 0.020058 0.094245
7 0.218955 0.380722 0.435566 0.753962
0 0.620873 0.448302 0.014327 0.040754
7 0.605115 0.337675 0.012341 0.025316
7 0.462236 0.321641 0.007594 0.023628
