7 0.335637 0.340964 0.014813 0.033264
7 0.404636 0.352746 0.009355 0.026334
7 0.506153 0.293146 0.015265 0.020790
7 0.616964 0.264432 0.008326 0.033865
7 0.541463 0.343737 0.007016 0.019404
7 0.574988 0.342350 0.008576 0.013860
2 0.265642 0.428716 0.037856 0.034128
2 0.283790 0.420662 0.037422 0.034650
2 0.544582 0.404029 0.063151 0.090092
2 0.677013 0.390487 0.109713 0.178162
2 0.579533 0.397328 0.027553 0.040654
2 0.604615 0.392941 0.028846 0.029106
2 0.624496 0.395020 0.014033 0.013860
2 0.506379 0.404029 0.014813 0.031878
2 0.484939 0.404029 0.031185 0.034650
8 0.436601 0.364527 0.014033 0.027720
8 0.472465 0.375615 0.010915 0.019404
8 0.649845 0.266285 0.016393 0.028053
8 0.604225 0.316709 0.031185 0.023562
4 0.598056 0.355546 0.032958 0.039843
8 0.991586 0.093046 0.015820 0.058593
0 0.139268 0.443437 0.022412 0.089062
