8 0.446588 0.644838 0.037442 0.033281
2 0.506262 0.711402 0.011700 0.037442
2 0.513282 0.714522 0.011700 0.043682
2 0.522643 0.715562 0.016380 0.049922
2 0.531419 0.715562 0.019891 0.041602
2 0.543704 0.716602 0.025741 0.060323
2 0.561255 0.722843 0.056163 0.081124
2 0.461799 0.724923 0.081904 0.089445
2 0.892385 0.813328 0.212952 0.370262
4 0.406806 0.721803 0.053823 0.087365
4 0.328411 0.745724 0.121687 0.160169
0 0.650766 0.716602 0.031591 0.106086
8 0.515038 0.658359 0.010530 0.018721
8 0.538439 0.659399 0.010530 0.016640
