0 0.520273 0.565312 0.030322 0.117187
0 0.627719 0.561796 0.036914 0.171093
0 0.691660 0.546562 0.027685 0.089062
0 0.784604 0.457499 0.013183 0.018749
0 0.329111 0.537187 0.025048 0.164062
0 0.302744 0.591093 0.025048 0.093749
0 0.282969 0.567655 0.030322 0.145312
0 0.190684 0.605155 0.030322 0.131249
0 0.214414 0.581718 0.046142 0.215624
0 0.422055 0.581718 0.063281 0.267187
0 0.132676 0.596952 0.056689 0.222656
2 0.185410 0.482109 0.090966 0.096093
2 0.400962 0.554464 0.152929 0.190444
2 0.544663 0.553593 0.034277 0.070312
2 0.571689 0.543046 0.009228 0.030468
2 0.580258 0.546562 0.015820 0.042187
2 0.592124 0.548905 0.026367 0.042187
2 0.809653 0.605155 0.232031 0.276562
2 0.091057 0.528984 0.182114 0.236718
2 0.908530 0.675468 0.181933 0.440624
