7 0.210446 0.402906 0.006307 0.017940
7 0.381369 0.328903 0.007568 0.017940
8 0.190894 0.289105 0.030274 0.024280
8 0.194272 0.340174 0.011801 0.027027
2 0.344787 0.392067 0.032796 0.047092
2 0.183147 0.407829 0.024870 0.038633
2 0.416688 0.371885 0.032796 0.038122
2 0.467776 0.374127 0.039104 0.038122
2 0.504988 0.365157 0.032796 0.042607
2 0.564905 0.360672 0.036581 0.038122
2 0.097320 0.431042 0.025686 0.048797
8 0.735465 0.332169 0.036045 0.047288
2 0.766916 0.318194 0.036949 0.061782
2 0.669472 0.359631 0.106958 0.083881
0 0.906750 0.281062 0.001261 0.044850
2 0.028924 0.468996 0.057848 0.095670
4 0.141680 0.400220 0.069378 0.116611
0 0.902244 0.291177 0.011495 0.051017
0 0.814016 0.301549 0.016398 0.058305
2 0.305034 0.409365 0.060548 0.102805
2 0.847804 0.309002 0.021984 0.043398
8 0.488038 0.297642 0.015609 0.026118
8 0.680866 0.218470 0.022955 0.057134
7 0.293374 0.285126 0.006427 0.026118
8 0.543197 0.214311 0.025710 0.016324
