7 0.193352 0.086174 0.009123 0.042253
7 0.262002 0.048838 0.007197 0.031990
7 0.385685 0.069312 0.005998 0.025592
7 0.431102 0.094342 0.008058 0.015936
7 0.271069 0.045406 0.009496 0.028964
7 0.391204 0.068184 0.005039 0.023335
7 0.501232 0.106677 0.006760 0.031192
8 0.595823 0.096326 0.016795 0.044786
8 0.627613 0.132582 0.013196 0.044786
7 0.323903 0.077310 0.007197 0.025592
7 0.329902 0.127428 0.009597 0.019194
2 0.106768 0.143246 0.040787 0.040521
2 0.378487 0.151208 0.010796 0.014928
2 0.386285 0.172535 0.011996 0.014928
2 0.368290 0.169336 0.023992 0.038388
2 0.349696 0.165070 0.013196 0.021327
2 0.345497 0.170402 0.011996 0.027725
2 0.311307 0.183198 0.068379 0.108767
2 0.275918 0.177867 0.028791 0.068246
2 0.392883 0.175734 0.015595 0.025592
2 0.418075 0.176800 0.013196 0.023459
2 0.401880 0.182132 0.028791 0.038388
2 0.465461 0.184265 0.019194 0.034123
2 0.439069 0.200260 0.055183 0.070379
2 0.514047 0.234383 0.125962 0.168483
2 0.644808 0.230118 0.058782 0.095971
2 0.720386 0.261042 0.190743 0.200473
2 0.904219 0.312679 0.190359 0.162989
0 0.221561 0.151954 0.008852 0.038388
0 0.211137 0.153021 0.009597 0.036255
0 0.609184 0.213354 0.009825 0.059889
0 0.587160 0.210397 0.012465 0.061435
0 0.580327 0.211670 0.008397 0.051184
0 0.126562 0.171149 0.015595 0.081042
1 0.171549 0.168483 0.021593 0.068246
5 0.175147 0.188033 0.019194 0.049052
