2 0.103105 0.678363 0.075685 0.060548
2 0.291687 0.683969 0.076946 0.071760
2 0.021909 0.661544 0.043818 0.058305
2 0.955824 0.720971 0.085776 0.082973
2 0.842927 0.710879 0.127403 0.089700
2 0.671374 0.712001 0.127403 0.087458
0 0.351604 0.677242 0.022705 0.085215
7 0.123287 0.526992 0.015137 0.071760
8 0.492883 0.524750 0.020182 0.058305
7 0.490361 0.484385 0.012614 0.026910
7 0.502975 0.578571 0.012614 0.035880
7 0.751223 0.574139 0.012110 0.044958
8 0.492883 0.612208 0.017659 0.040365
8 0.106889 0.626785 0.027751 0.047092
2 0.477746 0.699667 0.058025 0.058305
2 0.529548 0.688131 0.061771 0.071746
7 0.770456 0.622242 0.014825 0.024891
2 0.198042 0.664704 0.100481 0.068817
