2 0.449389 0.354933 0.008046 0.016092
2 0.460955 0.362086 0.013075 0.016092
2 0.490123 0.368344 0.029168 0.035761
2 0.547454 0.403211 0.089515 0.116225
2 0.934182 0.397847 0.128741 0.130529
2 0.051621 0.361706 0.101536 0.133345
4 0.269854 0.248543 0.242396 0.472052
7 0.498170 0.296821 0.005028 0.014304
7 0.635461 0.103708 0.012069 0.057218
7 0.646524 0.106390 0.012069 0.044701
7 0.621379 0.103708 0.010057 0.046490
8 0.460955 0.247648 0.005028 0.041125
8 0.853215 0.221721 0.011063 0.046490
8 0.871822 0.178807 0.020115 0.021456
7 0.846175 0.286986 0.011063 0.026821
7 0.873331 0.287880 0.017098 0.028609
8 0.695808 0.269999 0.024139 0.017880
8 0.692288 0.302185 0.009052 0.028609
7 0.408539 0.147938 0.025949 0.021852
