2 0.293131 0.599557 0.068289 0.089838
2 0.533509 0.597129 0.035510 0.041277
2 0.405125 0.561922 0.024584 0.019424
2 0.361420 0.559494 0.019120 0.019424
2 0.702866 0.580132 0.071020 0.070413
4 0.033205 0.625051 0.066411 0.077697
2 0.086897 0.628693 0.043705 0.046133
2 0.121725 0.627479 0.036876 0.033992
2 0.144943 0.623837 0.017755 0.036420
2 0.157918 0.616553 0.016389 0.041277
2 0.170210 0.617767 0.019120 0.033992
2 0.185917 0.612911 0.025949 0.043705
2 0.207769 0.604413 0.017755 0.046133
2 0.567653 0.584988 0.021852 0.026708
2 0.463854 0.559494 0.016389 0.014568
8 0.037729 0.315474 0.049168 0.114118
8 0.528728 0.549782 0.012292 0.024280
8 0.240548 0.567992 0.012292 0.021852
