0 0.314942 0.413877 0.009298 0.047755
0 0.306160 0.413877 0.014464 0.051428
0 0.269999 0.425816 0.016530 0.064285
0 0.257085 0.427652 0.013431 0.060612
0 0.248820 0.417550 0.013431 0.055102
0 0.228673 0.432244 0.018596 0.077142
0 0.238488 0.428571 0.015497 0.080816
0 0.208010 0.422142 0.024795 0.101020
0 0.186830 0.421224 0.013431 0.069795
0 0.176498 0.422142 0.015497 0.082653
0 0.165133 0.414795 0.015497 0.060612
0 0.157901 0.416632 0.017563 0.053265
0 0.143954 0.401938 0.012397 0.031224
0 0.638839 0.450612 0.039260 0.143265
0 0.746632 0.493775 0.055790 0.185510
0 0.946032 0.484591 0.066122 0.317755
0 0.750321 0.487836 0.065089 0.251265
0 0.982060 0.525673 0.033061 0.352652
5 0.666118 0.512816 0.045459 0.062448
5 0.827808 0.455877 0.065089 0.055102
7 0.853966 0.180478 0.018596 0.102857
7 0.839926 0.293437 0.023578 0.064285
7 0.277978 0.194253 0.011364 0.027551
7 0.262997 0.191498 0.016530 0.058775
2 0.120937 0.566192 0.240726 0.477550
2 0.501141 0.575376 0.364706 0.613469
0 0.350242 0.420612 0.021696 0.073469
0 0.362640 0.417857 0.019630 0.067959
7 0.163239 0.236938 0.013431 0.036734
