8 0.609913 0.417045 0.019882 0.031268
7 0.561735 0.228752 0.012235 0.051661
7 0.436702 0.309644 0.006882 0.042145
7 0.353346 0.424523 0.016059 0.024471
2 0.336905 0.474825 0.053530 0.078851
2 0.541087 0.505414 0.026000 0.058459
2 0.577029 0.499976 0.044354 0.066616
2 0.670241 0.496577 0.036706 0.054380
2 0.892012 0.538722 0.036706 0.046223
2 0.790303 0.517650 0.035177 0.053021
3 0.633152 0.487740 0.037471 0.063897
2 0.185489 0.610248 0.368598 0.449999
2 0.492144 0.494689 0.078002 0.129154
2 0.720416 0.513722 0.061942 0.066616
2 0.844599 0.527317 0.048942 0.063897
2 0.959691 0.542272 0.078766 0.069335
