2 0.047610 0.557639 0.079218 0.068282
2 0.299269 0.537724 0.083219 0.119494
2 0.346480 0.537012 0.016003 0.044099
2 0.358482 0.527766 0.030407 0.048366
2 0.378487 0.524921 0.014403 0.036986
2 0.392490 0.519231 0.016803 0.036986
2 0.408494 0.517097 0.018404 0.027028
2 0.427298 0.510695 0.024005 0.031296
2 0.443702 0.512118 0.012002 0.025605
2 0.499315 0.505716 0.014403 0.024183
2 0.170439 0.573999 0.209648 0.152212
2 0.487312 0.516385 0.027206 0.031296
2 0.533723 0.517808 0.020804 0.036986
2 0.560129 0.499315 0.019204 0.019915
2 0.822189 0.525632 0.082419 0.078240
2 0.905809 0.527766 0.089620 0.062592
2 0.525721 0.500737 0.017604 0.017070
2 0.547326 0.498604 0.012802 0.021338
2 0.541324 0.491491 0.012002 0.018493
2 0.466507 0.502871 0.017604 0.021338
3 0.491313 0.487934 0.020804 0.017070
4 0.518919 0.487223 0.018404 0.029873
7 0.253258 0.339278 0.010402 0.044099
7 0.551327 0.348524 0.012802 0.036986
7 0.240055 0.339278 0.016003 0.041253
7 0.539724 0.349947 0.007201 0.036986
7 0.778979 0.395469 0.015203 0.034141
2 0.793383 0.398314 0.012002 0.036986
8 0.768177 0.349236 0.022405 0.075395
8 0.764976 0.302292 0.012802 0.021338
8 0.648949 0.435300 0.014403 0.008535
8 0.234454 0.407560 0.019204 0.024183
8 0.256859 0.413962 0.017604 0.031296
0 0.022405 0.559062 0.022405 0.102423
0 0.702562 0.523498 0.024005 0.113804
0 0.928614 0.515674 0.034407 0.166438
8 0.899807 0.463040 0.020004 0.061169
7 0.663353 0.464462 0.011202 0.021338
7 0.240055 0.480110 0.012802 0.021338
8 0.247257 0.448103 0.017604 0.014225
2 0.252475 0.515045 0.015596 0.017329
0 0.722820 0.528042 0.010722 0.088382
