2 0.330816 0.383418 0.012914 0.013775
2 0.308001 0.393367 0.024107 0.027551
2 0.280880 0.393367 0.024968 0.027551
2 0.234818 0.396428 0.061989 0.064285
8 0.538106 0.352040 0.014636 0.027551
8 0.365481 0.356632 0.008609 0.012244
7 0.481569 0.361224 0.006887 0.018367
7 0.468224 0.362755 0.006026 0.015306
7 0.448421 0.345918 0.006026 0.018367
2 0.451783 0.381122 0.012053 0.021428
2 0.437146 0.376530 0.012053 0.015306
2 0.413039 0.371173 0.008609 0.013775
2 0.400985 0.371938 0.008609 0.012244
2 0.425093 0.424745 0.072321 0.102551
