7 0.272700 0.179638 0.015820 0.064062
7 0.621186 0.259326 0.013183 0.048437
7 0.286763 0.185888 0.012304 0.057812
7 0.633931 0.260107 0.008789 0.040624
7 0.905513 0.301513 0.036914 0.054687
7 0.251167 0.386669 0.018457 0.028124
7 0.481001 0.383544 0.007031 0.024999
7 0.736763 0.374951 0.012304 0.026562
0 0.734126 0.449169 0.038671 0.103124
0 0.160171 0.460107 0.033339 0.071874
8 0.653266 0.392138 0.015820 0.029687
8 0.879585 0.160107 0.044824 0.024999
8 0.904634 0.239013 0.040429 0.017187
2 0.506929 0.421826 0.018457 0.045312
2 0.478804 0.442919 0.013183 0.021874
2 0.448481 0.439794 0.019335 0.021874
2 0.437495 0.442919 0.018457 0.021874
2 0.421426 0.450732 0.024990 0.031249
2 0.369819 0.451513 0.037792 0.048437
2 0.315327 0.464013 0.060644 0.054687
2 0.096040 0.459326 0.072070 0.076562
2 0.039231 0.485756 0.078462 0.145048
8 0.013303 0.328076 0.026606 0.023437
2 0.902846 0.464794 0.193300 0.196874
2 0.581196 0.499951 0.166992 0.245312
