8 0.317847 0.356008 0.015922 0.023951
2 0.377250 0.496451 0.071038 0.087096
8 0.624660 0.390846 0.012247 0.010887
8 0.693248 0.394112 0.012247 0.021774
8 0.625884 0.451814 0.019596 0.041370
7 0.541986 0.370161 0.003674 0.030483
7 0.468498 0.393024 0.006123 0.019596
7 0.112694 0.374516 0.017147 0.052258
7 0.146988 0.424596 0.022046 0.030483
7 0.240073 0.414798 0.007348 0.023951
7 0.535862 0.372338 0.008573 0.026129
7 0.546885 0.366895 0.006123 0.037016
7 0.474009 0.393024 0.004899 0.028306
2 0.722643 0.481209 0.026945 0.030483
2 0.614861 0.518225 0.046542 0.056612
2 0.687737 0.534556 0.131053 0.137177
2 0.375413 0.542177 0.042867 0.117580
2 0.274980 0.542177 0.197192 0.248225
2 0.500955 0.606411 0.244959 0.354919
