2 0.454094 0.450226 0.010201 0.027204
2 0.469715 0.460428 0.001912 0.036272
2 0.474178 0.466662 0.009563 0.023803
2 0.478323 0.470062 0.016577 0.044206
2 0.495857 0.472329 0.026141 0.064609
2 0.523634 0.483929 0.039615 0.078740
2 0.443446 0.446486 0.009563 0.023803
2 0.431651 0.442518 0.008926 0.015869
2 0.407040 0.436171 0.007651 0.015869
2 0.419473 0.437871 0.008288 0.012468
2 0.189301 0.486611 0.120505 0.107682
2 0.054514 0.490805 0.109028 0.138287
2 0.251849 0.477770 0.047181 0.047607
2 0.288830 0.477203 0.029329 0.041939
2 0.311146 0.472669 0.020403 0.037405
2 0.334099 0.463035 0.020403 0.027204
2 0.352270 0.457367 0.018490 0.027204
2 0.372036 0.453967 0.018490 0.029471
2 0.395946 0.451133 0.017852 0.030604
2 0.576982 0.490919 0.066819 0.119017
2 0.685629 0.559496 0.140270 0.197229
2 0.875254 0.622063 0.246631 0.286098
8 0.488397 0.384823 0.008926 0.022670
8 0.365022 0.412594 0.004463 0.023803
8 0.390526 0.413161 0.005738 0.015869
8 0.541636 0.404659 0.004463 0.017002
8 0.345576 0.412027 0.012751 0.024937
7 0.430330 0.412351 0.008288 0.010201
7 0.459022 0.416318 0.007013 0.011335
8 0.486484 0.402797 0.015302 0.030604
2 0.465231 0.466246 0.014027 0.027204
2 0.452798 0.453211 0.013389 0.030604
7 0.399100 0.412345 0.007016 0.009702
