2 0.349815 0.535529 0.018104 0.019668
2 0.337745 0.535529 0.010057 0.019668
2 0.379486 0.523907 0.009052 0.017880
2 0.395076 0.526589 0.008046 0.016092
2 0.467996 0.520331 0.019110 0.017880
2 0.323664 0.541788 0.026150 0.032185
2 0.276392 0.551622 0.032185 0.037549
2 0.412677 0.531953 0.033191 0.051854
2 0.607801 0.601688 0.238373 0.252119
8 0.518285 0.458642 0.011063 0.037549
8 0.506719 0.458642 0.012069 0.037549
8 0.511245 0.421092 0.013075 0.033973
8 0.286450 0.436291 0.048278 0.067947
8 0.339254 0.479205 0.023133 0.032185
8 0.699329 0.333476 0.021121 0.033973
7 0.439331 0.506026 0.008046 0.014304
2 0.368003 0.536952 0.021093 0.030468
