2 0.436118 0.745300 0.022844 0.047614
2 0.408154 0.761405 0.037811 0.085425
2 0.403821 0.782411 0.021268 0.096628
2 0.347498 0.723594 0.033084 0.012603
2 0.310081 0.771208 0.052778 0.074221
2 0.208463 0.792214 0.125249 0.155445
2 0.349467 0.799216 0.115796 0.149844
3 0.490078 0.734797 0.081924 0.121836
2 0.547886 0.852885 0.250499 0.281483
2 0.843299 0.870011 0.305614 0.256919
2 0.032897 0.817874 0.065794 0.208661
7 0.474627 0.628118 0.014179 0.025207
7 0.393097 0.609913 0.007089 0.030809
7 0.620752 0.576303 0.018117 0.022406
7 0.621145 0.597309 0.018905 0.019605
7 0.622327 0.668030 0.021268 0.037811
