2 0.029206 0.413962 0.058413 0.133719
2 0.081618 0.396180 0.027206 0.029873
2 0.103223 0.391201 0.022405 0.017070
2 0.064414 0.390490 0.016803 0.024183
0 0.171639 0.408272 0.047210 0.216227
0 0.340078 0.389067 0.036808 0.180663
0 0.394891 0.382666 0.047210 0.179241
0 0.461306 0.371285 0.044010 0.167860
0 0.253258 0.385511 0.018404 0.102423
0 0.275663 0.384088 0.021604 0.096733
0 0.226452 0.386933 0.020804 0.082507
7 0.188843 0.234009 0.030407 0.049789
7 0.165238 0.098155 0.013603 0.065437
7 0.625744 0.064726 0.028806 0.098155
7 0.611741 0.204136 0.024805 0.055479
8 0.140832 0.093888 0.036808 0.096733
8 0.134030 0.276686 0.016803 0.029873
8 0.132430 0.303003 0.018404 0.019915
0 0.808186 0.353503 0.041609 0.166438
0 0.981826 0.331454 0.030407 0.145100
