7 0.310953 0.188893 0.014006 0.071146
7 0.408001 0.395217 0.008003 0.028458
7 0.485039 0.386324 0.008003 0.024901
7 0.601096 0.501936 0.008003 0.014229
7 0.167882 0.493932 0.012005 0.016007
7 0.289442 0.195118 0.017008 0.080039
7 0.693142 0.456581 0.018008 0.023122
7 0.504549 0.294723 0.015007 0.051581
7 0.505549 0.357865 0.009004 0.056917
7 0.516555 0.396106 0.009004 0.030237
8 0.627610 0.272490 0.029014 0.035573
8 0.626609 0.362312 0.027013 0.065810
8 0.706649 0.376541 0.029014 0.012450
8 0.702146 0.366758 0.014006 0.014229
0 0.216406 0.562411 0.017008 0.078260
2 0.299447 0.575751 0.109053 0.090711
2 0.040920 0.587312 0.081840 0.056917
2 0.660626 0.541067 0.031015 0.035573
0 0.712151 0.551739 0.014006 0.078260
0 0.705648 0.557075 0.011005 0.088932
2 0.702170 0.538257 0.053979 0.051297
2 0.779184 0.526838 0.030014 0.035573
2 0.743167 0.554407 0.070034 0.065810
2 0.482038 0.667351 0.298147 0.466008
2 0.006023 0.886874 0.012046 0.130312
8 0.184092 0.461015 0.025048 0.016406
2 0.172886 0.435234 0.018457 0.016406
