7 0.068723 0.301540 0.014622 0.034659
7 0.444999 0.198427 0.008773 0.046790
7 0.572699 0.213157 0.016571 0.024261
7 0.653121 0.224422 0.019496 0.022528
7 0.692600 0.167233 0.008773 0.032926
7 0.710634 0.285943 0.009748 0.038125
7 0.644347 0.305873 0.009748 0.032926
7 0.666281 0.338799 0.016571 0.015596
7 0.425991 0.337933 0.009748 0.034659
7 0.442075 0.317137 0.008773 0.017329
7 0.565388 0.213157 0.019496 0.024261
7 0.436226 0.257349 0.004874 0.032926
7 0.298291 0.267747 0.007798 0.025994
8 0.405032 0.290276 0.014622 0.039858
8 0.424041 0.243485 0.017546 0.032926
8 0.425503 0.195828 0.014622 0.024261
1 0.752064 0.467041 0.063362 0.334467
1 0.684315 0.411585 0.038992 0.178498
5 0.753526 0.558889 0.072135 0.223555
5 0.686752 0.470507 0.036067 0.129974
4 0.537606 0.375192 0.192037 0.282477
4 0.864167 0.401187 0.264172 0.289409
0 0.715996 0.399454 0.014622 0.095314
2 0.654583 0.399454 0.026319 0.091848
2 0.642398 0.388190 0.027294 0.086649
2 0.212995 0.386457 0.055564 0.045057
2 0.162305 0.383857 0.051664 0.043324
2 0.111128 0.389923 0.031193 0.045057
2 0.406007 0.420250 0.088707 0.129974
4 0.273433 0.369993 0.065312 0.067586
7 0.091631 0.311938 0.015596 0.048523
8 0.110153 0.320603 0.011697 0.024261
8 0.110640 0.355263 0.008773 0.010397
8 0.708685 0.244351 0.015596 0.034659
