2 0.246533 0.426171 0.015820 0.016406
2 0.190502 0.434374 0.019775 0.028124
2 0.145019 0.440234 0.015820 0.021093
2 0.162158 0.437890 0.015820 0.021093
2 0.096899 0.454296 0.025048 0.021093
2 0.052075 0.463671 0.032958 0.030468
2 0.377050 0.410937 0.015820 0.018749
2 0.332226 0.452734 0.082265 0.119531
2 0.579198 0.389062 0.031640 0.018749
2 0.544262 0.390234 0.019775 0.025781
7 0.294653 0.374999 0.009228 0.018749
7 0.371777 0.367968 0.010546 0.014062
8 0.400780 0.377343 0.010546 0.014062
8 0.410668 0.366796 0.009228 0.025781
8 0.478564 0.315234 0.023730 0.049218
2 0.775853 0.368749 0.048779 0.056249
2 0.715868 0.365234 0.068554 0.067968
2 0.903075 0.349999 0.068554 0.084374
2 0.017138 0.465234 0.034277 0.044531
