2 0.325098 0.439313 0.024370 0.022528
2 0.371889 0.441912 0.032168 0.051989
2 0.610229 0.441912 0.029244 0.024261
2 0.830536 0.447978 0.042891 0.036392
2 0.474731 0.439313 0.025345 0.022528
2 0.713559 0.442779 0.023395 0.019062
2 0.891461 0.451444 0.028269 0.019062
2 0.855393 0.454910 0.008773 0.015596
2 0.869528 0.449711 0.013647 0.012130
2 0.915344 0.451444 0.021445 0.015596
2 0.938252 0.450577 0.022420 0.017329
2 0.957261 0.448844 0.019496 0.017329
2 0.977244 0.450577 0.022420 0.024261
2 0.988455 0.456643 0.021445 0.022528
2 0.389289 0.439568 0.005601 0.028451
