2 0.261216 0.352031 0.015820 0.014062
2 0.211777 0.357890 0.027685 0.016406
2 0.168931 0.363749 0.021093 0.014062
2 0.132017 0.360234 0.044824 0.030468
2 0.095762 0.362577 0.032958 0.035156
2 0.031821 0.367265 0.036914 0.030468
2 0.358115 0.344999 0.017138 0.014062
2 0.438535 0.340312 0.011865 0.023437
2 0.611240 0.336796 0.017138 0.044531
2 0.625742 0.347343 0.038232 0.084374
2 0.646836 0.355546 0.043505 0.105468
2 0.685727 0.363749 0.089648 0.140624
2 0.801743 0.388359 0.205663 0.250781
2 0.472153 0.360234 0.055371 0.082031
2 0.556528 0.368437 0.097558 0.173437
2 0.917758 0.450468 0.163476 0.482812
