7 0.100376 0.006328 0.015820 0.011718
7 0.124766 0.007499 0.017138 0.014062
7 0.613217 0.054374 0.015820 0.070312
7 0.812949 0.285234 0.011865 0.025781
7 0.799765 0.288749 0.009228 0.023437
7 0.596738 0.054374 0.019775 0.070312
7 0.070713 0.330937 0.011865 0.023437
7 0.048960 0.333281 0.013183 0.023437
8 0.044346 0.118828 0.019775 0.021093
8 0.064780 0.311015 0.031640 0.025781
8 0.786582 0.255937 0.032958 0.023437
8 0.801084 0.219609 0.017138 0.021093
8 0.632334 0.321562 0.014501 0.032812
7 0.524887 0.307499 0.010546 0.028124
8 0.567734 0.336796 0.014501 0.011718
8 0.577622 0.333281 0.013183 0.014062
8 0.580918 0.323906 0.011865 0.018749
2 0.562461 0.378984 0.014501 0.035156
2 0.571689 0.383671 0.017138 0.035156
2 0.586850 0.389530 0.015820 0.042187
2 0.598056 0.388359 0.019775 0.053906
2 0.624424 0.391874 0.040869 0.070312
2 0.638925 0.398905 0.035595 0.056249
3 0.390415 0.389530 0.081738 0.145312
2 0.190684 0.427030 0.056689 0.093749
2 0.319169 0.404765 0.042077 0.067968
2 0.251328 0.431718 0.117333 0.126562
2 0.686386 0.397734 0.077783 0.100781
2 0.475449 0.459843 0.180615 0.281249
0 0.896005 0.337968 0.019775 0.060937
0 0.147837 0.421171 0.021093 0.096093
2 0.926987 0.456327 0.145019 0.227343
