7 0.433320 0.310855 0.007993 0.031973
7 0.345392 0.383684 0.005995 0.028421
7 0.603180 0.393453 0.007993 0.030197
7 0.395851 0.365921 0.004995 0.017763
7 0.427824 0.357039 0.004995 0.017763
7 0.485277 0.376578 0.003996 0.017763
8 0.600183 0.357039 0.017985 0.010657
8 0.599683 0.341940 0.024979 0.015986
2 0.480781 0.406776 0.010990 0.024868
2 0.490773 0.405888 0.008992 0.012434
2 0.499765 0.407664 0.012989 0.008881
2 0.500764 0.434309 0.020982 0.040855
2 0.526243 0.437861 0.009991 0.019539
2 0.533238 0.444967 0.013988 0.026644
2 0.541731 0.452960 0.016986 0.024868
2 0.550224 0.459177 0.009991 0.037302
2 0.594687 0.456513 0.072939 0.103026
0 0.947397 0.498256 0.038967 0.126118
2 0.420331 0.516907 0.185847 0.301973
2 0.758552 0.545328 0.262783 0.280657
2 0.077774 0.554210 0.155549 0.383684
