8 0.651171 0.383424 0.011697 0.017329
8 0.650684 0.411152 0.008773 0.017329
8 0.473756 0.387756 0.007798 0.022528
0 0.695769 0.470940 0.007798 0.057188
0 0.705029 0.472673 0.008773 0.060654
0 0.813720 0.467474 0.011697 0.064120
0 0.601700 0.475272 0.004874 0.027727
0 0.605599 0.474406 0.004874 0.029460
0 0.581716 0.470074 0.005848 0.024261
3 0.342644 0.455487 0.041916 0.015596
3 0.542967 0.465885 0.025345 0.064120
2 0.325098 0.467907 0.020470 0.013863
2 0.349468 0.467041 0.014622 0.015596
2 0.367015 0.465308 0.016571 0.015596
2 0.521522 0.476572 0.013647 0.031193
2 0.564901 0.467041 0.016571 0.036392
2 0.396259 0.465019 0.018521 0.031193
2 0.459621 0.530006 0.129649 0.209691
2 0.639108 0.496130 0.054589 0.062387
4 0.762908 0.464194 0.072135 0.062387
8 0.217255 0.379622 0.009360 0.018721
8 0.189758 0.405624 0.010530 0.012480
