7 0.348302 0.278981 0.009951 0.024495
7 0.455089 0.267414 0.009185 0.034022
7 0.447434 0.267414 0.009185 0.034022
7 0.452792 0.342263 0.009185 0.014969
7 0.420641 0.342943 0.009185 0.021774
2 0.497574 0.394657 0.025261 0.043548
2 0.536614 0.389213 0.052819 0.095262
2 0.551542 0.408946 0.047460 0.088457
2 0.574507 0.416431 0.042867 0.095262
2 0.642636 0.417111 0.122479 0.172832
2 0.773536 0.440927 0.223525 0.255846
2 0.900226 0.489919 0.198264 0.359274
2 0.390914 0.391028 0.010716 0.032661
2 0.377135 0.391708 0.015309 0.039465
2 0.336564 0.395110 0.029088 0.035383
2 0.362974 0.408039 0.016075 0.028578
2 0.287007 0.415167 0.054350 0.074848
2 0.244139 0.417889 0.035978 0.107510
2 0.197243 0.429359 0.062770 0.112953
2 0.139831 0.433442 0.062770 0.148336
2 0.054095 0.455216 0.107169 0.140171
2 0.448965 0.433541 0.098749 0.144254
2 0.404566 0.392715 0.013013 0.027217
7 0.248021 0.359954 0.010716 0.013608
