7 0.757792 0.345937 0.015820 0.039374
7 0.805780 0.341249 0.025312 0.056249
7 0.322734 0.457499 0.008437 0.014999
8 0.310078 0.456830 0.012656 0.009374
2 0.413437 0.494062 0.016874 0.024374
2 0.430839 0.492187 0.024257 0.031874
2 0.448769 0.495937 0.017929 0.035624
2 0.464589 0.496874 0.026367 0.044999
2 0.487265 0.509062 0.042187 0.058124
2 0.526288 0.521249 0.054843 0.116249
2 0.218320 0.486249 0.031640 0.048749
2 0.192480 0.485312 0.032695 0.046874
2 0.171914 0.489999 0.033749 0.041249
2 0.147656 0.493749 0.033749 0.041249
2 0.107650 0.487062 0.065245 0.069624
2 0.292148 0.489062 0.023203 0.028124
2 0.324316 0.491874 0.013710 0.014999
2 0.345937 0.493749 0.012656 0.022499
2 0.379687 0.493749 0.012656 0.011249
2 0.590242 0.554437 0.140273 0.185624
2 0.039623 0.493499 0.079246 0.078749
8 0.792070 0.474374 0.023203 0.037499
