8 0.207882 0.250884 0.036038 0.057966
8 0.633046 0.314594 0.035180 0.060301
8 0.984418 0.184528 0.029173 0.074745
8 0.323260 0.349182 0.007796 0.009702
8 0.340022 0.373437 0.007016 0.019404
8 0.379784 0.370665 0.003898 0.013860
8 0.548578 0.338786 0.007796 0.013860
1 0.533207 0.423929 0.040541 0.182956
5 0.532225 0.468257 0.039470 0.129660
2 0.407252 0.400314 0.005148 0.012203
2 0.398242 0.397263 0.007722 0.012203
2 0.390949 0.399551 0.006864 0.010677
1 0.401245 0.410229 0.006864 0.016779
5 0.400816 0.419382 0.006006 0.013728
0 0.384513 0.419382 0.006006 0.022881
0 0.389662 0.414043 0.004290 0.030508
2 0.369498 0.419382 0.010296 0.028983
2 0.350620 0.411755 0.034322 0.053389
2 0.320160 0.412518 0.050624 0.057966
2 0.283263 0.417857 0.059205 0.083898
2 0.222342 0.406416 0.086663 0.173898
2 0.501637 0.423958 0.018877 0.053389
2 0.513650 0.430060 0.029173 0.056440
2 0.581007 0.428535 0.062637 0.086949
2 0.669202 0.420907 0.149300 0.166271
2 0.834745 0.481924 0.326917 0.306610
2 0.109079 0.389636 0.217086 0.332542
2 0.416690 0.405653 0.012012 0.016779
2 0.463883 0.417857 0.056631 0.111355
