8 0.343800 0.551268 0.014636 0.029081
8 0.349397 0.580350 0.013775 0.010714
8 0.054015 0.537857 0.010331 0.012244
2 0.110408 0.581939 0.023246 0.027551
2 0.072956 0.585000 0.027551 0.027551
2 0.450574 0.587500 0.010331 0.019897
2 0.459614 0.590561 0.014636 0.019897
2 0.467793 0.597449 0.020663 0.024489
2 0.485873 0.597449 0.022385 0.042857
2 0.588329 0.595918 0.030994 0.030612
4 0.558625 0.602806 0.052519 0.068877
2 0.403638 0.582715 0.012053 0.016836
2 0.223626 0.598775 0.110204 0.131632
2 0.428362 0.610867 0.053032 0.082346
2 0.387210 0.585765 0.010331 0.013775
2 0.513424 0.615306 0.063711 0.076530
2 0.749522 0.613579 0.180803 0.203571
