8 0.561976 0.525096 0.036067 0.031193
8 0.574649 0.556290 0.010722 0.024261
8 0.526396 0.551091 0.019496 0.024261
7 0.340695 0.454043 0.010722 0.027727
7 0.472781 0.454043 0.011697 0.034659
7 0.248576 0.444512 0.009748 0.029460
7 0.449386 0.560622 0.003899 0.019062
7 0.471319 0.557156 0.004874 0.015596
2 0.221281 0.625610 0.196911 0.211424
2 0.062387 0.625610 0.120876 0.131707
2 0.426965 0.584884 0.015596 0.015596
2 0.448411 0.580552 0.015596 0.013863
8 0.550766 0.583151 0.007798 0.012130
8 0.574649 0.581418 0.010722 0.012130
