2 0.438469 0.464202 0.010091 0.013455
2 0.411853 0.467566 0.011352 0.015697
2 0.401131 0.469808 0.015137 0.024667
2 0.385994 0.469808 0.020182 0.033637
2 0.369595 0.478778 0.030274 0.029152
2 0.289495 0.484609 0.011352 0.033637
2 0.300217 0.482366 0.017659 0.042607
2 0.269943 0.484609 0.035319 0.051578
2 0.228316 0.481245 0.050456 0.085215
2 0.174075 0.510398 0.123619 0.107641
2 0.058656 0.526095 0.117312 0.210797
2 0.902335 0.545680 0.191735 0.299003
2 0.485646 0.467939 0.007568 0.017940
2 0.493214 0.469061 0.007568 0.020182
2 0.502675 0.467939 0.011352 0.026910
2 0.512766 0.469061 0.013875 0.029152
2 0.529796 0.471303 0.020182 0.051578
2 0.545563 0.475788 0.023966 0.047092
2 0.655307 0.475788 0.011352 0.042607
2 0.695042 0.503820 0.098390 0.103156
2 0.799319 0.512790 0.166507 0.174916
2 0.597492 0.478031 0.105959 0.136793
2 0.329020 0.478778 0.054241 0.065033
2 0.452074 0.464973 0.010926 0.016996
2 0.478433 0.462545 0.012292 0.016996
2 0.467507 0.460117 0.012292 0.016996
