2 0.328030 0.644802 0.028976 0.028421
2 0.489397 0.666118 0.021981 0.031973
2 0.230610 0.649243 0.043963 0.026644
2 0.261085 0.639473 0.020982 0.028421
2 0.291560 0.643914 0.037968 0.040855
2 0.062248 0.635032 0.122898 0.076381
2 0.828618 0.794901 0.340719 0.406776
2 0.365499 0.657236 0.037968 0.046184
2 0.447431 0.689210 0.091924 0.113684
2 0.519372 0.659901 0.027976 0.044407
2 0.584319 0.675000 0.083930 0.088815
8 0.723122 0.529558 0.021816 0.043065
8 0.275073 0.590625 0.036969 0.023092
8 0.319536 0.573750 0.021981 0.028421
8 0.348513 0.577302 0.011990 0.028421
