2 0.019738 0.727315 0.039476 0.051039
2 0.313296 0.667982 0.023685 0.031899
2 0.439036 0.608648 0.025838 0.091871
2 0.852457 0.562712 0.291404 0.326654
2 0.340211 0.657263 0.035887 0.052315
2 0.269872 0.689801 0.086129 0.122495
2 0.073568 0.769551 0.147137 0.177363
2 0.190920 0.712131 0.074645 0.095699
2 0.225085 0.694140 0.024403 0.061247
2 0.412057 0.636337 0.017369 0.023733
2 0.385942 0.637795 0.057009 0.098397
2 0.357437 0.648076 0.015790 0.047211
7 0.396913 0.582363 0.007177 0.015311
8 0.386506 0.521753 0.013637 0.024243
3 0.500283 0.567178 0.116274 0.253922
