7 0.377489 0.259342 0.011990 0.056842
7 0.367997 0.254901 0.006994 0.051513
8 0.044263 0.391677 0.016986 0.033750
8 0.045762 0.432532 0.009991 0.044407
8 0.576825 0.300197 0.032972 0.017763
8 0.575326 0.332171 0.029975 0.014210
7 0.312542 0.479605 0.005995 0.014210
7 0.304049 0.454736 0.008992 0.014210
7 0.289561 0.432532 0.007993 0.015986
2 0.267579 0.485822 0.015986 0.019539
2 0.252592 0.480493 0.023980 0.030197
2 0.230110 0.484046 0.024979 0.033750
2 0.210127 0.487598 0.026977 0.037302
2 0.194140 0.488486 0.026977 0.042631
2 0.178652 0.493815 0.023980 0.042631
2 0.160168 0.492927 0.024979 0.051513
2 0.120700 0.499144 0.063947 0.081710
2 0.344016 0.484934 0.014987 0.017763
2 0.360503 0.481381 0.017985 0.031973
2 0.373492 0.483157 0.015986 0.031973
2 0.384483 0.482269 0.015986 0.037302
2 0.406465 0.487598 0.043963 0.058618
2 0.634277 0.474276 0.079934 0.067500
2 0.555342 0.531118 0.135888 0.142105
2 0.809134 0.555986 0.379687 0.362368
2 0.325098 0.487837 0.010722 0.015596
