2 0.522597 0.445312 0.024257 0.029999
2 0.441386 0.454687 0.041132 0.059999
2 0.420820 0.466874 0.027421 0.054374
2 0.382851 0.464062 0.065390 0.078749
2 0.279492 0.476249 0.124453 0.140624
2 0.546855 0.449999 0.039023 0.054374
0 0.043769 0.507187 0.032695 0.142499
0 0.473554 0.445312 0.008437 0.026249
8 0.441386 0.400312 0.011601 0.033749
8 0.171914 0.310312 0.027421 0.022499
7 0.187734 0.374999 0.010546 0.031874
7 0.158730 0.375937 0.022148 0.029999
7 0.516269 0.379687 0.005273 0.018749
7 0.591679 0.046874 0.023203 0.080624
7 0.613300 0.044062 0.020039 0.086249
8 0.726152 0.317812 0.016874 0.041249
8 0.830566 0.261562 0.029531 0.041249
8 0.822128 0.219374 0.010546 0.043124
7 0.855878 0.309374 0.016874 0.031874
0 0.878027 0.430312 0.035859 0.116249
0 0.775195 0.434062 0.014765 0.097499
0 0.789433 0.437812 0.020039 0.104999
2 0.659179 0.448124 0.023203 0.061874
2 0.692402 0.432187 0.081210 0.116249
4 0.606708 0.415312 0.089121 0.187499
2 0.730370 0.462187 0.088593 0.101249
