2 0.032170 0.400409 0.064078 0.100314
2 0.183758 0.456517 0.103290 0.120717
2 0.255966 0.411461 0.021997 0.027204
7 0.302829 0.311146 0.012433 0.030604
7 0.224883 0.320497 0.009563 0.022103
7 0.379341 0.182777 0.018171 0.039105
7 0.583530 0.095214 0.021040 0.071410
7 0.558664 0.089263 0.019127 0.069710
8 0.402294 0.264389 0.020084 0.022103
8 0.393686 0.385107 0.020084 0.035705
2 0.340607 0.405510 0.089900 0.093513
0 0.357822 0.411461 0.024866 0.095214
2 0.756185 0.647766 0.484793 0.546391
7 0.792024 0.304345 0.024866 0.037405
8 0.811152 0.302644 0.011476 0.040806
2 0.283223 0.404660 0.026778 0.040806
