2 0.103329 0.501701 0.189112 0.181964
2 0.828258 0.549358 0.342476 0.315404
2 0.211045 0.481771 0.092606 0.110911
2 0.261248 0.460109 0.074085 0.102246
2 0.302190 0.457509 0.046790 0.076251
2 0.322173 0.447111 0.036067 0.065853
2 0.340207 0.447111 0.021445 0.048523
2 0.348981 0.449711 0.021445 0.050256
2 0.361653 0.448844 0.021445 0.038125
2 0.373838 0.444512 0.020470 0.032926
2 0.389435 0.441912 0.014622 0.027727
2 0.397721 0.437580 0.015596 0.019062
2 0.406494 0.434980 0.009748 0.017329
2 0.412831 0.431514 0.008773 0.010397
2 0.625826 0.486970 0.132573 0.159435
2 0.555640 0.468774 0.081883 0.116110
2 0.521522 0.455776 0.048740 0.100513
2 0.498614 0.451444 0.020470 0.074518
2 0.486916 0.451444 0.018521 0.064120
2 0.476681 0.448844 0.015596 0.051989
2 0.465958 0.451444 0.019496 0.039858
2 0.456210 0.448844 0.011697 0.031193
2 0.448899 0.444512 0.012672 0.019062
8 0.803729 0.138639 0.078959 0.121309
8 0.803061 0.231093 0.034277 0.065624
