2 0.138443 0.661591 0.047525 0.102857
2 0.348795 0.593632 0.024795 0.036734
2 0.371008 0.580775 0.019630 0.040408
2 0.490339 0.557816 0.012397 0.038571
2 0.499121 0.560571 0.007232 0.047755
2 0.505836 0.561489 0.008265 0.053265
2 0.550262 0.547714 0.006198 0.033061
2 0.553878 0.550469 0.007232 0.042244
2 0.559561 0.552305 0.008265 0.049591
2 0.565892 0.555139 0.010597 0.051271
2 0.258881 0.710422 0.245892 0.314081
2 0.420054 0.600218 0.088852 0.126734
2 0.589788 0.558892 0.039260 0.062448
2 0.061989 0.725510 0.123979 0.163469
0 0.674655 0.552857 0.019630 0.055102
8 0.660191 0.347405 0.066122 0.069795
8 0.735095 0.347405 0.054757 0.073469
8 0.600858 0.486996 0.016530 0.033061
7 0.736473 0.434081 0.023762 0.044081
7 0.955331 0.391836 0.033061 0.047755
4 0.456922 0.542417 0.059340 0.124835
