8 0.486570 0.185064 0.029824 0.019373
8 0.399677 0.222790 0.020074 0.013255
7 0.199128 0.252870 0.009750 0.010196
7 0.301792 0.152435 0.012044 0.037726
2 0.348154 0.346166 0.039001 0.064237
2 0.306285 0.318636 0.039001 0.058119
2 0.746571 0.410708 0.040973 0.059621
2 0.427769 0.394153 0.114135 0.128474
2 0.110662 0.293096 0.015485 0.032628
2 0.148803 0.292586 0.028677 0.039765
2 0.075739 0.300233 0.052192 0.053021
2 0.179838 0.311449 0.040148 0.048942
2 0.225148 0.327254 0.040148 0.056080
2 0.259433 0.320626 0.021794 0.026510
2 0.017971 0.305841 0.035559 0.068315
2 0.610029 0.476291 0.312582 0.262160
