8 0.259298 0.340532 0.048740 0.025994
8 0.745240 0.444512 0.018521 0.025994
8 0.743290 0.385590 0.016571 0.039858
8 0.138910 0.410719 0.018521 0.017329
8 0.137447 0.379525 0.017546 0.017329
8 0.280257 0.474839 0.010722 0.031193
7 0.131111 0.450577 0.014622 0.020795
7 0.654096 0.362195 0.007798 0.031193
7 0.362628 0.343998 0.011697 0.039858
7 0.756450 0.470507 0.013647 0.019062
7 0.662381 0.361328 0.010722 0.032926
7 0.646785 0.364794 0.004874 0.032926
7 0.372376 0.344865 0.007798 0.034659
7 0.348006 0.343998 0.013647 0.043324
7 0.161818 0.393389 0.011697 0.041591
0 0.824200 0.524229 0.014622 0.046790
0 0.858805 0.523363 0.013647 0.055455
2 0.080421 0.606547 0.160843 0.221822
2 0.433302 0.575353 0.121850 0.173299
2 0.557102 0.530295 0.065312 0.097047
2 0.392360 0.533761 0.063362 0.117843
2 0.163363 0.526829 0.099570 0.072785
2 0.505925 0.538093 0.027294 0.036392
2 0.602431 0.536360 0.023395 0.046790
2 0.630700 0.538093 0.019496 0.029460
2 0.676516 0.532028 0.037042 0.041591
2 0.706281 0.530295 0.016637 0.027727
2 0.649709 0.529428 0.008773 0.019062
