3 0.140163 0.508505 0.144773 0.155395
0 0.669404 0.484224 0.025949 0.174820
0 0.700817 0.487866 0.023218 0.157823
2 0.803251 0.483010 0.162528 0.089838
2 0.939829 0.469656 0.094239 0.082554
2 0.239865 0.538855 0.049168 0.060701
2 0.345031 0.548568 0.019120 0.016996
2 0.039095 0.558280 0.057362 0.075269
2 0.281351 0.551169 0.019120 0.014568
7 0.395565 0.524981 0.010926 0.016996
7 0.288351 0.511626 0.006828 0.024280
8 0.676233 0.326400 0.025949 0.014568
8 0.687159 0.305762 0.028681 0.016996
8 0.667355 0.358312 0.013657 0.028442
7 0.687842 0.380511 0.016389 0.033992
7 0.724035 0.157130 0.012292 0.077697
7 0.702183 0.154702 0.015023 0.077697
7 0.668721 0.384153 0.016389 0.016996
