2 0.283263 0.682041 0.024584 0.046133
2 0.198584 0.680827 0.013657 0.019424
2 0.186975 0.683255 0.015023 0.024280
2 0.176049 0.688112 0.015023 0.014568
2 0.161025 0.685684 0.017755 0.024280
2 0.131661 0.691754 0.043705 0.065557
2 0.108443 0.694182 0.013657 0.031564
2 0.027179 0.720890 0.025949 0.060701
2 0.064738 0.713606 0.079215 0.104406
2 0.232729 0.700252 0.076483 0.063129
2 0.245021 0.743957 0.098336 0.135971
2 0.376136 0.708750 0.087410 0.109262
2 0.731240 0.615270 0.081947 0.058273
2 0.839137 0.612842 0.038241 0.053417
2 0.632699 0.834038 0.349640 0.322931
2 0.989851 0.587590 0.017755 0.048561
7 0.253352 0.535387 0.023218 0.016996
7 0.313447 0.531745 0.023218 0.019424
7 0.476316 0.483183 0.015023 0.063129
8 0.278278 0.534173 0.015023 0.024280
8 0.496803 0.528102 0.020486 0.016996
8 0.491340 0.539029 0.009560 0.019424
8 0.371151 0.575450 0.015023 0.029136
0 0.315666 0.667889 0.009560 0.036420
4 0.233109 0.670954 0.057412 0.088457
