2 0.108760 0.489963 0.214402 0.187114
2 0.893083 0.551642 0.211283 0.393634
2 0.226876 0.461550 0.162166 0.108110
2 0.748459 0.492042 0.162166 0.180184
2 0.332518 0.447689 0.075625 0.047125
2 0.371501 0.447689 0.024169 0.024948
2 0.369162 0.442145 0.041321 0.036036
2 0.378517 0.435215 0.038202 0.030492
2 0.382026 0.431057 0.045219 0.033264
2 0.406585 0.431750 0.007016 0.020790
2 0.538345 0.449768 0.036643 0.042967
2 0.518074 0.437987 0.027287 0.047125
2 0.504040 0.433136 0.019491 0.031878
2 0.491566 0.426206 0.013253 0.023562
2 0.481041 0.425513 0.015592 0.016632
2 0.448685 0.427592 0.021050 0.020790
2 0.594751 0.446445 0.087555 0.138320
2 0.468956 0.427592 0.011694 0.020790
8 0.647105 0.340271 0.021830 0.034650
8 0.647885 0.365220 0.023389 0.018018
8 0.880219 0.249486 0.056134 0.099794
8 0.879440 0.324332 0.029626 0.047125
8 0.574610 0.319172 0.013075 0.023245
8 0.579136 0.341523 0.020115 0.014304
8 0.574610 0.366556 0.017098 0.010728
