7 0.414504 0.423675 0.009004 0.017786
7 0.438016 0.420118 0.006002 0.017786
2 0.432513 0.449466 0.017008 0.019565
2 0.416005 0.451245 0.010004 0.016007
2 0.405500 0.448577 0.011005 0.014229
2 0.393494 0.449466 0.019009 0.023122
2 0.303950 0.475257 0.034016 0.071146
2 0.240919 0.501047 0.080039 0.115612
2 0.187392 0.510830 0.097047 0.124505
2 0.141369 0.525948 0.089043 0.133399
2 0.065932 0.571304 0.131865 0.202766
2 0.348472 0.490375 0.083041 0.115612
2 0.447521 0.448577 0.011005 0.021343
2 0.456025 0.446798 0.012005 0.024901
2 0.467530 0.449466 0.019009 0.033794
2 0.479036 0.457470 0.020009 0.035573
2 0.490042 0.462806 0.024011 0.049802
2 0.515054 0.471699 0.052025 0.071146
2 0.586589 0.492154 0.105051 0.129841
2 0.826708 0.538399 0.345170 0.439328
8 0.699424 0.291142 0.018521 0.031193
