2 0.369927 0.568957 0.012235 0.023111
2 0.463224 0.566918 0.045883 0.057099
2 0.497254 0.576435 0.028294 0.081570
2 0.614258 0.545845 0.006882 0.017673
2 0.622287 0.539728 0.009176 0.013595
2 0.646759 0.543806 0.021412 0.032628
2 0.634523 0.556722 0.033648 0.039425
2 0.408164 0.581873 0.070354 0.084290
2 0.113743 0.628096 0.131533 0.133232
0 0.060977 0.609063 0.018353 0.092447
3 0.034212 0.605664 0.065766 0.123716
2 0.666106 0.538368 0.016059 0.035347
2 0.694019 0.541767 0.029059 0.025830
0 0.773933 0.544486 0.014529 0.055740
0 0.840563 0.574622 0.014529 0.103323
0 0.903653 0.564425 0.021412 0.115558
0 0.792725 0.583331 0.020647 0.118277
0 0.758185 0.557954 0.016824 0.099244
0 0.820128 0.580386 0.027530 0.135951
0 0.872129 0.576307 0.022941 0.116918
0 0.897365 0.585144 0.016824 0.085649
0 0.934837 0.562032 0.027530 0.126435
0 0.966191 0.562712 0.019882 0.111480
7 0.525325 0.294207 0.008412 0.053021
7 0.228696 0.327213 0.011470 0.054380
7 0.243990 0.326534 0.013000 0.050302
7 0.220284 0.329932 0.008412 0.048942
7 0.538028 0.293905 0.010706 0.047583
7 0.512410 0.295945 0.011470 0.054380
8 0.601883 0.309540 0.020647 0.040785
8 0.633619 0.333860 0.039765 0.062537
8 0.742593 0.405235 0.025236 0.014954
2 0.561352 0.620189 0.150651 0.248791
2 0.265785 0.640431 0.255419 0.286857
8 0.710092 0.473210 0.019882 0.047583
7 0.751685 0.459766 0.014529 0.031268
