2 0.380992 0.403092 0.022036 0.018556
2 0.296327 0.405154 0.019716 0.022680
2 0.268492 0.410309 0.028994 0.028865
2 0.194845 0.416494 0.023195 0.041237
2 0.128737 0.422680 0.039432 0.057731
2 0.092783 0.426804 0.041752 0.057731
2 0.052190 0.422680 0.044072 0.053608
2 0.019716 0.424742 0.039432 0.065979
2 0.229059 0.415463 0.040592 0.051546
2 0.516688 0.379381 0.010438 0.016494
2 0.490285 0.410595 0.038817 0.045933
2 0.652964 0.394845 0.034793 0.022680
2 0.684278 0.393814 0.020876 0.028865
2 0.698775 0.391752 0.024355 0.028865
2 0.739368 0.401030 0.022036 0.043298
2 0.782860 0.400000 0.037113 0.045360
2 0.834471 0.404123 0.061469 0.061855
2 0.900348 0.411340 0.084664 0.072164
7 0.470876 0.351546 0.009278 0.018556
7 0.533505 0.356701 0.009278 0.016494
8 0.540464 0.343299 0.016237 0.010309
8 0.566559 0.365979 0.010438 0.014432
8 0.580476 0.370103 0.010438 0.022680
8 0.723711 0.371134 0.009278 0.016494
