0 0.945255 0.740365 0.044895 0.150087
7 0.880302 0.616925 0.011462 0.020377
8 0.858810 0.599859 0.022924 0.028018
8 0.858810 0.571840 0.037252 0.033113
8 0.591596 0.590943 0.015760 0.025471
2 0.638162 0.632972 0.020058 0.028018
2 0.624693 0.629660 0.020058 0.040754
2 0.607500 0.643670 0.040117 0.058584
2 0.596754 0.657679 0.018626 0.056037
2 0.575979 0.661500 0.045849 0.099339
2 0.552338 0.670415 0.064475 0.112075
2 0.699055 0.652585 0.030088 0.045849
2 0.732009 0.665321 0.064475 0.081509
2 0.746337 0.690793 0.047281 0.071320
2 0.790037 0.714991 0.083101 0.119717
2 0.522823 0.689519 0.095996 0.124811
2 0.849093 0.758205 0.124027 0.147688
7 0.007402 0.113349 0.014805 0.114622
2 0.658371 0.648998 0.035102 0.049922
2 0.987161 0.746764 0.023401 0.145608
