8 0.490470 0.268091 0.045874 0.085025
8 0.499742 0.336632 0.023425 0.031233
8 0.492910 0.377409 0.029281 0.053791
7 0.209852 0.413849 0.005856 0.022557
7 0.203996 0.414716 0.005856 0.020822
8 0.190331 0.419922 0.013664 0.027763
7 0.142992 0.470243 0.008784 0.031233
7 0.134208 0.493669 0.010736 0.012146
7 0.156657 0.471979 0.006832 0.020822
8 0.453867 0.386085 0.007808 0.015616
8 0.103950 0.453759 0.006832 0.019087
8 0.064907 0.466773 0.010736 0.031233
2 0.204972 0.490198 0.017569 0.026028
2 0.181059 0.551799 0.043922 0.072879
2 0.064907 0.512756 0.028305 0.019087
2 0.068324 0.530108 0.031233 0.039910
2 0.377247 0.693219 0.485101 0.605590
