8 0.737337 0.323216 0.044074 0.029383
7 0.373552 0.104218 0.023873 0.097944
7 0.399721 0.107483 0.024792 0.097944
7 0.704573 0.375198 0.019282 0.042442
7 0.721101 0.375198 0.013773 0.042442
8 0.589349 0.364842 0.030301 0.017956
7 0.582003 0.466052 0.021119 0.034280
7 0.409070 0.451360 0.008264 0.024486
7 0.449932 0.452176 0.009182 0.022853
7 0.431108 0.497883 0.008264 0.013059
7 0.090204 0.437811 0.015609 0.029383
7 0.103977 0.436178 0.013773 0.032648
2 0.873485 0.518033 0.249758 0.184461
2 0.394248 0.537178 0.026628 0.044074
2 0.430518 0.533913 0.016528 0.027750
2 0.379993 0.540870 0.043156 0.068561
2 0.457036 0.525634 0.049584 0.078355
2 0.809206 0.539554 0.078967 0.375453
0 0.341828 0.586894 0.080804 0.404836
0 0.282143 0.575467 0.102841 0.489721
