8 0.328011 0.610013 0.012650 0.010397
8 0.571724 0.556290 0.024370 0.017329
8 0.443537 0.655070 0.007798 0.013863
2 0.396746 0.672400 0.017546 0.027727
2 0.369452 0.680199 0.029244 0.046790
2 0.328510 0.676733 0.066286 0.112644
2 0.306089 0.688864 0.046790 0.123042
2 0.244189 0.707927 0.145246 0.188896
2 0.444024 0.675000 0.016571 0.025994
2 0.455722 0.678466 0.012672 0.032926
2 0.482042 0.677599 0.039967 0.048523
2 0.515673 0.684531 0.029244 0.079717
2 0.541993 0.681065 0.050690 0.149037
4 0.664818 0.668068 0.239802 0.310205
4 0.096505 0.731322 0.193011 0.429781
2 0.839796 0.788511 0.316812 0.412452
