2 0.482532 0.420944 0.015546 0.021259
2 0.504655 0.418819 0.011958 0.021259
2 0.455027 0.415630 0.010762 0.019133
2 0.538737 0.432637 0.068164 0.099921
2 0.755189 0.419882 0.072947 0.048897
2 0.789869 0.403937 0.027504 0.021259
2 0.882310 0.463252 0.231998 0.223228
2 0.682600 0.438803 0.081318 0.097795
8 0.475954 0.370984 0.011958 0.019133
8 0.463398 0.372047 0.010762 0.021259
8 0.909934 0.096732 0.034680 0.082913
8 0.733066 0.308267 0.015546 0.027637
7 0.083710 0.364252 0.023917 0.038267
7 0.509005 0.373535 0.010762 0.019133
