8 0.810309 0.299938 0.023762 0.038571
8 0.747803 0.314632 0.030994 0.031224
2 0.712159 0.260816 0.007232 0.018367
2 0.702344 0.264489 0.014464 0.022040
2 0.685813 0.266326 0.022729 0.025714
2 0.671349 0.267244 0.014464 0.023877
2 0.656368 0.269081 0.021696 0.027551
2 0.646036 0.275510 0.015497 0.029387
2 0.593458 0.275294 0.025602 0.029818
2 0.576814 0.293877 0.042359 0.051428
2 0.619174 0.278265 0.044426 0.060612
2 0.478280 0.304110 0.069221 0.084489
2 0.232904 0.383090 0.159107 0.154285
2 0.384262 0.344518 0.153941 0.187346
0 0.242571 0.295320 0.017563 0.038571
