2 0.265592 0.639175 0.067268 0.068041
2 0.052190 0.683505 0.104381 0.103092
2 0.349097 0.624742 0.027835 0.055670
4 0.441881 0.581443 0.044072 0.105154
2 0.464497 0.607216 0.010438 0.053608
2 0.393170 0.629897 0.069587 0.090721
2 0.489433 0.609278 0.055670 0.090721
2 0.524806 0.608247 0.017396 0.035051
2 0.612951 0.625773 0.067268 0.111340
2 0.673840 0.648453 0.121778 0.164948
2 0.839690 0.710309 0.318943 0.317525
7 0.249355 0.446391 0.016237 0.028865
7 0.514948 0.462886 0.009278 0.024742
7 0.212822 0.584536 0.008118 0.016494
8 0.664561 0.436082 0.030154 0.020618
8 0.610631 0.486598 0.022036 0.014432
8 0.599033 0.503092 0.017396 0.010309
8 0.592074 0.531958 0.015077 0.014432
8 0.067499 0.097499 0.132890 0.187499
