7 0.377050 0.378515 0.005273 0.023437
7 0.483837 0.444140 0.010546 0.018749
7 0.384301 0.374999 0.006591 0.025781
7 0.506908 0.374999 0.009228 0.025781
7 0.424511 0.346874 0.007910 0.030468
7 0.434399 0.344531 0.006591 0.039843
7 0.537890 0.441796 0.018457 0.023437
7 0.263671 0.358593 0.007910 0.025781
7 0.236645 0.418359 0.022412 0.023437
8 0.324316 0.406472 0.010546 0.014062
8 0.537890 0.373660 0.015820 0.014062
7 0.394189 0.429642 0.013183 0.018214
2 0.350683 0.486160 0.026367 0.032812
2 0.439013 0.487332 0.044824 0.035156
2 0.377050 0.493191 0.042187 0.051562
2 0.582055 0.487332 0.032958 0.044531
2 0.311132 0.510769 0.042187 0.091406
2 0.287402 0.516629 0.047460 0.093749
2 0.653905 0.565847 0.213574 0.248437
2 0.484018 0.525468 0.065917 0.103124
2 0.407554 0.517265 0.052734 0.077343
2 0.237485 0.537187 0.102831 0.145312
3 0.171567 0.450468 0.039550 0.103124
2 0.067344 0.623905 0.134689 0.487499
2 0.830747 0.684843 0.337499 0.379687
