7 0.272481 0.349412 0.008933 0.031764
7 0.475577 0.251470 0.014889 0.047647
7 0.439991 0.238235 0.016378 0.063529
7 0.617178 0.305735 0.016378 0.055588
8 0.089338 0.411617 0.026801 0.018529
8 0.043924 0.408970 0.046158 0.023823
8 0.070726 0.443382 0.031268 0.018529
8 0.560151 0.303088 0.035735 0.055588
8 0.513992 0.488382 0.011911 0.023823
8 0.632217 0.414264 0.032757 0.023823
7 0.921226 0.313676 0.019356 0.055588
7 0.054347 0.489706 0.016378 0.026470
7 0.043924 0.485735 0.013400 0.029117
7 0.654254 0.460588 0.014889 0.026470
7 0.927927 0.484412 0.026801 0.042352
7 0.637875 0.459265 0.017867 0.029117
0 0.893680 0.567794 0.053602 0.225000
0 0.689691 0.559853 0.026801 0.124411
0 0.594248 0.549265 0.010422 0.050294
0 0.569680 0.549265 0.011911 0.045000
0 0.613605 0.551912 0.010422 0.055588
0 0.124329 0.561176 0.013400 0.037058
0 0.089338 0.574412 0.017867 0.063529
0 0.059558 0.558529 0.017867 0.063529
2 0.363755 0.571765 0.049136 0.068823
2 0.166764 0.590294 0.107205 0.100588
4 0.345739 0.517500 0.065514 0.092647
4 0.269801 0.525441 0.125073 0.124411
2 0.281117 0.592941 0.134007 0.164117
2 0.450860 0.567794 0.119117 0.240882
2 0.057325 0.652500 0.114650 0.251470
2 0.966640 0.673676 0.065514 0.219706
2 0.975574 0.540000 0.047647 0.100588
2 0.905592 0.561176 0.089338 0.111176
