5 0.789106 0.542426 0.078959 0.239152
5 0.691626 0.493036 0.049715 0.175032
0 0.816888 0.467907 0.054589 0.263414
0 0.617053 0.433247 0.017546 0.083183
0 0.657507 0.429781 0.018521 0.117843
0 0.670667 0.444512 0.019496 0.102246
0 0.710147 0.447978 0.036067 0.154236
0 0.747190 0.434980 0.038017 0.149037
0 0.794468 0.445378 0.033143 0.162901
0 0.829561 0.441046 0.021445 0.161168
2 0.130624 0.524229 0.259298 0.587484
2 0.306577 0.454043 0.170591 0.249550
2 0.387486 0.459242 0.047765 0.121309
2 0.419167 0.441912 0.031193 0.079717
2 0.493252 0.432381 0.124775 0.289409
2 0.220306 0.395988 0.054589 0.060654
2 0.248576 0.383857 0.023395 0.015596
2 0.416242 0.404653 0.042891 0.053722
4 0.065312 0.228754 0.130624 0.135173
