2 0.018521 0.659403 0.033143 0.175032
2 0.882124 0.801770 0.235750 0.386979
2 0.375301 0.625610 0.214457 0.336200
2 0.624364 0.642939 0.174490 0.211424
2 0.156944 0.609146 0.243701 0.296341
2 0.035093 0.590950 0.070186 0.218356
2 0.552228 0.583151 0.104304 0.157702
2 0.497152 0.559756 0.046790 0.093581
2 0.467907 0.545025 0.019496 0.057188
7 0.304140 0.395988 0.003899 0.046790
7 0.474244 0.404653 0.006823 0.036392
7 0.534194 0.491303 0.009748 0.015596
7 0.581472 0.482638 0.014622 0.019062
7 0.482529 0.405520 0.007798 0.031193
7 0.308039 0.396855 0.003899 0.031193
8 0.635087 0.402054 0.018521 0.031193
8 0.568312 0.455776 0.015596 0.013863
8 0.523959 0.479172 0.016571 0.008664
4 0.245651 0.506900 0.089682 0.102246
