2 0.274155 0.514509 0.075708 0.104003
2 0.477534 0.477802 0.017206 0.042824
2 0.515962 0.541019 0.096355 0.165181
2 0.809617 0.555294 0.160592 0.104003
2 0.918247 0.577930 0.020418 0.063625
7 0.383358 0.252870 0.011012 0.053021
7 0.468472 0.301812 0.009176 0.040785
7 0.399646 0.256948 0.013765 0.048942
7 0.480516 0.305891 0.010323 0.040785
7 0.666919 0.408874 0.022941 0.046903
7 0.599929 0.425596 0.011470 0.022432
7 0.542574 0.441910 0.011470 0.022432
8 0.123312 0.404796 0.010323 0.026510
8 0.123312 0.320166 0.037854 0.020392
8 0.136503 0.300793 0.011470 0.022432
8 0.231139 0.295694 0.012618 0.036706
8 0.747789 0.448640 0.028677 0.040785
8 0.661183 0.351774 0.018353 0.042824
8 0.660036 0.281419 0.011470 0.032628
2 0.387799 0.521471 0.168622 0.297734
