8 0.287156 0.271615 0.039212 0.019552
8 0.282852 0.296268 0.010520 0.019552
8 0.160195 0.343025 0.024387 0.024653
8 0.977193 0.182351 0.043994 0.065459
8 0.989148 0.235484 0.020084 0.025503
7 0.785516 0.232509 0.008607 0.055258
7 0.795370 0.229142 0.010998 0.051857
7 0.638522 0.306928 0.007172 0.027204
7 0.648564 0.306078 0.010042 0.025503
7 0.683472 0.277599 0.008129 0.031454
7 0.698774 0.281645 0.012911 0.032746
7 0.751086 0.337358 0.009563 0.039955
7 0.772065 0.387487 0.007651 0.015302
8 0.720180 0.358583 0.009085 0.015302
8 0.719753 0.397450 0.012911 0.012751
8 0.775583 0.356644 0.016258 0.012751
8 0.761353 0.388847 0.005738 0.025503
2 0.155066 0.434022 0.067425 0.048457
2 0.697818 0.500757 0.126721 0.166624
2 0.085727 0.421695 0.170715 0.187027
2 0.867817 0.529661 0.262051 0.561083
2 0.438505 0.527078 0.465762 0.554282
8 0.886444 0.259686 0.008607 0.005100
