2 0.484347 0.514888 0.013060 0.052770
2 0.503345 0.515944 0.013060 0.025329
2 0.515218 0.515944 0.015435 0.025329
2 0.535403 0.521221 0.041556 0.056992
2 0.666095 0.535092 0.105672 0.122427
3 0.757519 0.463324 0.191160 0.139314
2 0.829780 0.663427 0.338057 0.406127
4 0.464841 0.512928 0.032058 0.078100
2 0.432783 0.528759 0.074802 0.101319
8 0.303178 0.383113 0.070052 0.056992
8 0.015003 0.251073 0.030007 0.037419
8 0.077500 0.466664 0.011873 0.025329
2 0.052242 0.502374 0.016622 0.025329
2 0.020778 0.501319 0.013060 0.027440
7 0.177830 0.137569 0.017810 0.109762
7 0.427872 0.464745 0.007124 0.021108
7 0.473584 0.467912 0.005936 0.018997
7 0.401751 0.462635 0.007124 0.021108
7 0.920022 0.136513 0.024934 0.094986
7 0.203466 0.351817 0.023746 0.052770
7 0.023584 0.166065 0.015435 0.107651
7 0.944363 0.147067 0.028496 0.103430
0 0.282315 0.518571 0.020184 0.128759
0 0.290627 0.530085 0.013060 0.092684
0 0.301313 0.532292 0.017810 0.101319
8 0.393416 0.492876 0.008311 0.018997
