7 0.772120 0.441925 0.014395 0.044786
7 0.564582 0.438726 0.007197 0.034123
7 0.759524 0.437660 0.010796 0.044786
7 0.341523 0.495243 0.009746 0.031990
7 0.330578 0.492044 0.007051 0.025592
8 0.331401 0.444667 0.016795 0.066113
8 0.359593 0.436137 0.034789 0.019194
8 0.439969 0.406279 0.025192 0.019194
8 0.437570 0.429739 0.017994 0.014928
8 0.460363 0.515047 0.015595 0.031990
8 0.513747 0.520378 0.009597 0.012796
2 0.513147 0.591824 0.010796 0.034123
2 0.506549 0.588625 0.009597 0.036255
2 0.496352 0.593956 0.020393 0.051184
2 0.478957 0.596089 0.043187 0.068246
2 0.532941 0.593956 0.026392 0.049052
2 0.564732 0.600355 0.034789 0.053317
2 0.589924 0.595023 0.020393 0.034123
2 0.603720 0.605686 0.031190 0.068246
2 0.653505 0.617416 0.101969 0.138625
4 0.694893 0.584359 0.119964 0.155687
8 0.761473 0.544904 0.013196 0.027725
2 0.244427 0.593956 0.032390 0.046919
2 0.268420 0.592890 0.044386 0.070379
0 0.429772 0.590757 0.011996 0.059715
2 0.358843 0.607667 0.140358 0.177014
2 0.853696 0.666316 0.290313 0.388151
