0 0.639473 0.477439 0.019496 0.220089
0 0.607305 0.470507 0.021445 0.227021
0 0.561629 0.473336 0.049019 0.194555
0 0.619977 0.472240 0.037042 0.233953
0 0.862217 0.479172 0.043866 0.240885
0 0.889512 0.467907 0.026319 0.207959
0 0.916806 0.478305 0.041916 0.214890
5 0.766198 0.512965 0.070186 0.142105
2 0.435739 0.423716 0.037042 0.091848
2 0.288055 0.428048 0.028269 0.093581
2 0.272946 0.415918 0.011697 0.031193
2 0.257349 0.431514 0.017546 0.055455
2 0.248576 0.425449 0.021445 0.081450
2 0.218356 0.424582 0.052639 0.090115
2 0.171566 0.440179 0.081883 0.110911
2 0.120876 0.467041 0.136473 0.136906
0 0.004874 0.435847 0.009748 0.102246
2 0.359704 0.454043 0.150120 0.225288
8 0.579523 0.263414 0.014622 0.076251
8 0.180339 0.225288 0.021445 0.086649
8 0.396746 0.320603 0.013647 0.038125
8 0.183751 0.327535 0.012672 0.065853
0 0.104304 0.387323 0.011697 0.019062
0 0.114539 0.386457 0.008773 0.017329
