4 0.228939 0.508505 0.120188 0.116546
2 0.346396 0.501220 0.054631 0.053417
2 0.390784 0.495150 0.036876 0.050989
2 0.414685 0.492722 0.016389 0.050989
2 0.445108 0.484397 0.025949 0.031564
2 0.464229 0.484397 0.009560 0.026708
2 0.473107 0.483183 0.013657 0.019424
2 0.482667 0.479541 0.010926 0.021852
2 0.494277 0.477113 0.012292 0.021852
2 0.503837 0.478327 0.006828 0.019424
2 0.510666 0.475899 0.006828 0.019424
4 0.521592 0.471043 0.012292 0.019424
2 0.534567 0.477113 0.010926 0.012140
2 0.549591 0.479541 0.016389 0.026708
2 0.561200 0.475899 0.009560 0.019424
2 0.568712 0.475899 0.010926 0.024280
2 0.581004 0.480755 0.019120 0.033992
2 0.594662 0.480755 0.010926 0.019424
2 0.602173 0.480755 0.012292 0.024280
2 0.615148 0.486825 0.019120 0.031564
2 0.627440 0.488039 0.019120 0.038848
2 0.644513 0.486825 0.028681 0.041277
2 0.652025 0.495324 0.035510 0.043705
2 0.684120 0.501394 0.023218 0.050989
2 0.708022 0.498966 0.049168 0.070413
2 0.798983 0.585162 0.237646 0.228237
0 0.159660 0.487797 0.015023 0.050989
0 0.309896 0.484155 0.015023 0.063129
0 0.077713 0.504793 0.020486 0.109262
