1 0.161316 0.386056 0.076881 0.311722
1 0.245953 0.396247 0.064068 0.257770
1 0.296533 0.410035 0.072160 0.278152
0 0.021206 0.378649 0.042143 0.241757
2 0.349811 0.395648 0.308201 0.172646
7 0.095225 0.228397 0.010790 0.029973
8 0.123550 0.189431 0.032371 0.028774
7 0.141084 0.183436 0.008092 0.021580
8 0.246291 0.090519 0.043161 0.044360
8 0.746359 0.272158 0.024952 0.016785
8 0.892366 0.291940 0.013488 0.037166
8 0.344753 0.225999 0.008092 0.025177
8 0.375978 0.278752 0.006069 0.014387
8 0.508160 0.274555 0.010116 0.013188
8 0.492312 0.266762 0.017534 0.011989
8 0.578635 0.237988 0.047208 0.033570
7 0.233005 0.283847 0.004720 0.010790
7 0.388117 0.250877 0.006744 0.014387
7 0.475452 0.259869 0.006069 0.013188
7 0.452522 0.269460 0.006069 0.008392
7 0.353048 0.301831 0.006744 0.010790
7 0.755665 0.305428 0.009441 0.017984
7 0.980578 0.298834 0.012139 0.031172
2 0.406393 0.308725 0.008092 0.013188
2 0.433032 0.309924 0.010116 0.013188
2 0.446520 0.309924 0.011464 0.015586
2 0.420219 0.310524 0.011464 0.014387
2 0.422984 0.334742 0.031022 0.043161
2 0.458187 0.328747 0.025627 0.045559
2 0.499663 0.335941 0.039789 0.045559
7 0.405719 0.084225 0.015646 0.058148
8 0.392034 0.272770 0.008990 0.008524
8 0.463955 0.274901 0.011387 0.008524
8 0.414209 0.274368 0.010188 0.007458
5 0.148705 0.466385 0.049231 0.178641
5 0.294038 0.493961 0.049905 0.171447
5 0.265376 0.474178 0.031696 0.129484
