7 0.269534 0.155969 0.010722 0.055455
7 0.478143 0.239152 0.008773 0.041591
7 0.014134 0.280744 0.024370 0.041591
7 0.487891 0.240885 0.010722 0.038125
7 0.283181 0.161168 0.014622 0.055455
7 0.703811 0.352663 0.031193 0.039858
7 0.107228 0.336200 0.015596 0.024261
7 0.124288 0.337066 0.010722 0.022528
7 0.385536 0.356996 0.004874 0.013863
7 0.388460 0.356129 0.004874 0.015596
7 0.576111 0.387323 0.013647 0.022528
8 0.509337 0.393389 0.008773 0.024261
8 0.022420 0.185430 0.031193 0.017329
8 0.036067 0.160301 0.013647 0.025994
8 0.044353 0.233953 0.045815 0.024261
8 0.676516 0.345731 0.031193 0.022528
8 0.567825 0.342265 0.020470 0.012130
2 0.654276 0.535632 0.134558 0.151849
2 0.835637 0.613636 0.326449 0.312018
2 0.480520 0.540832 0.180190 0.257935
2 0.401541 0.418105 0.010530 0.012480
2 0.389255 0.418105 0.011700 0.016640
2 0.374629 0.421225 0.019891 0.022881
2 0.361758 0.424345 0.015210 0.024961
2 0.343622 0.427465 0.032761 0.035362
2 0.297990 0.436826 0.056163 0.049922
0 0.254697 0.422265 0.009360 0.041602
