8 0.814926 0.021328 0.021093 0.042656
2 0.039732 0.382499 0.010546 0.014062
2 0.026548 0.397734 0.029003 0.044531
2 0.072031 0.410624 0.061962 0.084374
2 0.145200 0.380155 0.018457 0.018749
2 0.192661 0.376640 0.021093 0.030468
2 0.177500 0.411796 0.035595 0.058593
2 0.285605 0.388359 0.014501 0.035156
2 0.298130 0.384843 0.013183 0.018749
2 0.585532 0.394218 0.068554 0.056249
2 0.638925 0.393046 0.075146 0.049218
2 0.688364 0.396562 0.089648 0.070312
2 0.791855 0.364921 0.035595 0.049218
2 0.844589 0.368437 0.090966 0.074999
2 0.936874 0.378984 0.104150 0.086718
4 0.797128 0.328593 0.088330 0.093749
2 0.994223 0.396562 0.010546 0.056249
2 0.460288 0.402421 0.058007 0.072656
2 0.132676 0.427030 0.077783 0.103124
2 0.242100 0.424687 0.098876 0.164062
2 0.025139 0.554765 0.050278 0.250781
2 0.311973 0.386015 0.014501 0.030468
2 0.012615 0.401249 0.025230 0.046874
8 0.816570 0.417653 0.026392 0.087440
