7 0.476108 0.395390 0.010546 0.035156
7 0.533457 0.393046 0.006591 0.030468
7 0.576303 0.443437 0.010546 0.028124
7 0.501157 0.450468 0.007910 0.028124
8 0.885458 0.425859 0.027685 0.039843
8 0.886118 0.383671 0.013183 0.035156
8 0.906552 0.342656 0.048779 0.018749
8 0.747690 0.422343 0.029003 0.065624
8 0.472812 0.450468 0.022412 0.014062
8 0.482700 0.397734 0.052734 0.072656
7 0.402280 0.431718 0.010546 0.028124
8 0.639585 0.468046 0.023730 0.044531
2 0.437217 0.509062 0.025048 0.023437
2 0.451059 0.532499 0.034277 0.051562
2 0.485996 0.538358 0.046142 0.086718
2 0.525547 0.505546 0.025048 0.011718
2 0.530820 0.517265 0.051415 0.016406
2 0.598056 0.527812 0.011865 0.018749
2 0.579599 0.530155 0.035595 0.060937
2 0.530161 0.568827 0.073828 0.091406
2 0.667270 0.596952 0.192480 0.203906
2 0.356138 0.567655 0.168749 0.243749
8 0.880594 0.302558 0.017161 0.047288
