8 0.288055 0.213157 0.028269 0.058921
8 0.283181 0.123908 0.045815 0.116110
8 0.281232 0.043324 0.028269 0.045057
8 0.283864 0.124428 0.045231 0.114377
8 0.498029 0.314191 0.006823 0.019062
8 0.474536 0.284730 0.019496 0.022528
8 0.922460 0.315057 0.022420 0.024261
8 0.733835 0.308992 0.007798 0.022528
8 0.474226 0.271955 0.023395 0.046790
7 0.361848 0.261681 0.011697 0.048523
7 0.383781 0.260122 0.012672 0.048870
7 0.765516 0.270346 0.008773 0.045057
7 0.779651 0.267747 0.011697 0.050256
7 0.361068 0.314884 0.009748 0.019062
7 0.763956 0.318350 0.010722 0.019062
7 0.320419 0.137252 0.020470 0.103979
0 0.102133 0.415863 0.069211 0.296341
0 0.356194 0.419383 0.019496 0.131707
0 0.413708 0.413318 0.035093 0.140372
0 0.450556 0.344865 0.013647 0.003465
0 0.507484 0.367394 0.007798 0.041591
0 0.448509 0.381258 0.012672 0.076251
0 0.762202 0.376925 0.012672 0.050256
0 0.628751 0.370860 0.017546 0.062387
0 0.590246 0.356996 0.008773 0.027727
0 0.542480 0.356996 0.006823 0.027727
0 0.531757 0.364794 0.004874 0.025994
0 0.522497 0.365661 0.005848 0.038125
0 0.485551 0.366354 0.006823 0.033273
0 0.301215 0.363928 0.013647 0.024261
0 0.648539 0.370860 0.008773 0.034659
2 0.603795 0.354570 0.011697 0.000693
2 0.605745 0.362888 0.023395 0.020795
2 0.956189 0.397548 0.071160 0.045057
2 0.561391 0.355956 0.016571 0.024261
2 0.575786 0.478305 0.157918 0.218356
2 0.707905 0.384724 0.054589 0.069319
4 0.866099 0.464070 0.261248 0.279011
2 0.653901 0.385244 0.017546 0.025994
2 0.645127 0.364448 0.013647 0.025994
2 0.604185 0.350584 0.011697 0.015596
7 0.637134 0.303446 0.009748 0.015596
0 0.366284 0.403787 0.015596 0.154236
