8 0.932252 0.192572 0.044074 0.053869
8 0.555987 0.239963 0.012855 0.011426
8 0.568842 0.257104 0.014691 0.013059
8 0.621181 0.317503 0.014691 0.029383
8 0.700149 0.324032 0.018364 0.009794
8 0.561955 0.328113 0.010100 0.011426
8 0.562874 0.343621 0.010100 0.016324
8 0.671225 0.337091 0.009182 0.006529
8 0.662961 0.349334 0.009182 0.011426
8 0.662961 0.362394 0.009182 0.011426
8 0.484365 0.322400 0.023873 0.013059
7 0.450850 0.326481 0.008264 0.021221
7 0.376014 0.336275 0.009182 0.011426
7 0.718054 0.319135 0.006427 0.022853
7 0.756161 0.308524 0.009182 0.021221
8 0.768098 0.346070 0.009182 0.024486
7 0.707036 0.337908 0.008264 0.008162
7 0.724023 0.333010 0.007345 0.008162
2 0.264449 0.407285 0.047747 0.071825
2 0.383360 0.383615 0.010100 0.017956
2 0.375096 0.379534 0.008264 0.019588
2 0.364995 0.385247 0.011936 0.014691
2 0.403102 0.389328 0.025710 0.019588
2 0.527063 0.399123 0.035810 0.045707
2 0.679948 0.386880 0.020201 0.031015
2 0.649187 0.387696 0.048666 0.058766
2 0.645973 0.412998 0.036729 0.083252
2 0.791513 0.386064 0.039483 0.071825
2 0.810795 0.395858 0.039483 0.081620
2 0.947611 0.353415 0.050502 0.101209
2 0.960926 0.422793 0.075294 0.044074
2 0.396966 0.402337 0.033974 0.045707
2 0.323508 0.415396 0.085395 0.146916
2 0.592090 0.416212 0.097332 0.135489
2 0.729783 0.390910 0.044993 0.065296
2 0.871190 0.391726 0.092741 0.112636
