7 0.223349 0.304284 0.011483 0.040831
7 0.506500 0.329166 0.012201 0.026795
7 0.471689 0.444643 0.007177 0.012759
7 0.465229 0.458679 0.007177 0.012759
7 0.232321 0.304922 0.007895 0.039555
7 0.214377 0.304922 0.007895 0.034451
7 0.193563 0.438263 0.006459 0.012759
7 0.590737 0.412105 0.006459 0.016587
7 0.043913 0.421037 0.008612 0.016587
7 0.581667 0.414657 0.006459 0.014035
8 0.147986 0.303646 0.057419 0.021691
8 0.585713 0.379568 0.012201 0.012759
2 0.479197 0.473211 0.012201 0.025519
2 0.494988 0.476401 0.025121 0.031899
2 0.516059 0.475520 0.018661 0.030623
2 0.442968 0.467864 0.033734 0.061247
2 0.535318 0.472117 0.026556 0.035727
2 0.654823 0.525071 0.182307 0.205434
2 0.389496 0.515075 0.122016 0.178639
2 0.919791 0.525709 0.159339 0.296030
2 0.875291 0.443407 0.041629 0.042107
2 0.556612 0.476583 0.014354 0.016587
