7 0.382898 0.290047 0.008397 0.042654
7 0.374501 0.288980 0.008397 0.040521
7 0.222146 0.302843 0.010796 0.034123
7 0.212549 0.302843 0.008397 0.038388
8 0.042137 0.304823 0.022793 0.014928
8 0.033140 0.280297 0.019194 0.017061
8 0.186694 0.306956 0.014395 0.014928
8 0.145306 0.350676 0.017994 0.012796
8 0.421824 0.287762 0.040787 0.014928
8 0.456614 0.326150 0.009597 0.010663
7 0.138108 0.390741 0.013196 0.019194
2 0.269020 0.437203 0.021593 0.023459
2 0.258223 0.440402 0.026392 0.029857
2 0.233630 0.435070 0.034789 0.031990
2 0.219834 0.446800 0.045586 0.034123
2 0.169449 0.446800 0.057582 0.055450
2 0.298558 0.454265 0.051878 0.076777
2 0.469210 0.583750 0.428272 0.460663
