7 0.019496 0.397721 0.027294 0.032926
7 0.254424 0.082317 0.021445 0.091848
7 0.673104 0.030327 0.022420 0.060654
7 0.234928 0.083183 0.015596 0.086649
7 0.278795 0.084916 0.023395 0.093581
7 0.647759 0.035526 0.026319 0.071052
7 0.691138 0.032926 0.013647 0.062387
2 0.443050 0.523363 0.057513 0.093581
2 0.617053 0.531161 0.056538 0.067586
2 0.389435 0.521630 0.053614 0.069319
2 0.481555 0.516431 0.031193 0.055455
2 0.600969 0.515565 0.047765 0.057188
2 0.573187 0.516431 0.015596 0.034659
2 0.498614 0.504300 0.010722 0.034659
2 0.554178 0.506900 0.018521 0.032926
2 0.513723 0.498235 0.009748 0.015596
7 0.799829 0.423716 0.010722 0.022528
8 0.829561 0.313671 0.015596 0.017329
