7 0.437284 0.273704 0.010296 0.030508
7 0.507215 0.141755 0.016302 0.062542
8 0.437713 0.253874 0.009438 0.012203
8 0.406823 0.284382 0.026599 0.048813
3 0.384084 0.365447 0.027457 0.048813
2 0.364349 0.383752 0.024025 0.021355
2 0.317585 0.445532 0.112404 0.157118
7 0.608955 0.350738 0.007722 0.016779
7 0.599945 0.340823 0.010296 0.030508
3 0.149452 0.438050 0.297743 0.872033
2 0.474653 0.511271 0.235963 0.401186
0 0.697890 0.404237 0.020593 0.076271
0 0.721915 0.410338 0.032605 0.115932
0 0.760956 0.409576 0.036896 0.111355
0 0.920125 0.416440 0.051483 0.134237
0 0.805146 0.412627 0.041186 0.105254
2 0.952779 0.709321 0.090953 0.323389
0 0.572963 0.372203 0.014586 0.056440
