8 0.016372 0.403336 0.031185 0.080390
8 0.010525 0.464322 0.021050 0.038809
2 0.068608 0.659060 0.137217 0.170482
2 0.236232 0.528772 0.082642 0.098408
2 0.333298 0.449768 0.035084 0.051283
2 0.362924 0.431057 0.025728 0.030492
2 0.422178 0.426206 0.016372 0.026334
2 0.400347 0.590451 0.091218 0.133059
2 0.574988 0.661139 0.125522 0.149691
4 0.497023 0.496894 0.052236 0.081776
2 0.534446 0.570353 0.088099 0.087320
2 0.473634 0.465015 0.033524 0.040195
2 0.474414 0.475410 0.021050 0.036036
2 0.467007 0.442145 0.026507 0.019404
2 0.462719 0.434522 0.024169 0.020790
2 0.459990 0.426206 0.029626 0.015246
8 0.520413 0.392941 0.019491 0.031878
8 0.520023 0.419276 0.010915 0.012474
8 0.757425 0.397099 0.028846 0.065143
8 0.685698 0.464322 0.024169 0.069301
8 0.321993 0.396406 0.021830 0.038809
