7 0.456975 0.532066 0.007720 0.026056
7 0.539791 0.519662 0.006316 0.016219
8 0.357053 0.551478 0.007720 0.006238
8 0.362668 0.561460 0.011931 0.008733
8 0.398461 0.570817 0.007720 0.007486
8 0.411795 0.543992 0.013334 0.008733
8 0.617781 0.548983 0.009825 0.006238
8 0.611114 0.562707 0.014738 0.006238
8 0.604095 0.572065 0.009123 0.007486
8 0.671822 0.522781 0.014738 0.011229
7 0.608657 0.587037 0.005614 0.012476
2 0.467696 0.615984 0.018247 0.016219
2 0.529456 0.614985 0.008421 0.013724
2 0.516122 0.614985 0.021054 0.026201
2 0.490505 0.614985 0.018949 0.023706
2 0.540335 0.610619 0.009123 0.019963
2 0.547704 0.613114 0.011229 0.017467
2 0.554371 0.614362 0.011931 0.022458
2 0.559635 0.617481 0.012632 0.023706
2 0.563846 0.618729 0.009825 0.021210
2 0.574373 0.622472 0.019651 0.026201
4 0.365931 0.623095 0.065971 0.079852
2 0.313294 0.617481 0.039302 0.038678
2 0.265219 0.652541 0.083517 0.167190
2 0.663154 0.632453 0.048425 0.048659
4 0.107598 0.716797 0.215197 0.270748
8 0.602692 0.537130 0.009123 0.027449
