8 0.268559 0.337933 0.024370 0.031193
0 0.262710 0.483504 0.020470 0.058921
8 0.713559 0.351797 0.017546 0.010397
2 0.365552 0.560622 0.148170 0.154236
2 0.884550 0.569764 0.230853 0.217576
2 0.442562 0.509499 0.095531 0.128241
2 0.490815 0.512099 0.036067 0.071052
2 0.499589 0.499101 0.055564 0.069319
2 0.753039 0.497368 0.114052 0.149037
2 0.698937 0.488703 0.035093 0.083183
2 0.680415 0.479172 0.025345 0.057188
2 0.668230 0.475706 0.016571 0.039858
2 0.661407 0.476572 0.016571 0.031193
2 0.651659 0.472240 0.010722 0.022528
2 0.646785 0.458376 0.016571 0.025994
2 0.550766 0.482638 0.033143 0.036392
2 0.560514 0.470507 0.025345 0.032926
2 0.579523 0.471373 0.010722 0.031193
2 0.589758 0.464441 0.009748 0.020795
