0 0.616203 0.385714 0.011352 0.076245
0 0.511505 0.374501 0.008829 0.067275
0 0.518443 0.377865 0.007568 0.056063
0 0.049195 0.362167 0.022705 0.123338
0 0.069378 0.344227 0.015137 0.065033
0 0.153262 0.349833 0.013875 0.062790
0 0.170291 0.353197 0.010091 0.056063
0 0.179121 0.352076 0.007568 0.049335
0 0.500152 0.373380 0.011352 0.060548
0 0.590344 0.378986 0.017659 0.076245
0 0.707277 0.392441 0.034058 0.121096
2 0.376785 0.355439 0.023966 0.029152
2 0.296938 0.347591 0.017659 0.013455
2 0.013244 0.403654 0.026489 0.183886
8 0.171553 0.171553 0.050456 0.024667
8 0.215702 0.178280 0.017659 0.015697
8 0.187320 0.226494 0.018921 0.013455
8 0.120087 0.137915 0.027751 0.033637
7 0.230335 0.173795 0.022705 0.038122
7 0.346385 0.206312 0.017659 0.031395
7 0.319895 0.294891 0.010091 0.015697
7 0.338817 0.300498 0.010091 0.022425
7 0.463571 0.291528 0.011352 0.022425
7 0.555655 0.279194 0.023966 0.006727
8 0.304758 0.288164 0.010091 0.015697
7 0.556285 0.252283 0.022705 0.038122
8 0.401179 0.215236 0.035819 0.015283
7 0.109607 0.270637 0.010029 0.020377
5 0.649409 0.404363 0.040117 0.043301
