2 0.518485 0.435271 0.016824 0.014954
2 0.506632 0.437311 0.009941 0.013595
2 0.493249 0.440030 0.013765 0.013595
2 0.435130 0.448187 0.019882 0.029909
2 0.425571 0.454305 0.014529 0.031268
2 0.415629 0.457703 0.013000 0.027190
2 0.393834 0.457024 0.035177 0.047583
2 0.372804 0.452265 0.022177 0.029909
2 0.286008 0.478096 0.058119 0.073413
2 0.463425 0.447507 0.009176 0.009516
2 0.359422 0.470845 0.030589 0.048942
2 0.237872 0.495793 0.087943 0.089728
2 0.041337 0.546096 0.081825 0.135951
2 0.544704 0.444756 0.012235 0.027190
2 0.553881 0.446115 0.016824 0.029909
2 0.506377 0.449546 0.017588 0.027190
2 0.476935 0.447507 0.019882 0.028549
3 0.718079 0.422421 0.232477 0.122356
