8 0.943109 0.376182 0.111128 0.157702
8 0.586590 0.480905 0.038017 0.055455
8 0.536875 0.533761 0.014622 0.022528
2 0.491546 0.561489 0.010722 0.008664
2 0.467664 0.566688 0.013647 0.012130
2 0.451579 0.565821 0.010722 0.013863
2 0.433545 0.566688 0.029244 0.025994
2 0.407713 0.565821 0.032168 0.031193
2 0.371158 0.568421 0.038992 0.043324
2 0.594317 0.566688 0.031193 0.038125
2 0.139570 0.584884 0.049715 0.039858
2 0.099115 0.590083 0.037042 0.043324
2 0.056711 0.593549 0.043866 0.050256
8 0.462366 0.547441 0.005979 0.019133
