8 0.267326 0.224722 0.015917 0.009987
7 0.319293 0.199753 0.007490 0.026633
7 0.489239 0.195591 0.006554 0.024969
7 0.537461 0.253853 0.007490 0.008323
7 0.546356 0.169790 0.004681 0.023304
2 0.535120 0.274660 0.023408 0.036621
2 0.563211 0.305456 0.066480 0.124845
2 0.637182 0.328760 0.154496 0.184771
2 0.818364 0.406997 0.333338 0.311282
2 0.361897 0.291307 0.021535 0.029963
2 0.326784 0.306288 0.076780 0.103205
2 0.310398 0.327096 0.072098 0.114858
2 0.250940 0.347071 0.123597 0.164796
0 0.211613 0.256350 0.022472 0.026633
4 0.332402 0.262176 0.110488 0.098212
2 0.122192 0.372873 0.216295 0.292971
2 0.061798 0.491060 0.123597 0.369543
2 0.926980 0.506042 0.144197 0.349568
2 0.457872 0.378699 0.211613 0.294636
