7 0.381149 0.408119 0.007798 0.025994
7 0.482042 0.411585 0.006823 0.015596
7 0.434764 0.436713 0.005848 0.013863
8 0.498126 0.414185 0.023395 0.017329
2 0.552228 0.486970 0.024370 0.072785
2 0.569287 0.482638 0.013647 0.029460
2 0.581472 0.502567 0.032168 0.069319
2 0.601943 0.512965 0.061412 0.090115
2 0.670667 0.517298 0.130624 0.154236
2 0.490815 0.515565 0.119901 0.185430
2 0.423554 0.476572 0.010722 0.020795
2 0.413318 0.481771 0.009748 0.024261
2 0.407957 0.481771 0.008773 0.027727
2 0.397721 0.481771 0.019496 0.027727
2 0.389435 0.486970 0.018521 0.031193
2 0.379200 0.490436 0.017546 0.041591
2 0.362141 0.489570 0.036067 0.046790
2 0.319736 0.501701 0.097480 0.060654
2 0.165229 0.518164 0.100405 0.121309
2 0.064824 0.525962 0.127699 0.161168
8 0.390410 0.440179 0.018521 0.013863
8 0.311451 0.421983 0.012672 0.008664
