2 0.575211 0.508110 0.027504 0.040393
2 0.591953 0.514488 0.029896 0.040393
2 0.637994 0.494291 0.016742 0.021259
2 0.654138 0.508110 0.017937 0.027637
2 0.627829 0.517677 0.044247 0.055275
2 0.675066 0.526181 0.057401 0.076535
2 0.727086 0.528307 0.092081 0.106299
2 0.807807 0.542126 0.138720 0.150944
2 0.914837 0.581456 0.163833 0.182834
2 0.990177 0.637795 0.015546 0.184960
2 0.464594 0.486850 0.016742 0.023385
2 0.450243 0.479409 0.011958 0.017007
2 0.442470 0.486850 0.015546 0.019133
2 0.303750 0.492165 0.016742 0.042519
2 0.279234 0.497480 0.044247 0.057401
4 0.495088 0.469842 0.062185 0.138189
2 0.227214 0.486850 0.052618 0.044645
8 0.082732 0.360022 0.050226 0.061653
