2 0.841625 0.439515 0.109985 0.129219
2 0.914310 0.465019 0.102333 0.115617
2 0.517886 0.395308 0.015302 0.023803
2 0.208015 0.453967 0.109985 0.100314
2 0.463372 0.402109 0.031560 0.044206
2 0.499236 0.397009 0.021040 0.030604
2 0.600614 0.392758 0.011476 0.015302
2 0.615916 0.389357 0.009563 0.015302
2 0.663257 0.395308 0.021997 0.030604
2 0.932960 0.560233 0.131982 0.336650
2 0.690993 0.397009 0.030604 0.040806
1 0.539883 0.415711 0.020084 0.071410
6 0.538448 0.437815 0.019127 0.057808
8 0.485369 0.271190 0.021997 0.034005
8 0.493020 0.351952 0.016258 0.032304
8 0.604439 0.295843 0.026778 0.015302
8 0.908094 0.235485 0.028691 0.044206
8 0.728770 0.310296 0.029648 0.027204
