7 0.439692 0.288232 0.008789 0.031249
7 0.521431 0.293701 0.007031 0.029687
8 0.408491 0.301513 0.030761 0.014062
8 0.553071 0.296044 0.026367 0.015624
8 0.628218 0.305419 0.018457 0.012499
2 0.495063 0.399169 0.010546 0.031249
2 0.509565 0.399169 0.009667 0.043749
2 0.468696 0.401513 0.003515 0.029687
2 0.481880 0.398388 0.019335 0.035937
2 0.436616 0.416357 0.048339 0.068749
2 0.558784 0.430419 0.106347 0.171874
0 0.829927 0.391357 0.021093 0.081249
0 0.767085 0.393701 0.016699 0.079687
0 0.749067 0.393701 0.019335 0.079687
2 0.274458 0.445263 0.228515 0.273437
4 0.102951 0.367919 0.205903 0.409374
8 0.604868 0.336200 0.014622 0.010397
7 0.633137 0.342265 0.006823 0.015596
