2 0.049771 0.538475 0.099542 0.198203
3 0.426604 0.460857 0.099014 0.198203
7 0.191541 0.470559 0.012474 0.015246
8 0.182964 0.413731 0.017152 0.012474
8 0.007154 0.362448 0.008576 0.020790
7 0.288996 0.369378 0.004677 0.020790
8 0.527568 0.133752 0.042100 0.106724
8 0.541212 0.174640 0.024169 0.058213
8 0.552516 0.230082 0.023389 0.044353
8 0.495602 0.374229 0.014033 0.041581
8 0.316284 0.434522 0.009355 0.020790
2 0.369690 0.501745 0.013253 0.022176
2 0.357215 0.503131 0.011694 0.024948
2 0.340453 0.500359 0.023389 0.033264
2 0.285878 0.512140 0.028067 0.034650
2 0.314725 0.502438 0.034304 0.045739
8 0.174388 0.388783 0.012474 0.009702
7 0.173219 0.453233 0.013253 0.019404
7 0.296655 0.368685 0.007016 0.027720
2 0.968806 0.476400 0.059253 0.083162
