2 0.094169 0.360061 0.031705 0.042505
2 0.474636 0.365143 0.011954 0.017556
2 0.458264 0.363295 0.008316 0.015708
2 0.399270 0.363295 0.021310 0.032340
2 0.029802 0.392710 0.059605 0.109034
2 0.149870 0.372844 0.029106 0.023100
2 0.236584 0.371920 0.031705 0.043429
2 0.359248 0.370533 0.017152 0.027720
3 0.492568 0.356673 0.028067 0.064681
3 0.350672 0.346047 0.030146 0.028644
2 0.270889 0.384702 0.062891 0.060985
2 0.379779 0.375924 0.034304 0.036036
2 0.447868 0.366221 0.018711 0.024024
2 0.526872 0.391170 0.068608 0.110882
