7 0.545322 0.414140 0.009228 0.025781
8 0.426011 0.344999 0.036914 0.023437
8 0.423374 0.388359 0.031640 0.044531
8 0.422715 0.429374 0.017138 0.023437
8 0.424033 0.299296 0.027685 0.063281
2 0.446445 0.492655 0.011865 0.023437
2 0.427988 0.493827 0.027685 0.053906
2 0.408872 0.493827 0.015820 0.035156
2 0.383823 0.506718 0.050097 0.074999
4 0.157725 0.499687 0.143701 0.164062
2 0.530820 0.498515 0.011865 0.030468
2 0.545322 0.503202 0.025048 0.035156
2 0.686386 0.541874 0.177978 0.239062
4 0.286924 0.506718 0.151611 0.243749
2 0.052824 0.514921 0.105649 0.100781
