2 0.508328 0.475410 0.458431 0.404722
2 0.926998 0.571047 0.143454 0.288295
7 0.065100 0.153850 0.049117 0.094250
7 0.891134 0.297304 0.021830 0.037422
7 0.641648 0.247407 0.009355 0.031878
7 0.409703 0.079004 0.016372 0.069301
7 0.392941 0.084548 0.014033 0.069301
7 0.652173 0.251565 0.008576 0.029106
7 0.909846 0.367992 0.009355 0.020790
8 0.855660 0.370764 0.021050 0.015246
8 0.366043 0.102566 0.024169 0.044353
8 0.319654 0.205826 0.015592 0.020790
8 0.315366 0.248793 0.025728 0.020790
8 0.407364 0.260574 0.016372 0.008316
8 0.406974 0.230082 0.018711 0.038809
8 0.739493 0.317402 0.017931 0.033264
8 0.017546 0.073132 0.035093 0.055455
8 0.010722 0.022875 0.021445 0.038125
