2 0.089717 0.446186 0.177850 0.293297
2 0.219973 0.461267 0.093605 0.110246
2 0.317089 0.477908 0.077224 0.097765
2 0.369157 0.488309 0.029251 0.076964
2 0.394313 0.509110 0.025741 0.043682
2 0.564558 0.544472 0.029251 0.064483
2 0.634178 0.554873 0.086585 0.068644
2 0.710817 0.554873 0.066693 0.072804
2 0.943369 0.582954 0.009360 0.012480
2 0.934008 0.580874 0.014040 0.016640
2 0.924647 0.580874 0.009360 0.012480
2 0.916457 0.582954 0.009360 0.012480
2 0.907096 0.583995 0.009360 0.014560
2 0.914117 0.588155 0.009360 0.014560
2 0.900076 0.583995 0.009360 0.014560
2 0.953314 0.587115 0.012870 0.020801
2 0.977520 0.589195 0.042561 0.037442
2 0.850348 0.614156 0.106476 0.133127
0 0.416691 0.533403 0.038612 0.145608
0 0.516732 0.564605 0.042122 0.199691
8 0.658310 0.347232 0.028081 0.027041
8 0.686392 0.369073 0.016380 0.024961
8 0.674106 0.395075 0.047972 0.031201
8 0.671181 0.443958 0.046802 0.074884
7 0.951413 0.524042 0.010530 0.018721
7 0.912800 0.561485 0.010530 0.014560
