2 0.054720 0.478935 0.107256 0.175423
2 0.101484 0.494189 0.029173 0.114406
8 0.104058 0.395037 0.042902 0.062542
2 0.204879 0.504104 0.035180 0.048813
2 0.254217 0.490375 0.075508 0.067118
2 0.308274 0.497240 0.027457 0.032033
2 0.327580 0.498003 0.012870 0.024406
2 0.367479 0.507918 0.013728 0.028983
2 0.383353 0.504867 0.018019 0.044237
2 0.424969 0.528511 0.084088 0.122033
2 0.503480 0.510206 0.057489 0.061016
2 0.633904 0.528511 0.160455 0.183050
8 0.711129 0.385121 0.016302 0.033559
8 0.715848 0.438511 0.017161 0.033559
