8 0.649472 0.407109 0.027685 0.035156
8 0.522251 0.412968 0.015820 0.028124
7 0.259238 0.439921 0.019775 0.072656
7 0.158384 0.268827 0.015820 0.077343
7 0.033140 0.463359 0.013183 0.039843
2 0.184726 0.553876 0.026318 0.056816
2 0.213755 0.562968 0.063281 0.079687
2 0.381846 0.569999 0.032958 0.046874
2 0.456992 0.572343 0.017138 0.046874
2 0.477427 0.571171 0.031640 0.044531
2 0.129380 0.566483 0.084374 0.077343
2 0.312632 0.574687 0.108105 0.164062
2 0.417441 0.575858 0.027685 0.035156
2 0.004045 0.585233 0.008091 0.058593
