2 0.688214 0.824037 0.327535 0.348331
2 0.605843 0.651604 0.055564 0.024261
2 0.505925 0.680199 0.023395 0.029460
2 0.535169 0.661136 0.009748 0.012130
2 0.544917 0.657670 0.009748 0.008664
8 0.582447 0.579685 0.032168 0.015596
8 0.559052 0.578819 0.008773 0.013863
8 0.612666 0.584018 0.012672 0.010397
8 0.659457 0.525962 0.016571 0.015596
8 0.649222 0.553690 0.015596 0.036392
8 0.647272 0.590083 0.007798 0.012130
8 0.603893 0.603947 0.010722 0.022528
8 0.561489 0.614345 0.011697 0.025994
8 0.721357 0.537227 0.035093 0.055455
7 0.638499 0.494769 0.009748 0.039858
7 0.657995 0.589217 0.009748 0.020795
7 0.534194 0.580552 0.007798 0.024261
7 0.589271 0.600481 0.004874 0.015596
2 0.413805 0.694929 0.036067 0.038125
2 0.443537 0.692330 0.021445 0.036392
2 0.469369 0.682798 0.024370 0.038125
2 0.347031 0.706194 0.058488 0.046790
7 0.368964 0.613479 0.012672 0.027727
