2 0.288055 0.547336 0.131599 0.150770
2 0.454260 0.511810 0.033143 0.048523
2 0.506412 0.512676 0.032168 0.043324
2 0.554665 0.513543 0.037042 0.048523
2 0.606005 0.517009 0.033143 0.041591
4 0.715184 0.512676 0.074085 0.081450
2 0.987155 0.553113 0.025345 0.050256
2 0.338745 0.499679 0.102354 0.169833
2 0.388948 0.525674 0.013647 0.069319
6 0.399671 0.526540 0.021445 0.036392
2 0.401620 0.514409 0.027294 0.050256
2 0.418192 0.508344 0.019496 0.045057
2 0.430377 0.512676 0.012672 0.022528
2 0.475706 0.512676 0.009748 0.019062
2 0.485941 0.510943 0.010722 0.032926
2 0.488866 0.510077 0.010722 0.027727
2 0.530133 0.504878 0.028269 0.041591
2 0.537444 0.514409 0.017546 0.039858
2 0.575948 0.513543 0.012672 0.034659
2 0.587159 0.517009 0.019496 0.041591
2 0.643210 0.514409 0.041916 0.053722
0 0.237853 0.488992 0.017546 0.060654
8 0.541993 0.435269 0.015596 0.008664
8 0.603406 0.442201 0.011697 0.022528
8 0.602431 0.462997 0.013647 0.015596
8 0.578061 0.462131 0.007798 0.013863
8 0.793006 0.406097 0.016571 0.031193
7 0.527371 0.426893 0.005848 0.020795
8 0.980331 0.454621 0.013647 0.034659
