7 0.446445 0.493827 0.006591 0.021093
7 0.496543 0.492655 0.006591 0.018749
8 0.389756 0.502030 0.011865 0.018749
8 0.687046 0.457499 0.013183 0.018749
0 0.360752 0.587577 0.014501 0.053906
0 0.922373 0.514921 0.027685 0.119531
0 0.892050 0.520780 0.027685 0.121874
0 0.788559 0.518437 0.021093 0.074999
0 0.863706 0.518437 0.029003 0.107812
0 0.836679 0.518437 0.019775 0.098437
0 0.764170 0.520780 0.017138 0.056249
0 0.719345 0.506718 0.014501 0.023437
0 0.708798 0.503202 0.011865 0.025781
2 0.458310 0.567655 0.014501 0.028124
2 0.637607 0.558280 0.027685 0.065624
2 0.664633 0.560624 0.058007 0.079687
4 0.583554 0.540702 0.027685 0.035156
4 0.556528 0.531327 0.031640 0.077343
2 0.602671 0.550077 0.044824 0.063281
2 0.724619 0.562968 0.101513 0.103124
2 0.501816 0.588749 0.088330 0.145312
2 0.422715 0.585233 0.035595 0.053906
2 0.311973 0.629765 0.080419 0.105468
4 0.093034 0.587577 0.186069 0.353906
