8 0.052798 0.333485 0.087752 0.149886
8 0.270044 0.596317 0.028103 0.011216
8 0.442203 0.612632 0.016059 0.033648
8 0.222057 0.564709 0.013191 0.007137
8 0.218616 0.614671 0.013191 0.007137
8 0.221484 0.625377 0.013191 0.010196
2 0.232040 0.702748 0.056207 0.068315
2 0.187877 0.715494 0.061942 0.069335
2 0.128802 0.727729 0.066531 0.081570
2 0.093242 0.731954 0.036706 0.075453
2 0.044490 0.752870 0.087179 0.160110
2 0.402465 0.686944 0.012618 0.020392
2 0.393001 0.685924 0.010897 0.022432
2 0.377229 0.688473 0.024088 0.027530
2 0.432330 0.683885 0.010897 0.024471
2 0.538313 0.687454 0.017206 0.031608
2 0.486408 0.682720 0.012044 0.016314
2 0.453142 0.684249 0.012044 0.013255
2 0.472069 0.682210 0.012044 0.021412
2 0.461745 0.684249 0.008603 0.013255
2 0.350928 0.699252 0.039001 0.045883
2 0.420327 0.688036 0.018353 0.023451
2 0.508407 0.705880 0.050472 0.069335
1 0.573791 0.700053 0.018353 0.069335
6 0.575430 0.721611 0.016059 0.034667
7 0.559821 0.588403 0.006309 0.019373
2 0.924112 0.769377 0.122165 0.154984
2 0.980320 0.780083 0.037280 0.182515
3 0.492258 0.659766 0.103238 0.033648
4 0.718810 0.621492 0.282184 0.554682
