2 0.065059 0.682297 0.130119 0.233513
2 0.927563 0.703276 0.143866 0.366689
2 0.136790 0.666790 0.198053 0.162364
2 0.160392 0.646722 0.226786 0.162364
2 0.813044 0.663141 0.237048 0.275472
6 0.707347 0.656756 0.052335 0.153243
2 0.691441 0.622094 0.121089 0.178783
2 0.619095 0.620270 0.052335 0.105810
2 0.593954 0.627567 0.028733 0.065675
2 0.582153 0.610236 0.040021 0.096689
2 0.568812 0.610236 0.046178 0.078445
2 0.555985 0.608412 0.032837 0.052905
2 0.542645 0.607499 0.028733 0.047432
2 0.376403 0.617533 0.036942 0.071148
2 0.397440 0.616621 0.027706 0.058378
2 0.407189 0.614797 0.024628 0.065675
2 0.428225 0.613885 0.025654 0.052905
2 0.444644 0.614797 0.013340 0.036486
2 0.456958 0.603851 0.015392 0.025540
2 0.521095 0.606587 0.020523 0.038310
2 0.485178 0.609324 0.049256 0.094864
2 0.331764 0.633040 0.079016 0.098513
8 0.749668 0.461015 0.019775 0.025781
