7 0.270143 0.392893 0.008773 0.045057
7 0.204344 0.409357 0.009748 0.039858
8 0.253571 0.389427 0.014622 0.024261
8 0.146830 0.455281 0.035093 0.017329
7 0.541140 0.424087 0.006823 0.024261
7 0.502635 0.421488 0.007798 0.022528
7 0.457794 0.424954 0.005848 0.025994
8 0.469004 0.421488 0.008773 0.019062
8 0.586468 0.447483 0.015596 0.012130
7 0.635696 0.381877 0.008773 0.032926
7 0.654217 0.451196 0.004874 0.025994
8 0.728790 0.443398 0.011697 0.024261
8 0.841729 0.402796 0.015596 0.045057
8 0.638620 0.443522 0.014622 0.039858
8 0.432797 0.505043 0.006823 0.013863
8 0.348250 0.503434 0.012672 0.024261
2 0.900478 0.579685 0.196911 0.259948
2 0.706491 0.513832 0.052639 0.031193
2 0.424772 0.537227 0.020470 0.025994
2 0.408200 0.541559 0.020470 0.027727
2 0.382368 0.538093 0.044841 0.051989
4 0.345325 0.517298 0.019496 0.017329
2 0.349224 0.547625 0.048740 0.050256
2 0.292198 0.569287 0.102354 0.110911
2 0.212751 0.558023 0.064337 0.057188
2 0.116733 0.577952 0.041916 0.034659
2 0.054345 0.584884 0.080909 0.051989
2 0.588540 0.629942 0.204709 0.298074
