2 0.024857 0.386457 0.049715 0.256482
2 0.321199 0.377792 0.100405 0.131707
2 0.490815 0.408986 0.110153 0.159435
2 0.388948 0.369993 0.056538 0.091848
2 0.423066 0.356996 0.029244 0.069319
2 0.444512 0.366527 0.011697 0.043324
2 0.447436 0.350064 0.013647 0.020795
8 0.179364 0.246084 0.058488 0.076251
8 0.169616 0.190629 0.031193 0.031193
8 0.193011 0.445378 0.0 0.017329
8 0.725257 0.311938 0.011697 0.020795
0 0.936302 0.353530 0.018521 0.058921
0 0.812989 0.358729 0.017546 0.045057
1 0.691138 0.353530 0.033143 0.103979
5 0.696987 0.380391 0.021445 0.050256
