2 0.072487 0.561855 0.035953 0.051546
2 0.021456 0.551546 0.042912 0.080412
2 0.614922 0.569072 0.044072 0.070103
2 0.542424 0.577947 0.089281 0.112596
2 0.491984 0.561855 0.046391 0.051546
2 0.468788 0.542268 0.016237 0.016494
2 0.463569 0.552577 0.019716 0.028865
2 0.400012 0.553608 0.010438 0.022680
2 0.358260 0.550515 0.031314 0.032989
2 0.383775 0.557732 0.031314 0.039175
0 0.584768 0.571340 0.018556 0.088659
0 0.660734 0.539381 0.010438 0.032989
0 0.884458 0.570309 0.032474 0.164948
0 0.648440 0.573402 0.024355 0.117525
2 0.231372 0.601823 0.161197 0.212581
2 0.428543 0.579037 0.073067 0.109278
2 0.137435 0.562061 0.035953 0.049484
8 0.176868 0.406185 0.015077 0.028865
8 0.458350 0.379381 0.020876 0.032989
8 0.629304 0.423711 0.020876 0.035051
8 0.560876 0.458762 0.009278 0.035051
8 0.819742 0.312577 0.030154 0.070103
7 0.483982 0.379587 0.008118 0.030927
7 0.442229 0.500206 0.005798 0.020618
5 0.829716 0.617525 0.051030 0.039175
