7 0.308735 0.401513 0.014062 0.057812
7 0.284126 0.516357 0.015820 0.043749
7 0.691059 0.450732 0.012304 0.043749
7 0.301265 0.539794 0.011425 0.034374
7 0.713472 0.531982 0.014941 0.024999
7 0.494184 0.522607 0.008789 0.018749
7 0.168550 0.321826 0.021972 0.070312
8 0.595259 0.533544 0.012304 0.018749
8 0.355317 0.535888 0.012304 0.023437
2 0.528901 0.579638 0.018457 0.029687
2 0.499018 0.598388 0.039550 0.067187
8 0.286593 0.480038 0.023395 0.017329
8 0.703811 0.476572 0.021445 0.010397
8 0.713559 0.435847 0.027294 0.015596
8 0.982606 0.324069 0.027294 0.038125
8 0.973833 0.360462 0.046790 0.034659
0 0.591220 0.590083 0.008773 0.039858
7 0.990892 0.441912 0.012672 0.045057
7 0.325585 0.402920 0.017546 0.060654
