2 0.573642 0.432582 0.020393 0.031990
2 0.535853 0.436848 0.035989 0.049052
2 0.497464 0.446445 0.050385 0.072511
2 0.429085 0.472037 0.093572 0.149289
2 0.313919 0.512558 0.220734 0.221800
2 0.114972 0.606397 0.229944 0.486255
2 0.598234 0.441113 0.011996 0.023459
2 0.610231 0.441113 0.016795 0.027725
2 0.621627 0.444312 0.020393 0.042653
2 0.630025 0.453909 0.017994 0.040521
2 0.640822 0.453909 0.020393 0.053317
2 0.673212 0.453909 0.073178 0.100236
2 0.791977 0.462440 0.202739 0.228198
2 0.912483 0.596800 0.175032 0.364691
