7 0.127939 0.133313 0.018364 0.071825
7 0.565934 0.231529 0.014691 0.060399
7 0.156404 0.138482 0.018364 0.070193
8 0.272560 0.409189 0.017446 0.039177
8 0.432332 0.414903 0.017446 0.014691
8 0.701985 0.251390 0.033974 0.035912
8 0.786003 0.346342 0.029383 0.017956
8 0.667552 0.414087 0.020201 0.042442
8 0.802531 0.310429 0.029383 0.017956
7 0.813091 0.384703 0.015609 0.026118
7 0.797022 0.384975 0.011018 0.031015
0 0.733664 0.477206 0.016528 0.071825
0 0.617967 0.477206 0.009182 0.042442
0 0.767639 0.476118 0.012855 0.071825
0 0.960467 0.441837 0.018364 0.048972
1 0.802531 0.510126 0.036729 0.126783
5 0.801154 0.530260 0.078049 0.083252
5 0.903536 0.538422 0.091822 0.089782
5 0.955875 0.548216 0.038565 0.060399
0 0.944857 0.498972 0.038565 0.137122
0 0.896191 0.487545 0.040402 0.117533
2 0.370826 0.470239 0.050471 0.044832
8 0.131612 0.212212 0.073458 0.029383
2 0.176146 0.528899 0.289242 0.277509
2 0.505790 0.550937 0.217620 0.279141
8 0.125644 0.360489 0.024792 0.031015
2 0.679489 0.503869 0.084477 0.107738
0 0.745053 0.504374 0.010546 0.079687
