2 0.106273 0.653125 0.132224 0.089782
2 0.419848 0.655574 0.094577 0.084885
2 0.360163 0.681692 0.057848 0.146916
2 0.549166 0.646083 0.044993 0.047339
2 0.602882 0.642818 0.053257 0.044074
2 0.670372 0.641185 0.072540 0.044074
2 0.887140 0.628942 0.113860 0.088149
2 0.792562 0.643634 0.089986 0.062031
2 0.730122 0.633840 0.051420 0.045707
2 0.260903 0.713524 0.205683 0.239963
8 0.596056 0.340519 0.034892 0.035912
8 0.597525 0.377085 0.034892 0.022853
8 0.599821 0.497883 0.033974 0.022853
8 0.616349 0.421160 0.033974 0.026118
8 0.530035 0.543591 0.015609 0.035912
8 0.529117 0.588482 0.017446 0.011426
7 0.623236 0.528899 0.018364 0.032648
7 0.125097 0.465235 0.011936 0.035912
7 0.112241 0.466052 0.011936 0.040810
7 0.427653 0.492333 0.007345 0.032648
7 0.437754 0.494782 0.007345 0.031015
7 0.333994 0.587013 0.007345 0.019588
7 0.384037 0.586197 0.008264 0.017956
7 0.436835 0.586197 0.009182 0.017956
2 0.089315 0.749306 0.176299 0.499516
2 0.491068 0.672453 0.083101 0.132452
