7 0.329111 0.657890 0.011865 0.039843
7 0.384482 0.636796 0.009228 0.030468
7 0.265171 0.637968 0.010546 0.032812
7 0.288242 0.705937 0.011865 0.018749
7 0.313291 0.724686 0.009228 0.023437
8 0.296811 0.626249 0.015820 0.014062
8 0.344272 0.710624 0.010546 0.023437
8 0.198594 0.727030 0.011865 0.023437
8 0.453037 0.693046 0.017138 0.016406
8 0.973129 0.366093 0.052734 0.173437
2 0.228916 0.748124 0.011865 0.023437
2 0.305381 0.750468 0.032958 0.032812
2 0.342295 0.744608 0.011865 0.025781
2 0.394370 0.743436 0.013183 0.032812
2 0.406235 0.753983 0.018457 0.035156
2 0.451059 0.755155 0.026367 0.089062
2 0.492588 0.753983 0.075146 0.147656
2 0.532138 0.773905 0.101513 0.168749
2 0.677817 0.798515 0.242577 0.292968
2 0.265171 0.746952 0.013183 0.021093
2 0.369980 0.745780 0.017138 0.028124
2 0.422715 0.761015 0.027685 0.030468
2 0.154429 0.744608 0.071191 0.077343
2 0.866342 0.778593 0.266308 0.440624
2 0.093125 0.734061 0.043505 0.060937
