2 0.327962 0.546403 0.018008 0.021343
2 0.226912 0.535731 0.012005 0.017786
2 0.246921 0.536620 0.016007 0.012450
2 0.267932 0.538399 0.010004 0.012450
2 0.180889 0.537510 0.010004 0.014229
2 0.142370 0.538399 0.013006 0.016007
2 0.133365 0.555296 0.021010 0.021343
2 0.122360 0.557075 0.015007 0.017786
2 0.095347 0.551739 0.037018 0.028458
2 0.068833 0.542845 0.016007 0.021343
2 0.055827 0.538399 0.016007 0.026679
2 0.042821 0.543735 0.012005 0.019565
2 0.449522 0.537510 0.011005 0.014229
2 0.462528 0.535731 0.023011 0.014229
2 0.491042 0.534842 0.020009 0.019565
2 0.507050 0.533063 0.012005 0.016007
2 0.526059 0.539288 0.016007 0.024901
2 0.552072 0.538399 0.018008 0.023122
2 0.539066 0.533063 0.010004 0.023122
2 0.436015 0.537510 0.014006 0.017786
2 0.573583 0.542845 0.017008 0.028458
2 0.590091 0.535731 0.014006 0.017786
2 0.372553 0.588993 0.132927 0.159883
3 0.795192 0.493932 0.408201 0.286363
2 0.013159 0.544159 0.020470 0.013863
