2 0.443287 0.479046 0.012433 0.018702
2 0.459546 0.476495 0.020084 0.030604
2 0.468632 0.479046 0.009563 0.032304
2 0.480108 0.477345 0.019127 0.042506
2 0.482021 0.483296 0.017215 0.040806
2 0.489194 0.485847 0.016258 0.042506
2 0.501149 0.488397 0.022953 0.051007
2 0.522668 0.489247 0.027735 0.052707
2 0.533188 0.498599 0.037299 0.081612
2 0.558214 0.490452 0.049732 0.109524
2 0.411726 0.473945 0.014345 0.025503
2 0.363429 0.457793 0.032517 0.013602
2 0.349561 0.507950 0.039212 0.090113
2 0.282135 0.553857 0.126243 0.164924
2 0.384959 0.515224 0.067927 0.104660
2 0.425594 0.474795 0.011476 0.020403
2 0.673937 0.541813 0.147284 0.146221
2 0.602686 0.501857 0.092770 0.137720
7 0.462415 0.425346 0.004781 0.015302
8 0.181714 0.303778 0.022953 0.037405
8 0.493338 0.437248 0.010520 0.015302
2 0.437390 0.468703 0.009563 0.017002
6 0.799543 0.541530 0.117636 0.102015
