7 0.491927 0.250714 0.010331 0.049591
7 0.268247 0.179081 0.013431 0.064285
7 0.283228 0.181836 0.010331 0.055102
0 0.964806 0.532652 0.044426 0.191020
0 0.991668 0.484897 0.011364 0.124897
0 0.805182 0.479387 0.020663 0.091836
0 0.258122 0.498673 0.017563 0.115714
0 0.455457 0.466530 0.007232 0.029387
0 0.595450 0.474795 0.006198 0.056938
0 0.601649 0.460101 0.010331 0.042244
0 0.580469 0.472959 0.009298 0.042244
0 0.589251 0.467448 0.008265 0.042244
7 0.185594 0.385714 0.011364 0.029387
7 0.170613 0.386632 0.016530 0.031224
7 0.704449 0.394897 0.015497 0.033061
8 0.683786 0.224999 0.032028 0.020204
2 0.340052 0.510612 0.111581 0.117550
0 0.385511 0.469285 0.016530 0.042244
2 0.419089 0.482142 0.056823 0.075306
2 0.528088 0.476632 0.022729 0.038571
2 0.497093 0.483979 0.039260 0.056938
0 0.761583 0.487652 0.022729 0.108367
0 0.034094 0.503265 0.034094 0.124897
7 0.478445 0.411528 0.005246 0.025647
