8 0.278107 0.462371 0.021852 0.033992
8 0.469317 0.473298 0.013657 0.031564
0 0.368932 0.537641 0.012292 0.038848
2 0.348445 0.538855 0.020486 0.041277
2 0.289033 0.544925 0.032778 0.053417
2 0.262401 0.550996 0.042339 0.070413
2 0.231671 0.558280 0.060094 0.080125
2 0.181819 0.565564 0.094239 0.104406
2 0.089629 0.578918 0.147504 0.140827
2 0.424929 0.552210 0.045070 0.058273
2 0.405808 0.597129 0.083312 0.133543
2 0.322495 0.564350 0.066923 0.082554
2 0.950756 0.652974 0.096970 0.177248
0 0.079386 0.498792 0.012292 0.029136
0 0.062313 0.498792 0.010926 0.043705
0 0.037046 0.506076 0.015023 0.048561
0 0.024754 0.506076 0.017755 0.077697
4 0.310203 0.504862 0.050533 0.070413
0 0.467951 0.538855 0.013657 0.046133
