2 0.127263 0.526039 0.012621 0.026177
2 0.123056 0.536322 0.012621 0.020567
2 0.107806 0.518559 0.009465 0.014958
2 0.109383 0.534453 0.010517 0.024307
2 0.102021 0.537257 0.014724 0.026177
2 0.088874 0.531648 0.011569 0.014958
2 0.066261 0.560630 0.025242 0.031786
2 0.315529 0.546606 0.046277 0.056094
3 0.421407 0.530713 0.023138 0.031786
2 0.437429 0.537008 0.011569 0.014958
2 0.452154 0.534203 0.013672 0.016828
7 0.082488 0.496967 0.006310 0.016828
8 0.131921 0.492293 0.018931 0.037396
8 0.557886 0.520340 0.014724 0.022437
