7 0.254590 0.014210 0.027976 0.028421
7 0.283566 0.337500 0.023980 0.039078
8 0.281068 0.094144 0.034971 0.078157
8 0.282567 0.203388 0.041965 0.026644
8 0.309045 0.247796 0.040966 0.026644
0 0.377489 0.442302 0.035970 0.131447
0 0.778659 0.429868 0.018984 0.085263
0 0.760174 0.433421 0.017985 0.085263
0 0.808634 0.435197 0.020982 0.085263
0 0.827618 0.430756 0.016986 0.083486
0 0.894563 0.447631 0.036969 0.131447
2 0.539356 0.417434 0.017985 0.031973
2 0.555342 0.425427 0.017985 0.023092
2 0.566333 0.424539 0.011990 0.035526
2 0.582320 0.423651 0.027976 0.047960
2 0.587316 0.432532 0.019983 0.047960
2 0.613794 0.428092 0.040966 0.063947
2 0.651763 0.434309 0.056953 0.076381
2 0.473410 0.428980 0.015986 0.062171
2 0.503385 0.445855 0.067944 0.099473
2 0.702222 0.451184 0.089925 0.085263
2 0.100217 0.468947 0.198836 0.287763
5 0.746685 0.435197 0.020982 0.039078
