2 0.509437 0.440935 0.010926 0.019424
2 0.501925 0.444577 0.012292 0.016996
2 0.491682 0.447005 0.016389 0.021852
2 0.482804 0.447005 0.015023 0.026708
2 0.471878 0.449433 0.015023 0.021852
2 0.456171 0.451861 0.019120 0.036420
2 0.445245 0.456717 0.010926 0.041277
2 0.430904 0.456717 0.025949 0.036420
2 0.414515 0.460117 0.036876 0.036420
2 0.565024 0.439478 0.015023 0.024280
2 0.637411 0.443120 0.034144 0.041277
2 0.644991 0.450405 0.016389 0.046133
2 0.660014 0.455261 0.027315 0.065557
2 0.703037 0.430980 0.077849 0.138399
2 0.838249 0.469829 0.208964 0.216097
2 0.079761 0.506007 0.155699 0.155395
8 0.964789 0.089838 0.065557 0.082554
