8 0.672130 0.016463 0.053614 0.032926
8 0.684802 0.049390 0.028269 0.043324
8 0.701861 0.079717 0.054589 0.020795
8 0.669205 0.144704 0.055564 0.043324
8 0.116976 0.272946 0.015596 0.015596
7 0.099917 0.051989 0.026319 0.072785
7 0.118439 0.052856 0.010722 0.081450
7 0.121363 0.320603 0.010722 0.017329
7 0.607541 0.292875 0.022923 0.020795
7 0.692113 0.192362 0.023395 0.058921
7 0.714046 0.195828 0.028269 0.048523
0 0.975454 0.381258 0.048084 0.145571
0 0.626314 0.374326 0.030219 0.090115
2 0.020958 0.441046 0.041916 0.102246
3 0.354342 0.245218 0.466932 0.490436
2 0.724769 0.385590 0.182289 0.123042
2 0.814939 0.388190 0.031193 0.055455
2 0.904621 0.365661 0.126725 0.114377
0 0.921193 0.300674 0.011697 0.015596
