2 0.951474 0.371302 0.094775 0.180970
2 0.795854 0.361941 0.188381 0.166409
2 0.525568 0.426425 0.148598 0.178890
2 0.351813 0.384823 0.063183 0.133127
2 0.453987 0.408744 0.053823 0.125500
2 0.430000 0.395570 0.017551 0.081124
2 0.393143 0.369568 0.016380 0.029121
2 0.413619 0.390370 0.040952 0.070724
2 0.280816 0.365408 0.009360 0.012480
2 0.296612 0.367488 0.012870 0.020801
2 0.316503 0.379969 0.010530 0.024961
2 0.301293 0.379969 0.010530 0.020801
2 0.223483 0.383089 0.025741 0.035362
2 0.197741 0.394183 0.035102 0.043682
2 0.276721 0.388983 0.017551 0.033281
2 0.289592 0.388983 0.017551 0.024961
2 0.245714 0.374630 0.044462 0.076964
2 0.029836 0.404792 0.059673 0.049922
0 0.164394 0.391063 0.005850 0.033281
7 0.183701 0.305778 0.004680 0.016641
7 0.249809 0.323459 0.005850 0.018721
7 0.327619 0.314098 0.004680 0.016640
7 0.286082 0.339060 0.003510 0.016640
7 0.176680 0.305778 0.004680 0.016641
8 0.155619 0.307858 0.030421 0.012480
7 0.262095 0.334900 0.002340 0.016640
8 0.427894 0.319299 0.010530 0.006240
7 0.418534 0.312018 0.003510 0.016640
