7 0.229810 0.352458 0.013672 0.020567
7 0.368118 0.292624 0.010517 0.016828
7 0.555332 0.287015 0.010517 0.020567
7 0.414395 0.359376 0.008414 0.014958
7 0.476450 0.364051 0.008414 0.013088
2 0.385998 0.404252 0.023138 0.044875
2 0.483812 0.399577 0.029449 0.054224
2 0.417025 0.393033 0.022087 0.029916
2 0.434905 0.389293 0.017880 0.026177
2 0.454888 0.408926 0.017880 0.024307
2 0.508529 0.426689 0.036811 0.074792
2 0.430172 0.429494 0.044174 0.057964
2 0.283976 0.413227 0.054691 0.080401
2 0.350463 0.449154 0.080986 0.117797
8 0.322366 0.326281 0.013672 0.035526
2 0.224026 0.445948 0.075727 0.166412
2 0.535349 0.437534 0.073623 0.127146
4 0.717830 0.382842 0.169334 0.226246
2 0.874806 0.471658 0.148299 0.123407
2 0.660133 0.505248 0.253475 0.252423
2 0.964094 0.579105 0.070468 0.265512
