8 0.646442 0.300616 0.011231 0.033278
2 0.459181 0.392132 0.011855 0.027732
2 0.452005 0.400451 0.009983 0.037715
2 0.438590 0.402670 0.025582 0.051027
2 0.428606 0.407662 0.025582 0.052136
2 0.414255 0.412653 0.033070 0.070994
2 0.389608 0.412099 0.042430 0.105382
2 0.537490 0.398787 0.029950 0.049917
2 0.548097 0.408771 0.032446 0.052136
2 0.553713 0.416536 0.028702 0.052136
2 0.582728 0.427074 0.061773 0.073212
2 0.336258 0.425965 0.107947 0.146425
2 0.490068 0.407662 0.007487 0.007764
2 0.993442 0.482618 0.011855 0.094289
