4 0.296655 0.537782 0.326671 0.437987
4 0.037950 0.365220 0.074845 0.142761
2 0.089407 0.372381 0.032745 0.041581
2 0.103051 0.373767 0.047558 0.047125
2 0.170490 0.400102 0.057693 0.066529
3 0.209862 0.361755 0.055354 0.063757
7 0.090187 0.228696 0.012474 0.038809
7 0.130728 0.243942 0.009355 0.027720
7 0.226625 0.280672 0.007796 0.029106
7 0.505738 0.353439 0.007796 0.019404
7 0.149829 0.338192 0.010135 0.016632
7 0.386842 0.263346 0.007016 0.027720
7 0.214150 0.278593 0.004677 0.024948
7 0.219665 0.281365 0.005457 0.026334
8 0.158852 0.282058 0.011694 0.022176
8 0.123768 0.356904 0.016372 0.027720
8 0.202123 0.276514 0.010915 0.013860
8 0.402102 0.261960 0.017931 0.026334
8 0.527625 0.280672 0.011694 0.011088
8 0.518269 0.315323 0.016372 0.011088
8 0.487083 0.347895 0.014813 0.020790
7 0.488252 0.324332 0.004677 0.023562
2 0.490202 0.416503 0.047558 0.047125
2 0.453168 0.440759 0.073286 0.128901
4 0.564268 0.403336 0.084981 0.073459
4 0.446152 0.391555 0.063930 0.049897
0 0.558810 0.419969 0.010135 0.042967
2 0.766151 0.630646 0.467697 0.500359
2 0.593115 0.422741 0.029626 0.040195
7 0.528794 0.329876 0.008576 0.031878
