8 0.477599 0.451059 0.011439 0.017207
8 0.556792 0.405694 0.006159 0.014078
8 0.790579 0.305431 0.019691 0.048199
2 0.450761 0.451841 0.019358 0.025028
2 0.430523 0.445584 0.012318 0.028157
2 0.416884 0.447930 0.016718 0.023464
2 0.408965 0.454187 0.018478 0.023464
2 0.276096 0.434633 0.065994 0.053186
2 0.532594 0.445584 0.007039 0.028157
2 0.547113 0.447930 0.013198 0.020336
2 0.561631 0.445584 0.014078 0.034414
2 0.575270 0.447148 0.025517 0.053186
2 0.584070 0.451841 0.029037 0.059443
2 0.594629 0.457316 0.027277 0.061008
4 0.625273 0.465664 0.066299 0.102732
2 0.713858 0.483909 0.096791 0.154866
2 0.868117 0.518188 0.262759 0.414814
2 0.513236 0.454187 0.038716 0.057879
2 0.182824 0.461227 0.085352 0.053186
