2 0.904511 0.579337 0.188083 0.375496
2 0.486603 0.498874 0.082475 0.135894
2 0.694300 0.531059 0.123712 0.164503
2 0.544436 0.471158 0.029168 0.044701
0 0.235154 0.486357 0.018104 0.067947
0 0.351449 0.474964 0.011314 0.044242
2 0.280918 0.473962 0.035202 0.028851
2 0.319138 0.472052 0.029168 0.053642
2 0.339757 0.470264 0.016092 0.039337
2 0.395579 0.478311 0.025144 0.037549
2 0.424244 0.464900 0.016092 0.025033
2 0.412677 0.475629 0.017098 0.028609
2 0.453412 0.456854 0.010057 0.016092
2 0.369702 0.472037 0.020393 0.038388
