7 0.573278 0.343717 0.004995 0.014210
8 0.730648 0.221151 0.021981 0.056842
8 0.735144 0.318848 0.016986 0.035526
8 0.284016 0.277105 0.023980 0.033750
2 0.537307 0.430756 0.018984 0.035526
2 0.501337 0.431644 0.014987 0.023092
2 0.488348 0.441414 0.010990 0.046184
2 0.468364 0.441414 0.040966 0.071052
2 0.519322 0.437861 0.032972 0.053289
7 0.501836 0.351710 0.003996 0.015986
7 0.496841 0.349934 0.003996 0.015986
2 0.584768 0.427203 0.007993 0.014210
2 0.597758 0.437861 0.029975 0.049736
2 0.564785 0.444078 0.039967 0.058618
2 0.635227 0.445855 0.050958 0.062171
2 0.434392 0.463618 0.068943 0.079934
2 0.373942 0.508026 0.059950 0.161644
2 0.189182 0.542960 0.378365 0.607499
2 0.763121 0.435197 0.019983 0.042631
2 0.804587 0.433837 0.064946 0.061227
2 0.849051 0.426315 0.035970 0.035526
2 0.901530 0.491983 0.175855 0.229144
2 0.947992 0.622543 0.102915 0.508026
2 0.669698 0.436973 0.011990 0.026644
