7 0.384768 0.580010 0.013013 0.016330
7 0.362186 0.674591 0.006123 0.009526
7 0.390127 0.663704 0.006889 0.017691
7 0.205641 0.661663 0.009951 0.021774
7 0.224013 0.643291 0.009951 0.017691
7 0.633173 0.525574 0.010716 0.032661
7 0.645420 0.656900 0.010716 0.017691
8 0.302553 0.881446 0.011482 0.006804
8 0.223248 0.556602 0.016075 0.059879
8 0.211000 0.611038 0.020668 0.013608
8 0.221717 0.626008 0.023730 0.010887
8 0.301711 0.657308 0.009185 0.019052
8 0.347641 0.557283 0.022964 0.025856
8 0.344197 0.643699 0.011482 0.040826
8 0.473183 0.662071 0.009185 0.012247
8 0.474331 0.680443 0.008420 0.016330
8 0.490024 0.650504 0.019902 0.032661
8 0.513755 0.651184 0.019902 0.031300
8 0.535954 0.649415 0.021433 0.029939
8 0.588391 0.662343 0.009951 0.014969
8 0.626283 0.654858 0.012247 0.035383
8 0.648100 0.584773 0.014544 0.023135
8 0.650779 0.678674 0.012247 0.023135
8 0.849503 0.591577 0.027557 0.017691
7 0.548661 0.690242 0.007654 0.010887
2 0.457873 0.724264 0.012247 0.024495
2 0.440649 0.714057 0.016075 0.012247
2 0.404671 0.735151 0.019137 0.032661
2 0.376348 0.740594 0.037509 0.068044
2 0.330800 0.722903 0.015309 0.016330
2 0.349938 0.720861 0.019902 0.023135
2 0.353383 0.769173 0.046695 0.076209
2 0.564660 0.733790 0.052819 0.043548
2 0.289081 0.798432 0.112528 0.153780
2 0.418450 0.712016 0.019137 0.016330
2 0.510693 0.751481 0.059708 0.095262
2 0.437205 0.743997 0.033681 0.058518
2 0.420364 0.763049 0.048991 0.069405
2 0.124498 0.871240 0.247256 0.250403
