7 0.939726 0.512812 0.006328 0.016874
7 0.892265 0.521249 0.006328 0.018749
7 0.980859 0.540937 0.008437 0.013124
7 0.931288 0.487499 0.008437 0.014999
8 0.970839 0.519374 0.013710 0.029999
2 0.912605 0.523392 0.014765 0.014999
2 0.909968 0.531830 0.015820 0.013124
2 0.907332 0.535580 0.016874 0.013124
2 0.906277 0.543080 0.014765 0.013124
2 0.904168 0.554330 0.012656 0.013124
2 0.952683 0.529017 0.014765 0.014999
3 0.951101 0.545892 0.017929 0.026249
2 0.922851 0.573437 0.073828 0.031874
2 0.943595 0.649874 0.108988 0.223499
2 0.814766 0.606269 0.044296 0.050624
2 0.764669 0.590331 0.043242 0.029999
2 0.818458 0.595019 0.060117 0.024374
2 0.726173 0.608144 0.046406 0.035624
2 0.690313 0.606269 0.025312 0.020624
2 0.672911 0.624081 0.028476 0.029999
2 0.671856 0.614706 0.053789 0.037499
2 0.628614 0.606269 0.032695 0.020624
2 0.616485 0.610956 0.035859 0.022499
2 0.597501 0.619394 0.040078 0.039374
2 0.654454 0.664394 0.078046 0.091874
2 0.591700 0.685019 0.064335 0.129374
3 0.615958 0.591269 0.055898 0.020624
3 0.697169 0.584706 0.060117 0.014999
2 0.434003 0.722812 0.271054 0.301874
2 0.870644 0.732187 0.222538 0.313124
