7 0.542110 0.167214 0.012621 0.078531
7 0.344750 0.347460 0.017138 0.028124
7 0.860558 0.383788 0.009228 0.021093
7 0.882311 0.386132 0.010546 0.021093
8 0.368481 0.325195 0.032958 0.021093
8 0.428466 0.216210 0.021093 0.042187
8 0.873742 0.322851 0.022412 0.016406
0 0.761681 0.484569 0.011865 0.072656
0 0.754760 0.474023 0.011865 0.065624
0 0.743554 0.471679 0.010546 0.070312
0 0.738939 0.469335 0.006591 0.065624
2 0.547777 0.471679 0.035595 0.037499
2 0.514159 0.470507 0.031640 0.039843
2 0.491088 0.469335 0.027685 0.037499
2 0.435058 0.477538 0.023730 0.053906
2 0.462743 0.476366 0.036914 0.060937
2 0.400121 0.465819 0.022412 0.025781
0 0.349486 0.478970 0.021336 0.090753
2 0.642699 0.476952 0.067236 0.067968
7 0.557361 0.172823 0.013672 0.063573
