7 0.630823 0.734582 0.013773 0.029383
7 0.585370 0.727237 0.009182 0.027750
7 0.553691 0.774576 0.010100 0.017956
2 0.205989 0.830622 0.064276 0.060399
2 0.137581 0.837152 0.070703 0.083252
2 0.059990 0.842865 0.097332 0.097944
2 0.009029 0.855108 0.017446 0.076723
2 0.324899 0.822460 0.032138 0.037545
2 0.351528 0.820012 0.021119 0.035912
2 0.368974 0.820012 0.022955 0.029383
2 0.417181 0.813482 0.022037 0.019588
2 0.394226 0.821644 0.020201 0.035912
2 0.573586 0.812666 0.012855 0.024486
2 0.646585 0.824093 0.032137 0.063663
2 0.828701 0.846130 0.129470 0.166505
2 0.919605 0.863270 0.158853 0.187726
2 0.672143 0.832255 0.033056 0.057134
2 0.695099 0.799607 0.031219 0.027750
2 0.284497 0.824093 0.041320 0.047339
2 0.720503 0.839601 0.069785 0.075090
2 0.602608 0.811848 0.031219 0.047339
