2 0.938698 0.621442 0.121461 0.266939
2 0.049025 0.572985 0.097052 0.078211
2 0.852145 0.605289 0.112854 0.149622
2 0.237185 0.548331 0.061209 0.044206
2 0.493976 0.530478 0.014345 0.018702
2 0.478196 0.529628 0.013389 0.020403
2 0.537014 0.527928 0.008607 0.013602
2 0.554707 0.527078 0.009563 0.011901
2 0.563793 0.527928 0.006694 0.013602
2 0.573835 0.525378 0.011476 0.015302
2 0.614003 0.523677 0.007651 0.015302
2 0.622611 0.525378 0.009563 0.011901
2 0.633131 0.527078 0.011476 0.018702
2 0.643651 0.528778 0.011476 0.028904
2 0.657041 0.533879 0.015302 0.032304
2 0.671865 0.538130 0.012433 0.037405
2 0.451417 0.532179 0.045906 0.049307
2 0.522190 0.531328 0.022953 0.023803
2 0.585312 0.526228 0.009563 0.017002
2 0.602527 0.523677 0.021040 0.025503
2 0.699122 0.533029 0.045906 0.061209
7 0.284048 0.323048 0.013389 0.042506
7 0.611134 0.378306 0.007651 0.037405
7 0.597745 0.470970 0.007651 0.015302
7 0.624045 0.470970 0.006694 0.015302
7 0.564749 0.497323 0.006694 0.017002
7 0.611612 0.494773 0.006694 0.015302
7 0.619742 0.380006 0.007651 0.034005
7 0.603483 0.374905 0.005738 0.034005
7 0.275440 0.325598 0.005738 0.037405
7 0.298394 0.322197 0.011476 0.034005
7 0.283092 0.480321 0.017215 0.023803
7 0.773721 0.468419 0.018171 0.023803
7 0.875098 0.441215 0.037299 0.030604
7 0.373949 0.375755 0.007651 0.025503
7 0.419377 0.391058 0.008607 0.028904
7 0.427507 0.390208 0.005738 0.027204
7 0.833973 0.314546 0.014345 0.056108
8 0.138676 0.304345 0.068860 0.028904
8 0.147284 0.449716 0.024866 0.013602
8 0.774677 0.426763 0.018171 0.008501
8 0.685255 0.463318 0.013389 0.017002
8 0.657519 0.488822 0.011476 0.006801
7 0.307181 0.480653 0.011855 0.021076
