8 0.488633 0.331640 0.014501 0.039843
8 0.131357 0.305859 0.014501 0.021093
8 0.113560 0.323437 0.021093 0.018749
2 0.362070 0.431249 0.022412 0.018749
2 0.333725 0.435937 0.010546 0.018749
2 0.388437 0.433593 0.032958 0.028124
2 0.408872 0.432421 0.010546 0.025781
2 0.422055 0.439452 0.029003 0.044531
2 0.458310 0.439452 0.025048 0.063281
2 0.474131 0.440624 0.022412 0.070312
2 0.520932 0.434765 0.076464 0.124218
2 0.564438 0.454687 0.060644 0.168749
3 0.756259 0.418359 0.349364 0.377343
2 0.912485 0.505077 0.174023 0.353906
2 0.288901 0.460546 0.087011 0.091406
2 0.230234 0.481640 0.030322 0.082031
2 0.186069 0.479296 0.065917 0.105468
