7 0.551895 0.434746 0.004680 0.020801
7 0.495731 0.452427 0.007020 0.018721
8 0.763092 0.304738 0.043292 0.043682
8 0.595772 0.463867 0.005850 0.020801
8 0.368779 0.435786 0.022231 0.047842
8 0.589337 0.461787 0.007020 0.024961
2 0.540194 0.487789 0.009360 0.014560
2 0.509187 0.488829 0.012870 0.020801
2 0.482276 0.491949 0.017551 0.027041
2 0.471160 0.492989 0.011700 0.020801
2 0.461799 0.492989 0.011700 0.024961
2 0.455364 0.496109 0.012870 0.027041
2 0.409146 0.498189 0.037442 0.047842
2 0.368194 0.506510 0.044462 0.052003
2 0.441908 0.494029 0.023401 0.031201
2 0.498657 0.494029 0.022231 0.027041
2 0.527908 0.497149 0.019891 0.029121
2 0.295064 0.511710 0.076054 0.083204
2 0.093416 0.532511 0.186833 0.199691
2 0.341282 0.499229 0.014040 0.016640
2 0.692303 0.463867 0.065523 0.054083
2 0.748467 0.451387 0.098285 0.070724
2 0.802875 0.448266 0.111156 0.081124
2 0.871324 0.451387 0.077224 0.083204
2 0.926317 0.442026 0.145088 0.097765
6 0.760167 0.540832 0.067864 0.183050
7 0.443663 0.465947 0.005850 0.024961
7 0.457119 0.466988 0.007020 0.027041
