8 0.405727 0.357597 0.046778 0.033264
8 0.473556 0.355518 0.032745 0.040195
8 0.511369 0.392941 0.041321 0.034650
8 0.434184 0.405415 0.017931 0.018018
2 0.384677 0.451154 0.024948 0.042967
2 0.421710 0.441452 0.010135 0.015246
2 0.406117 0.445610 0.017931 0.023562
2 0.255255 0.441452 0.063930 0.092864
2 0.484081 0.444917 0.008576 0.033264
2 0.455235 0.466401 0.052236 0.079004
2 0.328542 0.467787 0.106031 0.134445
2 0.045921 0.453233 0.091218 0.191273
2 0.499905 0.441056 0.010915 0.012474
2 0.784791 0.434799 0.031185 0.029106
2 0.844044 0.417474 0.056134 0.055441
8 0.718521 0.331539 0.029626 0.052669
