8 0.200803 0.134020 0.044072 0.061855
7 0.249515 0.148453 0.025515 0.041237
7 0.403767 0.147422 0.023195 0.039175
7 0.590494 0.155670 0.025515 0.035051
7 0.737208 0.153608 0.022036 0.035051
7 0.040172 0.146391 0.028994 0.041237
8 0.298226 0.134020 0.044072 0.070103
8 0.367234 0.137113 0.040592 0.068041
8 0.438561 0.132989 0.037113 0.076288
8 0.677015 0.220618 0.078865 0.144329
8 0.678754 0.322680 0.077706 0.047422
8 0.706010 0.564948 0.051030 0.098969
8 0.125533 0.597938 0.056829 0.103092
8 0.144089 0.269072 0.084664 0.138144
8 0.052618 0.221649 0.105236 0.047422
8 0.250790 0.217525 0.128737 0.063917
8 0.404463 0.224742 0.125257 0.061855
8 0.584231 0.219587 0.111340 0.063917
8 0.896216 0.222680 0.118298 0.061855
8 0.750082 0.224742 0.069587 0.049484
8 0.986680 0.223711 0.023195 0.055670
8 0.877079 0.068041 0.233118 0.094845
2 0.855927 0.531271 0.285309 0.354639
2 0.650644 0.441237 0.155412 0.140206
2 0.552641 0.488659 0.047551 0.090721
2 0.524806 0.474226 0.045231 0.094845
2 0.350257 0.603780 0.385051 0.444673
2 0.140335 0.542611 0.173969 0.217869
2 0.226739 0.456701 0.047551 0.051546
2 0.036533 0.507216 0.070747 0.115463
2 0.031894 0.658075 0.059149 0.232989
2 0.077706 0.478350 0.039432 0.060481
8 0.302706 0.307903 0.067268 0.035738
8 0.070167 0.290721 0.075386 0.0
8 0.409987 0.309278 0.082345 0.032989
