2 0.314684 0.399772 0.009355 0.024948
2 0.308837 0.401851 0.011694 0.031878
2 0.328328 0.401158 0.017931 0.033264
2 0.344700 0.405316 0.035084 0.049897
2 0.364581 0.400465 0.020270 0.037422
2 0.374327 0.395614 0.013253 0.036036
2 0.380174 0.392149 0.015592 0.031878
2 0.393818 0.388684 0.027287 0.047125
2 0.414479 0.397693 0.032745 0.051283
2 0.285057 0.406009 0.043660 0.070687
2 0.253482 0.397000 0.013253 0.019404
2 0.240325 0.397792 0.018711 0.020790
2 0.223953 0.401257 0.017152 0.024948
2 0.210699 0.407494 0.023389 0.029106
2 0.138971 0.417889 0.034304 0.044353
2 0.099989 0.424820 0.048338 0.049897
2 0.049702 0.437987 0.056914 0.062371
2 0.007114 0.456005 0.014228 0.054055
2 0.579081 0.422048 0.038202 0.121971
2 0.489032 0.416503 0.152810 0.174640
7 0.072645 0.109496 0.019491 0.074845
7 0.189981 0.312551 0.009355 0.012474
7 0.335775 0.309779 0.007796 0.012474
7 0.341622 0.333341 0.007016 0.012474
7 0.387232 0.339578 0.006237 0.013860
7 0.773806 0.245328 0.022609 0.047125
7 0.170490 0.378387 0.007796 0.013860
7 0.738072 0.250179 0.010915 0.045739
8 0.730795 0.082469 0.017152 0.029106
8 0.767439 0.088013 0.037422 0.023562
8 0.745609 0.126129 0.049897 0.036036
8 0.344481 0.375615 0.007016 0.013860
8 0.367446 0.370071 0.007016 0.011088
0 0.609916 0.367992 0.010135 0.056827
0 0.618492 0.381853 0.017931 0.092864
0 0.184970 0.409573 0.010915 0.041581
0 0.937133 0.379080 0.021830 0.087320
0 0.968045 0.370221 0.033656 0.153324
