8 0.569739 0.326475 0.022405 0.035563
8 0.570139 0.352792 0.012002 0.017070
2 0.469788 0.404715 0.015203 0.012802
2 0.452984 0.408272 0.013603 0.028451
2 0.446183 0.412539 0.008001 0.028451
2 0.441381 0.413250 0.009602 0.029873
2 0.434580 0.414673 0.010402 0.035563
2 0.431779 0.418941 0.009602 0.032718
2 0.420577 0.416807 0.019204 0.048366
2 0.419376 0.418229 0.013603 0.039831
2 0.412575 0.419652 0.022405 0.045521
2 0.403373 0.426053 0.016803 0.052634
2 0.394971 0.423920 0.019204 0.068282
2 0.378167 0.422497 0.046410 0.076817
2 0.371765 0.440279 0.043209 0.083930
2 0.347760 0.443124 0.033607 0.095310
2 0.335757 0.449526 0.019204 0.113804
2 0.285345 0.443835 0.118427 0.162170
2 0.161557 0.468019 0.228052 0.250368
2 0.072916 0.486613 0.144833 0.348524
2 0.487872 0.408556 0.013603 0.022760
2 0.493073 0.415669 0.014403 0.031296
2 0.500275 0.416380 0.011202 0.029873
2 0.507877 0.415669 0.020004 0.051211
2 0.523480 0.422070 0.028806 0.058324
2 0.528682 0.428472 0.021604 0.062592
2 0.539884 0.433451 0.032807 0.078240
2 0.557488 0.447676 0.044010 0.103846
2 0.608380 0.454504 0.093621 0.183509
2 0.744771 0.488646 0.284865 0.332876
2 0.907627 0.566130 0.182442 0.490779
0 0.456905 0.411117 0.008001 0.039831
