8 0.295718 0.294281 0.048710 0.047993
8 0.164246 0.269999 0.103596 0.075099
8 0.351826 0.366556 0.010057 0.025033
7 0.398093 0.474735 0.008046 0.019668
7 0.378983 0.475629 0.006034 0.014304
8 0.500181 0.458642 0.009052 0.026821
2 0.387532 0.516754 0.007040 0.021456
2 0.380995 0.516754 0.012069 0.032185
2 0.364902 0.519437 0.034197 0.059006
2 0.340260 0.530165 0.037214 0.062582
2 0.402619 0.517648 0.007040 0.016092
2 0.427261 0.519437 0.008046 0.016092
2 0.416197 0.518543 0.018104 0.028609
2 0.448383 0.523907 0.022127 0.032185
2 0.240686 0.509602 0.198141 0.303973
2 0.899921 0.536574 0.199019 0.232752
2 0.106413 0.541788 0.086498 0.185960
8 0.291267 0.256059 0.032007 0.019915
