8 0.592542 0.257015 0.037018 0.046245
8 0.598045 0.315711 0.012005 0.060474
8 0.599546 0.381521 0.013006 0.017786
8 0.596544 0.398419 0.029014 0.023122
7 0.610601 0.425098 0.025012 0.024901
7 0.404825 0.265782 0.010004 0.042687
4 0.331413 0.484683 0.028013 0.067588
2 0.352924 0.503359 0.011005 0.033794
2 0.353924 0.512253 0.015007 0.037351
2 0.356426 0.475790 0.016007 0.042687
3 0.400948 0.482015 0.093045 0.190316
2 0.463478 0.490909 0.024011 0.037351
2 0.497495 0.520257 0.068033 0.092490
2 0.420457 0.568280 0.122060 0.163636
2 0.313404 0.507806 0.044021 0.067588
2 0.310403 0.536264 0.036017 0.092490
4 0.154201 0.499802 0.308402 0.460672
2 0.649497 0.568873 0.261129 0.307707
2 0.799695 0.605276 0.397196 0.642095
