2 0.175516 0.603679 0.024357 0.028018
2 0.194858 0.604953 0.028655 0.030566
2 0.217783 0.611321 0.022924 0.033113
2 0.234976 0.613868 0.028655 0.033113
2 0.298019 0.608774 0.025790 0.028018
2 0.273661 0.615142 0.042983 0.045849
2 0.346733 0.608774 0.045849 0.053490
2 0.401895 0.604953 0.070206 0.061132
2 0.141845 0.604953 0.017193 0.020377
8 0.448563 0.418645 0.021491 0.063679
8 0.449095 0.491764 0.022554 0.033673
7 0.599722 0.525809 0.011462 0.030566
2 0.087449 0.618695 0.017219 0.029081
2 0.072813 0.621319 0.018941 0.041326
2 0.054733 0.626895 0.027551 0.052040
2 0.023492 0.621319 0.046984 0.093367
7 0.619836 0.520080 0.016358 0.026020
