7 0.493247 0.423515 0.010546 0.035156
7 0.403598 0.403593 0.010546 0.032812
7 0.348227 0.489140 0.013183 0.021093
7 0.536093 0.489140 0.009228 0.021093
7 0.395688 0.408280 0.010546 0.032812
8 0.357456 0.470390 0.013183 0.016406
8 0.529502 0.466874 0.009228 0.023437
8 0.530161 0.435234 0.013183 0.011718
2 0.493906 0.528984 0.022412 0.039843
2 0.514341 0.537187 0.036914 0.056249
2 0.558506 0.552421 0.059326 0.082031
2 0.425351 0.521952 0.032958 0.039843
2 0.462925 0.534843 0.044824 0.074999
2 0.366025 0.538358 0.061962 0.100781
2 0.249351 0.571171 0.092285 0.105468
2 0.630356 0.593437 0.150292 0.159374
