7 0.011790 0.348157 0.013988 0.021315
8 0.230610 0.361480 0.019983 0.019539
8 0.409462 0.352598 0.013988 0.030197
8 0.797643 0.277105 0.020982 0.063947
2 0.103714 0.402335 0.029975 0.026644
2 0.140184 0.407664 0.026977 0.026644
2 0.158669 0.408552 0.019983 0.028421
2 0.181650 0.405888 0.023980 0.033750
2 0.203632 0.413881 0.029975 0.035526
2 0.225614 0.415657 0.021981 0.035526
2 0.246597 0.421875 0.043963 0.033749
2 0.288562 0.427203 0.043963 0.044407
2 0.332026 0.428092 0.056953 0.049736
2 0.709216 0.443190 0.133889 0.154539
2 0.534360 0.427203 0.075937 0.040855
2 0.836611 0.468059 0.218819 0.222039
2 0.383983 0.430756 0.068943 0.058618
2 0.041266 0.464506 0.080933 0.140328
2 0.926537 0.524901 0.144880 0.250460
2 0.082232 0.466282 0.066944 0.094144
