2 0.006773 0.845390 0.013183 0.157031
8 0.149155 0.771093 0.031640 0.060937
2 0.122788 0.820311 0.126562 0.103124
3 0.157065 0.769921 0.166113 0.082031
2 0.213755 0.805077 0.094921 0.105468
0 0.282969 0.779296 0.027685 0.138281
7 0.341636 0.416015 0.021093 0.077343
8 0.340976 0.355077 0.017138 0.030468
2 0.255942 0.791015 0.055371 0.086718
7 0.267981 0.631387 0.018110 0.096599
2 0.300107 0.789843 0.046142 0.093749
2 0.333725 0.782811 0.029003 0.056249
2 0.372617 0.782811 0.025048 0.046874
2 0.393052 0.780468 0.021093 0.042187
2 0.444468 0.769921 0.015820 0.025781
2 0.464243 0.765233 0.015820 0.025781
2 0.476108 0.758202 0.013183 0.025781
2 0.505112 0.753515 0.013183 0.021093
2 0.518296 0.757030 0.015820 0.028124
2 0.536753 0.754686 0.021093 0.032812
0 0.553891 0.764061 0.018457 0.046874
6 0.551914 0.793358 0.011865 0.039843
2 0.572348 0.755858 0.021093 0.035156
2 0.585532 0.742968 0.015820 0.023437
2 0.599375 0.752343 0.017138 0.032812
2 0.617832 0.754686 0.014501 0.032812
2 0.676499 0.760546 0.023730 0.025781
8 0.897983 0.502734 0.068554 0.138281
8 0.908530 0.618749 0.047460 0.098437
2 0.975766 0.723046 0.047460 0.082031
7 0.683090 0.678515 0.013183 0.035156
8 0.609922 0.718358 0.009228 0.030468
8 0.775868 0.568129 0.017880 0.037396
8 0.791645 0.664424 0.013672 0.028047
0 0.822146 0.756044 0.022087 0.087880
