8 0.639230 0.421116 0.024370 0.010397
8 0.640205 0.447111 0.053614 0.045057
8 0.528102 0.485237 0.010722 0.020795
8 0.548036 0.488530 0.025345 0.022528
2 0.609254 0.520330 0.009748 0.013863
2 0.618515 0.525529 0.018521 0.024261
2 0.599994 0.532461 0.014622 0.034659
2 0.576598 0.547192 0.051664 0.081450
2 0.400646 0.522930 0.031193 0.022528
4 0.449873 0.507073 0.067261 0.058921
2 0.511606 0.567655 0.095996 0.152830
4 0.329972 0.508633 0.069211 0.064120
2 0.264660 0.516258 0.055564 0.046790
2 0.221768 0.516431 0.075060 0.048523
2 0.058975 0.522323 0.116002 0.051989
8 0.672617 0.447978 0.009748 0.022528
2 0.478652 0.524353 0.050147 0.066226
