2 0.058488 0.190629 0.115027 0.114377
0 0.986992 0.169833 0.024370 0.138639
0 0.848082 0.133440 0.021445 0.114377
0 0.819325 0.133440 0.022420 0.121309
0 0.669692 0.155969 0.025345 0.124775
4 0.130624 0.158568 0.103329 0.129974
4 0.200810 0.143838 0.054589 0.110911
2 0.245651 0.149037 0.042891 0.079717
2 0.567825 0.136039 0.047765 0.081450
2 0.558077 0.118709 0.047765 0.077984
2 0.459621 0.142971 0.010722 0.029460
4 0.311938 0.128241 0.064337 0.100513
4 0.511286 0.103113 0.065312 0.150770
2 0.287080 0.176765 0.100405 0.114377
2 0.373838 0.142971 0.043866 0.064120
2 0.429402 0.139505 0.053614 0.095314
4 0.374326 0.102246 0.035093 0.027727
7 0.345569 0.026861 0.006823 0.025994
7 0.339233 0.027727 0.007798 0.031193
7 0.248576 0.091848 0.009748 0.017329
4 0.652633 0.101380 0.127699 0.202760
8 0.727206 0.019062 0.017546 0.038125
8 0.787644 0.008664 0.060438 0.017329
2 0.479605 0.142105 0.019496 0.027727
