8 0.371502 0.241705 0.019194 0.038388
8 0.394295 0.126540 0.050385 0.025592
8 0.829766 0.201184 0.019194 0.034123
2 0.129174 0.388862 0.014395 0.021326
2 0.117177 0.382464 0.009597 0.021326
2 0.104581 0.388862 0.013196 0.025592
2 0.076389 0.392061 0.019194 0.031990
2 0.058994 0.394194 0.025192 0.040521
2 0.039800 0.405923 0.032390 0.051184
2 0.014202 0.412321 0.028404 0.063981
2 0.082987 0.379265 0.029991 0.053317
2 0.194554 0.383530 0.015595 0.036255
2 0.206551 0.393127 0.022793 0.051184
2 0.233543 0.425118 0.069579 0.098104
2 0.995858 0.482701 0.008282 0.102369
2 0.841762 0.476302 0.311907 0.196208
