7 0.401493 0.174525 0.011996 0.036255
7 0.508861 0.011018 0.022793 0.022037
8 0.402093 0.146800 0.008397 0.019194
2 0.246139 0.357938 0.039588 0.061848
2 0.184357 0.365402 0.052784 0.072511
2 0.408691 0.345141 0.016795 0.014928
2 0.425486 0.349407 0.011996 0.010663
2 0.439282 0.351540 0.010796 0.023459
2 0.482469 0.354739 0.010796 0.017061
2 0.471672 0.354739 0.010796 0.017061
8 0.733194 0.238506 0.027591 0.031990
7 0.746990 0.301421 0.009597 0.021327
0 0.701404 0.373933 0.009597 0.055450
2 0.597035 0.446445 0.143957 0.183412
0 0.739792 0.387795 0.031190 0.091706
