2 0.418134 0.533632 0.018626 0.022924
2 0.390911 0.532783 0.027222 0.028018
2 0.337181 0.525566 0.080235 0.067924
8 0.602963 0.498396 0.012895 0.015283
8 0.600814 0.505189 0.011462 0.015283
4 0.620156 0.518349 0.050147 0.067075
2 0.495504 0.518774 0.010029 0.020377
2 0.503384 0.522594 0.017193 0.022924
8 0.514847 0.483113 0.054445 0.025471
8 0.479743 0.492877 0.012895 0.028018
7 0.512697 0.491604 0.010029 0.030566
7 0.524876 0.496698 0.008596 0.025471
8 0.415985 0.389717 0.034386 0.025471
8 0.396642 0.427924 0.073071 0.071320
2 0.524160 0.532358 0.041550 0.066226
2 0.923190 0.560377 0.151875 0.173207
