8 0.375502 0.443055 0.007175 0.025511
8 0.475954 0.424133 0.014350 0.010629
8 0.628308 0.437952 0.014350 0.021259
8 0.516494 0.485787 0.010762 0.006377
7 0.419031 0.450708 0.011958 0.012755
7 0.462800 0.414567 0.004783 0.025511
7 0.521397 0.436889 0.004783 0.031889
7 0.522593 0.465590 0.009566 0.021259
8 0.346801 0.487913 0.007175 0.019133
2 0.407192 0.517677 0.046638 0.078661
2 0.520799 0.513425 0.015546 0.023385
2 0.535748 0.528307 0.031092 0.053149
2 0.556077 0.538937 0.040659 0.082913
2 0.594345 0.535748 0.066968 0.140314
2 0.672076 0.558071 0.160246 0.193464
2 0.471171 0.559134 0.112411 0.157322
2 0.221387 0.573913 0.231694 0.293590
2 0.031256 0.532559 0.057401 0.040393
