2 0.123026 0.583114 0.246053 0.486606
2 0.820617 0.586729 0.358764 0.387346
2 0.663319 0.444010 0.060474 0.042187
2 0.632699 0.444010 0.029854 0.039465
2 0.568015 0.442649 0.016840 0.020413
2 0.434676 0.450815 0.015025 0.025856
2 0.404198 0.441969 0.015309 0.008165
2 0.386591 0.459660 0.018371 0.027217
2 0.373195 0.456939 0.011482 0.027217
2 0.338748 0.456939 0.006889 0.016330
2 0.326117 0.456939 0.013778 0.024495
2 0.306214 0.461021 0.018371 0.021774
2 0.288990 0.468506 0.016075 0.023135
2 0.264494 0.474630 0.031385 0.024495
2 0.358268 0.467826 0.038274 0.057157
2 0.411470 0.481435 0.052819 0.078931
2 0.535198 0.483476 0.073288 0.093901
2 0.356737 0.465784 0.039805 0.055796
8 0.315017 0.341944 0.020668 0.031300
8 0.351108 0.367893 0.012247 0.029939
8 0.420386 0.350882 0.035978 0.050352
8 0.477543 0.347706 0.039040 0.047631
8 0.501657 0.385811 0.012247 0.028578
2 0.455292 0.458689 0.028702 0.045480
