7 0.477076 0.221949 0.008580 0.028983
7 0.530275 0.250932 0.006864 0.035084
7 0.539713 0.338644 0.006864 0.012203
7 0.489088 0.334067 0.006864 0.009152
2 0.570634 0.452187 0.147179 0.268579
7 0.241541 0.284796 0.007722 0.025932
7 0.369390 0.335135 0.006006 0.013728
7 0.734491 0.303864 0.006864 0.024406
8 0.630667 0.306305 0.013728 0.006101
8 0.624231 0.323084 0.009438 0.009152
8 0.743071 0.233847 0.034322 0.016779
8 0.914115 0.164309 0.032605 0.039661
2 0.471327 0.388067 0.014586 0.033559
2 0.500930 0.419338 0.060063 0.099152
2 0.330263 0.408203 0.033463 0.034169
2 0.115150 0.413237 0.065211 0.050338
2 0.180362 0.412474 0.065211 0.045762
2 0.391271 0.402559 0.017161 0.016779
2 0.408432 0.398745 0.013728 0.018305
2 0.423448 0.395694 0.009438 0.012203
2 0.334553 0.384101 0.012870 0.015254
2 0.287361 0.420711 0.052341 0.067118
2 0.755256 0.466932 0.185682 0.202881
2 0.881881 0.510206 0.234247 0.469830
4 0.019423 0.404075 0.038846 0.111489
