0 0.176186 0.541457 0.016389 0.033992
0 0.499876 0.568165 0.010926 0.043705
0 0.523777 0.580306 0.012292 0.048561
0 0.534704 0.569379 0.015023 0.060701
0 0.861750 0.585502 0.075386 0.418556
0 0.980495 0.598516 0.036876 0.424910
8 0.121554 0.477113 0.035510 0.050989
8 0.281351 0.520818 0.010926 0.026708
2 0.085361 0.625468 0.170722 0.184532
2 0.426864 0.608070 0.124172 0.183730
2 0.366712 0.570836 0.017755 0.050989
2 0.348274 0.575692 0.027315 0.055845
2 0.327788 0.576906 0.040973 0.067985
2 0.296375 0.580549 0.049168 0.084982
2 0.256084 0.584191 0.086044 0.106834
2 0.194624 0.610899 0.124286 0.126259
2 0.437050 0.586619 0.109262 0.140827
