2 0.339539 0.619939 0.020647 0.026510
2 0.326118 0.621774 0.014912 0.022432
2 0.315220 0.620755 0.013765 0.024471
2 0.307191 0.620755 0.013765 0.032628
2 0.300308 0.617696 0.016059 0.034667
2 0.288264 0.617696 0.017206 0.038746
2 0.275072 0.615657 0.020647 0.046903
2 0.255457 0.614637 0.035559 0.057099
2 0.231942 0.614637 0.029824 0.057099
2 0.204985 0.619735 0.051619 0.071374
2 0.165984 0.621774 0.060795 0.083610
2 0.102664 0.618715 0.090620 0.126435
2 0.037854 0.624697 0.075708 0.187613
2 0.882046 0.781246 0.233098 0.430286
2 0.387143 0.618919 0.017206 0.026510
2 0.389437 0.625037 0.014912 0.022432
2 0.401482 0.621978 0.011470 0.028549
2 0.411806 0.615860 0.020647 0.048942
2 0.437042 0.615860 0.039001 0.048942
2 0.507970 0.635913 0.083737 0.140709
2 0.578134 0.660725 0.135356 0.203927
2 0.721865 0.716805 0.283331 0.316087
8 0.461245 0.567938 0.008029 0.034667
8 0.922032 0.352794 0.105532 0.199848
