2 0.544509 0.501692 0.027546 0.075090
2 0.571138 0.501692 0.051420 0.101209
2 0.632659 0.510671 0.130388 0.161608
2 0.828242 0.553929 0.299342 0.342805
2 0.302709 0.530260 0.095495 0.122430
4 0.544203 0.472309 0.051420 0.114268
2 0.431859 0.561589 0.199255 0.310157
2 0.101756 0.613826 0.202010 0.385247
2 0.921442 0.625211 0.156098 0.460338
8 0.844896 0.191698 0.036729 0.028621
8 0.844770 0.223095 0.033056 0.029383
8 0.847065 0.257376 0.037647 0.039177
8 0.572056 0.423065 0.012855 0.017956
8 0.258022 0.402388 0.012855 0.017956
