8 0.573546 0.326283 0.021412 0.053021
2 0.376427 0.427975 0.121591 0.130513
2 0.517443 0.385151 0.032883 0.031268
2 0.705949 0.376993 0.013765 0.033987
2 0.717749 0.381752 0.019013 0.024471
2 0.754050 0.378081 0.008412 0.031268
4 0.779668 0.351570 0.048942 0.103323
2 0.795207 0.387850 0.030589 0.051661
2 0.826944 0.385811 0.037471 0.069335
2 0.868731 0.391249 0.071884 0.085649
2 0.653842 0.413001 0.110120 0.213444
2 0.958204 0.406495 0.081061 0.127794
1 0.841073 0.396072 0.020647 0.087009
5 0.839161 0.415105 0.018353 0.073413
