7 0.182649 0.062171 0.013988 0.0675
7 0.455924 0.225592 0.012989 0.074605
7 0.136687 0.408552 0.015986 0.028421
7 0.598807 0.393453 0.018984 0.030197
7 0.210127 0.063059 0.020982 0.087039
7 0.477407 0.218486 0.017985 0.063947
7 0.153173 0.407664 0.012989 0.026644
7 0.863589 0.283322 0.024979 0.051513
7 0.579323 0.391677 0.013988 0.030197
8 0.575326 0.359703 0.025978 0.019539
8 0.902057 0.194506 0.049958 0.143881
8 0.159668 0.286875 0.025978 0.033749
8 0.163665 0.349934 0.021981 0.017763
8 0.158669 0.371250 0.035970 0.017763
2 0.456923 0.500921 0.022981 0.028421
2 0.391977 0.532894 0.092923 0.152763
7 0.423951 0.459177 0.008992 0.019539
7 0.400969 0.458289 0.008992 0.014210
