2 0.579088 0.423214 0.017219 0.019897
2 0.591141 0.420153 0.013775 0.019897
2 0.601473 0.421683 0.017219 0.022959
2 0.610944 0.427041 0.018941 0.027551
2 0.631176 0.423979 0.030133 0.039795
2 0.635051 0.433163 0.025829 0.027551
2 0.450717 0.428571 0.016702 0.015306
2 0.426868 0.431632 0.013775 0.015306
2 0.408788 0.433928 0.012053 0.013775
2 0.464665 0.425051 0.012914 0.019897
2 0.272439 0.449745 0.045172 0.042346
2 0.297637 0.447092 0.026690 0.040102
2 0.241071 0.457347 0.058545 0.058163
2 0.479732 0.424745 0.015497 0.016836
2 0.506852 0.424745 0.016358 0.016836
2 0.523641 0.423214 0.018941 0.019897
2 0.541722 0.423214 0.012053 0.016836
2 0.778747 0.436224 0.128284 0.104081
2 0.928039 0.463775 0.138616 0.226530
2 0.162866 0.460204 0.071460 0.061224
2 0.362468 0.488265 0.141199 0.163775
8 0.356871 0.393750 0.017219 0.016836
8 0.581240 0.372704 0.019802 0.035204
8 0.441763 0.378826 0.009470 0.016836
8 0.651668 0.265561 0.018080 0.026020
8 0.695921 0.352040 0.009470 0.018367
7 0.506034 0.353954 0.011192 0.021428
7 0.617961 0.331760 0.009470 0.032142
7 0.561998 0.365433 0.007748 0.013775
7 0.689206 0.396046 0.007748 0.016836
7 0.354719 0.360204 0.010331 0.024489
7 0.441390 0.351020 0.008609 0.021428
7 0.494340 0.386224 0.007748 0.018367
7 0.534805 0.376275 0.009470 0.016836
7 0.357015 0.336479 0.006887 0.026020
2 0.100302 0.548358 0.198884 0.480612
