7 0.368662 0.184452 0.022412 0.110156
7 0.385801 0.298124 0.027685 0.037499
7 0.549277 0.264140 0.014501 0.039843
7 0.520932 0.125859 0.029003 0.114843
8 0.593442 0.214921 0.063281 0.025781
0 0.794709 0.427030 0.156450 0.459374
0 0.503135 0.431718 0.040869 0.159374
0 0.385141 0.441093 0.036914 0.145312
0 0.266489 0.451640 0.021093 0.082031
0 0.286265 0.451640 0.013183 0.063281
0 0.348887 0.448124 0.017138 0.070312
0 0.138608 0.462187 0.010546 0.032812
0 0.106309 0.463359 0.014501 0.049218
0 0.338340 0.446952 0.014501 0.058593
0 0.327134 0.439921 0.015820 0.063281
0 0.317246 0.442265 0.014501 0.058593
0 0.548618 0.431718 0.021093 0.145312
2 0.261216 0.461015 0.010546 0.011718
2 0.240122 0.457499 0.013183 0.023437
2 0.227598 0.459843 0.017138 0.028124
2 0.210459 0.458671 0.027685 0.030468
2 0.182114 0.463359 0.042187 0.044531
4 0.918417 0.357890 0.162158 0.236718
2 0.004704 0.496171 0.009409 0.058593
