7 0.382898 0.502654 0.010796 0.036871
7 0.431484 0.504028 0.009597 0.025592
8 0.541851 0.484833 0.023992 0.046919
8 0.543051 0.520023 0.011996 0.019194
2 0.392495 0.597866 0.077976 0.110900
2 0.339111 0.554146 0.028791 0.057582
2 0.309120 0.562677 0.057582 0.066113
2 0.291126 0.580805 0.040787 0.072511
2 0.252137 0.585070 0.065980 0.093838
2 0.191555 0.589336 0.119964 0.145023
2 0.032196 0.672511 0.064393 0.209004
2 0.089179 0.618127 0.178359 0.206871
2 0.467473 0.562677 0.033590 0.057582
2 0.489067 0.569075 0.043187 0.078909
2 0.507661 0.580805 0.039588 0.093838
2 0.555647 0.598933 0.089973 0.155687
2 0.634823 0.638388 0.159552 0.200473
2 0.785379 0.716231 0.280716 0.296445
2 0.899287 0.796207 0.201424 0.302843
8 0.410849 0.501796 0.017138 0.016406
