8 0.333220 0.320845 0.030589 0.057099
8 0.631283 0.296827 0.011470 0.013595
8 0.560928 0.307703 0.009941 0.013595
2 0.092491 0.570343 0.184983 0.539728
2 0.239232 0.368202 0.039001 0.020392
2 0.584962 0.329197 0.013000 0.013595
2 0.623253 0.338293 0.013765 0.023111
2 0.602988 0.341691 0.013000 0.032628
2 0.555957 0.341012 0.010706 0.017673
2 0.541809 0.340332 0.016059 0.019033
2 0.528809 0.338293 0.009941 0.014954
2 0.517720 0.337613 0.010706 0.013595
2 0.591899 0.354607 0.009176 0.025830
2 0.571251 0.358006 0.035177 0.040785
2 0.509199 0.363864 0.012235 0.023111
2 0.495816 0.363185 0.016059 0.021752
2 0.475169 0.363864 0.023706 0.025830
2 0.438462 0.375420 0.043589 0.057099
2 0.406606 0.400960 0.055298 0.082930
2 0.314175 0.455891 0.143004 0.160422
2 0.545506 0.567371 0.281419 0.380664
