2 0.577082 0.606933 0.035735 0.052941
2 0.626963 0.618844 0.075937 0.097941
2 0.822018 0.643992 0.075937 0.100588
2 0.734169 0.661197 0.153364 0.209117
2 0.478810 0.704874 0.238235 0.317647
2 0.939647 0.662521 0.117628 0.158823
2 0.045839 0.814204 0.091678 0.289576
2 0.924013 0.823992 0.151875 0.344117
0 0.373838 0.597668 0.031268 0.140294
0 0.320979 0.575546 0.023823 0.090000
0 0.116990 0.530546 0.032757 0.058235
7 0.749059 0.465315 0.025312 0.045000
7 0.510079 0.452080 0.020845 0.039705
7 0.342569 0.491407 0.025312 0.045000
7 0.163893 0.393466 0.025312 0.050294
8 0.807873 0.481197 0.032757 0.039705
8 0.432652 0.438844 0.047647 0.034411
0 0.387238 0.587080 0.028290 0.082058
7 0.166126 0.450756 0.023823 0.037058
8 0.854776 0.559286 0.025312 0.026470
2 0.044353 0.625115 0.086560 0.209844
