0 0.953096 0.519374 0.046406 0.168749
0 0.628252 0.487499 0.021093 0.086249
0 0.494835 0.476249 0.011601 0.056249
0 0.481124 0.478124 0.011601 0.063749
0 0.435245 0.466874 0.008437 0.041249
0 0.054764 0.490077 0.059584 0.147656
0 0.098800 0.464062 0.042187 0.095624
2 0.041846 0.469687 0.067499 0.136874
2 0.011431 0.498749 0.022862 0.104999
2 0.238018 0.464062 0.012656 0.020624
2 0.252256 0.465937 0.011601 0.024374
2 0.268604 0.471562 0.016874 0.043124
2 0.297081 0.470624 0.037968 0.041249
2 0.332940 0.478124 0.050624 0.052499
2 0.381983 0.480937 0.028476 0.054374
2 0.407823 0.491249 0.065390 0.067499
2 0.538604 0.520312 0.099140 0.136874
2 0.695752 0.518437 0.122343 0.136874
2 0.837081 0.543749 0.227812 0.269999
