8 0.488458 0.407699 0.008443 0.034085
7 0.578180 0.462338 0.013917 0.025708
7 0.199600 0.431958 0.009510 0.035051
8 0.617010 0.417525 0.011597 0.026804
8 0.618170 0.450515 0.013917 0.014432
8 0.612951 0.467010 0.008118 0.035051
8 0.603092 0.468041 0.009278 0.041237
8 0.538144 0.493814 0.011597 0.030927
8 0.690077 0.291752 0.023195 0.035051
8 0.692541 0.367268 0.025805 0.078865
8 0.691382 0.447938 0.018846 0.037113
7 0.680799 0.444329 0.011597 0.022680
8 0.324510 0.385567 0.011597 0.024742
8 0.400128 0.490721 0.004639 0.016494
8 0.502190 0.416494 0.011597 0.016494
8 0.417641 0.470103 0.010438 0.024742
8 0.231030 0.310309 0.016237 0.043298
8 0.203775 0.468041 0.026675 0.016494
2 0.803621 0.502061 0.026675 0.051546
2 0.463917 0.503608 0.009278 0.016494
2 0.465077 0.515979 0.020876 0.028865
8 0.450000 0.498453 0.006958 0.022680
8 0.436662 0.491237 0.008118 0.016494
8 0.278640 0.469587 0.016237 0.014432
