2 0.085145 0.583803 0.170291 0.237707
2 0.504357 0.526245 0.011352 0.031395
2 0.489430 0.522134 0.022705 0.042607
2 0.476816 0.535963 0.037842 0.049335
2 0.445281 0.524750 0.027751 0.044850
2 0.333645 0.544933 0.049195 0.085215
2 0.283188 0.541569 0.092083 0.123338
2 0.211918 0.559509 0.131187 0.154734
2 0.397767 0.553903 0.098390 0.112126
0 0.526642 0.574085 0.051718 0.156976
0 0.742345 0.543438 0.029012 0.124086
0 0.719009 0.544933 0.032796 0.112126
2 0.607583 0.556145 0.206872 0.246677
8 0.704923 0.334135 0.018921 0.026910
8 0.643744 0.401037 0.015137 0.038122
2 0.880241 0.646694 0.237146 0.681727
