7 0.526779 0.276023 0.008371 0.023385
7 0.587768 0.305787 0.008371 0.019133
7 0.540730 0.033661 0.025113 0.065905
8 0.618860 0.021968 0.096865 0.042519
8 0.675465 0.067677 0.056205 0.061653
8 0.690413 0.228897 0.014350 0.063779
8 0.653939 0.276023 0.020329 0.040393
8 0.472008 0.302315 0.010762 0.012755
7 0.751766 0.218976 0.032288 0.055275
8 0.731631 0.159448 0.019133 0.055275
2 0.600324 0.333567 0.016742 0.023385
2 0.587768 0.332504 0.017937 0.029763
2 0.608337 0.332504 0.015546 0.021259
2 0.611924 0.342070 0.017937 0.031889
2 0.616708 0.351637 0.022721 0.046771
2 0.645289 0.379275 0.076535 0.102047
2 0.319894 0.387460 0.077731 0.080787
2 0.386862 0.373641 0.051422 0.061653
4 0.524088 0.386397 0.121978 0.206220
4 0.403007 0.342992 0.069360 0.089291
7 0.144101 0.297992 0.013154 0.031889
7 0.116596 0.294803 0.022721 0.038267
0 0.758538 0.348661 0.029896 0.127559
0 0.716682 0.351850 0.027504 0.125433
0 0.737012 0.370984 0.029896 0.176456
