4 0.210114 0.370071 0.312637 0.360369
2 0.505600 0.413731 0.086540 0.148305
2 0.753137 0.431750 0.179318 0.212063
2 0.429974 0.399178 0.042880 0.058213
2 0.440889 0.413038 0.045999 0.060985
2 0.646326 0.426206 0.059253 0.087320
2 0.861898 0.388783 0.058473 0.067915
3 0.603055 0.368685 0.099014 0.160780
8 0.476753 0.266812 0.013253 0.026334
8 0.452974 0.160780 0.012474 0.033264
8 0.514176 0.313937 0.024169 0.029106
8 0.723511 0.247407 0.015592 0.045739
8 0.899321 0.033957 0.013253 0.037422
8 0.923100 0.137910 0.010915 0.054055
