8 0.576119 0.245860 0.096556 0.091192
8 0.389041 0.373708 0.020115 0.032185
7 0.440336 0.161821 0.010057 0.069735
7 0.615345 0.155562 0.010057 0.057218
7 0.738052 0.369238 0.012069 0.016092
7 0.228617 0.188642 0.019110 0.066158
7 0.431284 0.158245 0.014081 0.069735
8 0.685247 0.302185 0.011063 0.017880
2 0.373451 0.430927 0.035202 0.050066
2 0.472019 0.433609 0.023133 0.033973
7 0.452406 0.410364 0.006034 0.019668
7 0.471516 0.404999 0.008046 0.019668
7 0.492135 0.404999 0.007040 0.016092
7 0.511245 0.402317 0.007040 0.021456
8 0.702346 0.317384 0.021121 0.019668
7 0.907025 0.307549 0.014081 0.021456
