7 0.321201 0.390702 0.009228 0.030468
7 0.436557 0.415312 0.007910 0.028124
7 0.433921 0.443437 0.013183 0.023437
7 0.248032 0.403593 0.021093 0.060937
8 0.463584 0.398905 0.011865 0.018749
8 0.386460 0.442265 0.007910 0.025781
8 0.264512 0.395390 0.011865 0.016406
2 0.331748 0.462187 0.009228 0.018749
2 0.342954 0.463359 0.015820 0.025781
2 0.319883 0.469218 0.025048 0.060937
2 0.311973 0.480937 0.035595 0.079687
2 0.277695 0.489140 0.059326 0.091406
2 0.273081 0.519609 0.039550 0.128906
2 0.246055 0.531327 0.051415 0.152343
2 0.145859 0.594608 0.212255 0.316406
2 0.398984 0.480937 0.011865 0.032812
2 0.406235 0.479765 0.015820 0.039843
2 0.425351 0.477421 0.030322 0.049218
2 0.455674 0.494999 0.054052 0.060937
2 0.471494 0.511405 0.038232 0.070312
2 0.487973 0.528984 0.052734 0.086718
2 0.774057 0.629765 0.297949 0.297656
4 0.601352 0.477421 0.205663 0.316406
2 0.356138 0.469218 0.026367 0.042187
2 0.085215 0.780936 0.170068 0.435937
2 0.868320 0.761015 0.262353 0.236718
