8 0.330028 0.412993 0.042964 0.037302
8 0.378488 0.468059 0.019983 0.023092
8 0.385482 0.501809 0.007993 0.015986
7 0.416800 0.503347 0.006682 0.026168
7 0.335024 0.505968 0.008992 0.027858
8 0.054255 0.434309 0.028976 0.019539
2 0.255360 0.540216 0.021523 0.021749
2 0.236605 0.537552 0.011990 0.027078
2 0.612296 0.550657 0.031973 0.042631
2 0.654446 0.550657 0.043593 0.056842
2 0.702222 0.556875 0.051957 0.058618
2 0.781656 0.558413 0.034971 0.058142
2 0.830536 0.554557 0.056538 0.065853
2 0.121200 0.533782 0.038967 0.030197
2 0.171159 0.535559 0.044962 0.030197
2 0.412960 0.545328 0.016986 0.017763
2 0.361502 0.541776 0.013988 0.017763
2 0.090725 0.542664 0.039967 0.033750
2 0.024280 0.544440 0.046961 0.044407
8 0.340207 0.475706 0.013647 0.039858
2 0.891461 0.548491 0.077009 0.074518
8 0.465470 0.512965 0.006823 0.020795
8 0.539556 0.506033 0.008773 0.020795
8 0.621927 0.461842 0.017546 0.022528
8 0.940202 0.222689 0.063362 0.064120
