7 0.251792 0.373026 0.006394 0.027000
7 0.283366 0.384394 0.007194 0.021315
7 0.350511 0.355263 0.010391 0.019894
7 0.911649 0.286342 0.029575 0.041210
7 0.872482 0.289894 0.019983 0.039789
8 0.896062 0.123631 0.049559 0.031263
8 0.897661 0.044052 0.051157 0.071052
8 0.655236 0.024972 0.052308 0.047102
8 0.326531 0.385105 0.008792 0.017052
0 0.737792 0.485289 0.052756 0.316894
2 0.334524 0.419210 0.015187 0.039789
2 0.349712 0.430579 0.023180 0.054000
2 0.299753 0.434131 0.041565 0.055421
2 0.270577 0.418500 0.018384 0.029842
4 0.628682 0.393631 0.237404 0.324000
2 0.431644 0.464684 0.169460 0.264315
2 0.200235 0.466815 0.171858 0.169105
4 0.101116 0.378710 0.167062 0.248684
2 0.028776 0.561315 0.055953 0.272842
