7 0.509051 0.321403 0.006002 0.019565
7 0.442018 0.320513 0.008003 0.021343
7 0.440017 0.364980 0.006002 0.017786
7 0.457526 0.362312 0.007003 0.016007
7 0.505049 0.360533 0.006002 0.016007
8 0.541567 0.318735 0.011005 0.017786
8 0.368982 0.360533 0.012005 0.008893
8 0.331463 0.356087 0.015007 0.010671
8 0.365480 0.343636 0.013006 0.010671
2 0.474359 0.394607 0.011005 0.014229
2 0.491367 0.391939 0.009004 0.019565
2 0.512378 0.399054 0.015007 0.019565
2 0.484364 0.400832 0.011005 0.023122
2 0.451848 0.416840 0.032015 0.048023
2 0.402824 0.415062 0.042020 0.051581
2 0.569906 0.425734 0.046022 0.058695
2 0.269758 0.425734 0.074036 0.072924
2 0.219233 0.405279 0.059029 0.060474
2 0.136616 0.411621 0.127910 0.079806
2 0.066345 0.414172 0.132690 0.092490
8 0.603598 0.354308 0.023011 0.010671
7 0.502048 0.319624 0.006002 0.026679
0 0.714731 0.430312 0.018457 0.107812
