7 0.676650 0.248553 0.007970 0.042509
7 0.502989 0.224722 0.007970 0.036068
7 0.438862 0.303301 0.007245 0.036068
7 0.804420 0.289131 0.010868 0.038645
7 0.808043 0.391540 0.025360 0.032204
7 0.443572 0.386387 0.016665 0.021898
7 0.045045 0.276249 0.031157 0.048950
7 0.018235 0.281402 0.019564 0.051526
7 0.663487 0.392828 0.005796 0.019322
7 0.610954 0.385743 0.005072 0.015458
7 0.587767 0.412795 0.005072 0.018034
7 0.613852 0.430829 0.005072 0.015458
8 0.700079 0.430829 0.007970 0.018034
2 0.601172 0.457881 0.013042 0.012881
2 0.587042 0.460457 0.015216 0.015458
2 0.571463 0.459813 0.014491 0.016746
2 0.440311 0.471406 0.027534 0.024475
2 0.346114 0.483644 0.056518 0.061832
2 0.201558 0.495882 0.077531 0.070849
2 0.171849 0.498458 0.049997 0.060543
2 0.272206 0.484932 0.094197 0.087595
2 0.043958 0.508119 0.060865 0.082442
8 0.554073 0.419880 0.020288 0.037356
8 0.512771 0.406354 0.021737 0.046374
7 0.469295 0.397337 0.008695 0.018034
8 0.442848 0.340657 0.023911 0.012881
8 0.424008 0.373506 0.025360 0.032204
8 0.177646 0.296216 0.045649 0.029627
8 0.105911 0.261435 0.034055 0.027051
8 0.111346 0.359980 0.013042 0.015458
8 0.095767 0.365777 0.018114 0.006440
8 0.102288 0.383811 0.018114 0.011593
8 0.102288 0.397337 0.012318 0.012881
0 0.391401 0.473339 0.013767 0.074713
2 0.644647 0.482356 0.079705 0.100477
2 0.496105 0.495882 0.105790 0.122375
0 0.738482 0.461745 0.007970 0.033492
0 0.719643 0.456593 0.006521 0.028339
8 0.809855 0.335505 0.018839 0.020610
8 0.892459 0.307165 0.030432 0.059255
0 0.802247 0.470118 0.013767 0.091459
0 0.845360 0.465610 0.014491 0.051526
0 0.825071 0.466898 0.015941 0.074713
4 0.946340 0.457278 0.106313 0.300060
5 0.271374 0.510778 0.032606 0.069561
0 0.272461 0.488879 0.028983 0.105629
