8 0.647759 0.326668 0.012672 0.019062
8 0.595120 0.358729 0.014622 0.010397
8 0.380662 0.360462 0.014622 0.010397
8 0.323148 0.365661 0.018521 0.010397
7 0.534194 0.303273 0.007798 0.031193
7 0.408931 0.291142 0.008773 0.031193
7 0.415268 0.292009 0.009748 0.025994
7 0.540043 0.301540 0.005848 0.027727
7 0.632162 0.356129 0.018521 0.025994
7 0.310476 0.385590 0.020470 0.022528
2 0.508849 0.412452 0.011697 0.013863
2 0.500563 0.409852 0.008773 0.019062
2 0.490815 0.411585 0.012672 0.019062
2 0.478630 0.413318 0.017546 0.015596
2 0.463033 0.418517 0.017546 0.022528
2 0.448411 0.421116 0.027294 0.034659
2 0.537606 0.404653 0.008773 0.015596
2 0.545892 0.409852 0.011697 0.029460
2 0.561001 0.414185 0.022420 0.038125
2 0.526396 0.416784 0.027294 0.043324
4 0.599994 0.421116 0.069211 0.090115
2 0.416730 0.447978 0.067261 0.077984
2 0.323636 0.487837 0.128674 0.147304
