7 0.064208 0.414606 0.012188 0.039004
7 0.312254 0.421107 0.006094 0.043338
7 0.411594 0.420023 0.007313 0.036837
7 0.373199 0.517535 0.008532 0.019502
7 0.404890 0.514285 0.010970 0.017335
7 0.454865 0.518619 0.008532 0.017335
1 0.523123 0.665609 0.062163 0.275200
5 0.526170 0.737840 0.053631 0.210192
2 0.026009 0.592656 0.052019 0.097511
2 0.042464 0.576404 0.084929 0.104012
0 0.481681 0.580737 0.010970 0.065007
2 0.421345 0.588322 0.053631 0.119181
2 0.335413 0.582904 0.062163 0.099678
2 0.186098 0.583988 0.060944 0.049839
2 0.275077 0.580737 0.043880 0.043338
2 0.386606 0.559068 0.025596 0.052006
2 0.133117 0.593300 0.032827 0.035548
7 0.305639 0.424718 0.006094 0.036837
7 0.319656 0.426885 0.004875 0.049839
7 0.404369 0.422551 0.006094 0.045505
7 0.417777 0.420384 0.008532 0.041171
8 0.621788 0.402335 0.024979 0.072828
