0 0.837847 0.476919 0.051664 0.110911
0 0.487403 0.506380 0.031193 0.124775
0 0.092119 0.406733 0.018521 0.067586
2 0.143784 0.427529 0.051664 0.084916
2 0.081883 0.390269 0.031193 0.038125
2 0.171566 0.410199 0.029244 0.050256
2 0.204222 0.415398 0.045815 0.053722
2 0.245164 0.424063 0.059463 0.077984
2 0.310476 0.485584 0.121850 0.169833
2 0.402108 0.469120 0.088707 0.112644
2 0.527858 0.501181 0.164742 0.142105
2 0.738416 0.572233 0.270021 0.221822
2 0.929638 0.621624 0.139716 0.279011
8 0.111128 0.298421 0.038992 0.131707
