8 0.621397 0.152812 0.226757 0.219374
8 0.884541 0.155624 0.084374 0.104999
8 0.464776 0.362812 0.016874 0.050624
8 0.489034 0.404999 0.012656 0.037499
8 0.339796 0.172499 0.076992 0.119999
8 0.207432 0.149999 0.126562 0.138749
8 0.652510 0.386249 0.023203 0.022499
8 0.669913 0.410624 0.030585 0.026249
2 0.666221 0.459374 0.016874 0.037499
2 0.749541 0.478124 0.014765 0.048749
2 0.587120 0.442499 0.014765 0.022499
2 0.571299 0.433124 0.012656 0.018749
2 0.562862 0.438749 0.008437 0.022499
2 0.556534 0.452812 0.016874 0.046874
2 0.480069 0.434999 0.017929 0.029999
2 0.460557 0.432187 0.023203 0.031874
2 0.430499 0.436874 0.034804 0.041249
2 0.416260 0.423749 0.021093 0.022499
2 0.396221 0.417187 0.023203 0.035624
2 0.361944 0.412499 0.043242 0.044999
2 0.320284 0.418124 0.033749 0.041249
4 0.243819 0.388124 0.114960 0.142499
2 0.206378 0.434999 0.156093 0.134999
2 0.067683 0.426562 0.129732 0.099374
2 0.519092 0.458905 0.068554 0.119062
2 0.609268 0.457499 0.037968 0.067499
2 0.647237 0.462187 0.029531 0.043124
2 0.714072 0.465468 0.069872 0.117187
4 0.882822 0.415077 0.233349 0.353905
2 0.909327 0.666562 0.180351 0.373124
