8 0.474234 0.285474 0.042020 0.048023
8 0.512253 0.283695 0.040019 0.044466
8 0.570281 0.287253 0.042020 0.048023
8 0.606299 0.296146 0.034016 0.033794
2 0.382589 0.345948 0.024011 0.019565
2 0.590291 0.339723 0.012005 0.014229
2 0.626809 0.355731 0.025012 0.028458
2 0.599796 0.354841 0.019009 0.026679
2 0.528761 0.327272 0.011005 0.021343
2 0.521757 0.334387 0.015007 0.024901
2 0.515754 0.340612 0.021010 0.030237
2 0.513253 0.353952 0.018008 0.028458
2 0.491742 0.377075 0.049024 0.071146
2 0.149698 0.415316 0.299397 0.320158
2 0.458026 0.363735 0.032015 0.033794
