8 0.803061 0.370780 0.018457 0.084374
0 0.573008 0.510234 0.011865 0.035156
0 0.174204 0.565312 0.021093 0.098437
2 0.377231 0.512577 0.007910 0.025781
2 0.368662 0.511405 0.011865 0.028124
2 0.358115 0.514921 0.011865 0.030468
2 0.348887 0.513749 0.014501 0.037499
2 0.335044 0.517265 0.015820 0.030468
2 0.483359 0.507890 0.017138 0.025781
2 0.584873 0.532499 0.038232 0.060937
2 0.613217 0.528984 0.036914 0.086718
2 0.662656 0.540702 0.106787 0.133593
2 0.758237 0.552421 0.139745 0.185156
4 0.506430 0.496171 0.029003 0.053906
4 0.539389 0.496171 0.055371 0.091406
2 0.435239 0.505546 0.010546 0.021093
2 0.391074 0.511405 0.025048 0.037499
2 0.423374 0.511405 0.023730 0.042187
2 0.459629 0.516093 0.038232 0.065624
2 0.258579 0.550077 0.155566 0.199218
4 0.098967 0.475077 0.197935 0.339843
4 0.892050 0.552421 0.214892 0.386718
