2 0.625956 0.553124 0.210937 0.226874
2 0.510468 0.479999 0.076992 0.106874
2 0.707167 0.511874 0.070664 0.133124
2 0.548964 0.471562 0.015820 0.033749
2 0.810527 0.485624 0.021093 0.024374
2 0.832675 0.490312 0.012656 0.022499
2 0.883564 0.487031 0.015820 0.026249
2 0.854296 0.489687 0.033749 0.024374
2 0.843749 0.487812 0.016874 0.020624
2 0.778183 0.482499 0.020039 0.022499
8 0.840886 0.294642 0.029531 0.022499
8 0.831394 0.333348 0.016874 0.028124
8 0.820847 0.353035 0.031640 0.037499
8 0.820320 0.385178 0.022148 0.018749
8 0.366880 0.392410 0.018984 0.037499
8 0.360024 0.347410 0.015820 0.018749
8 0.270376 0.327723 0.039023 0.073124
2 0.109687 0.355392 0.061171 0.027214
2 0.160839 0.366187 0.055898 0.016875
2 0.196171 0.378374 0.078046 0.063749
2 0.300585 0.386812 0.035859 0.031874
2 0.438749 0.394312 0.018984 0.016874
2 0.454042 0.397124 0.013710 0.018749
8 0.104414 0.091874 0.050624 0.067499
8 0.109160 0.043124 0.045351 0.022499
