2 0.026376 0.682111 0.052753 0.172392
2 0.766375 0.680897 0.372858 0.354496
2 0.090995 0.637192 0.095604 0.131115
2 0.153821 0.626265 0.062826 0.080125
2 0.203672 0.616553 0.042339 0.070413
2 0.246011 0.604413 0.045070 0.065557
2 0.600432 0.608055 0.185746 0.218525
2 0.500047 0.598343 0.096970 0.160251
2 0.440635 0.586202 0.065557 0.087410
2 0.404442 0.583774 0.023218 0.048561
2 0.330690 0.635978 0.105165 0.143255
8 0.453610 0.416238 0.031413 0.053417
8 0.457708 0.462371 0.020486 0.024280
8 0.490486 0.427165 0.012292 0.026708
8 0.491852 0.455087 0.012292 0.019424
2 0.375093 0.582763 0.016699 0.029687
