2 0.050797 0.497847 0.101594 0.101020
2 0.136894 0.497082 0.056824 0.047449
2 0.310379 0.477949 0.035299 0.030612
2 0.408960 0.471827 0.025829 0.021428
2 0.427901 0.466470 0.015497 0.016836
2 0.470089 0.492490 0.065433 0.096428
2 0.437803 0.477949 0.019802 0.064285
2 0.492905 0.462643 0.018080 0.030612
2 0.535092 0.470296 0.024968 0.042857
4 0.516581 0.449633 0.030994 0.065816
7 0.403364 0.416725 0.006026 0.015306
8 0.365481 0.419786 0.012914 0.024489
3 0.262134 0.466016 0.105540 0.071694
3 0.347510 0.461440 0.041186 0.056440
2 0.384406 0.469067 0.012012 0.019830
