8 0.171763 0.446938 0.007748 0.009183
8 0.170472 0.430867 0.008609 0.016836
8 0.184678 0.432398 0.018080 0.016836
8 0.309088 0.423214 0.006887 0.010714
8 0.315545 0.436989 0.019802 0.013775
8 0.225143 0.433673 0.007748 0.009183
8 0.233322 0.440561 0.006887 0.010714
8 0.243223 0.431377 0.018080 0.010714
8 0.269483 0.423724 0.010331 0.007653
8 0.352136 0.455510 0.006887 0.009183
8 0.350845 0.444030 0.007748 0.007653
2 0.252694 0.475102 0.009470 0.027551
2 0.322433 0.470510 0.006026 0.018367
2 0.333625 0.472041 0.018080 0.024489
2 0.235905 0.480459 0.013775 0.038265
2 0.215242 0.484285 0.039604 0.055102
2 0.170472 0.501887 0.068877 0.081122
2 0.073981 0.556596 0.147225 0.215816
2 0.291868 0.515051 0.086096 0.108673
2 0.287707 0.453061 0.057684 0.012244
3 0.391256 0.440051 0.055963 0.277040
3 0.668738 0.368064 0.499362 0.633673
8 0.349984 0.426122 0.007748 0.015306
