8 0.100898 0.157031 0.087890 0.073437
8 0.022324 0.136194 0.044648 0.071361
2 0.042890 0.291406 0.056249 0.039062
2 0.092988 0.297656 0.040429 0.026562
4 0.229218 0.319531 0.028124 0.045312
4 0.187910 0.306249 0.033398 0.037499
2 0.385224 0.369531 0.027246 0.045312
2 0.348749 0.378124 0.042187 0.096874
8 0.506953 0.352343 0.012304 0.020312
8 0.493769 0.354687 0.012304 0.021874
2 0.444550 0.412499 0.091406 0.156249
4 0.578583 0.409374 0.143261 0.162499
4 0.270527 0.387499 0.131835 0.168749
2 0.918720 0.551562 0.160839 0.353124
