7 0.397234 0.447111 0.004874 0.013863
7 0.436713 0.448844 0.003899 0.017329
7 0.432327 0.467907 0.006823 0.013863
2 0.399573 0.485132 0.023590 0.030983
2 0.372399 0.484266 0.027249 0.032716
2 0.320711 0.490436 0.048740 0.055455
2 0.280744 0.497368 0.027294 0.031193
2 0.211045 0.506033 0.028269 0.048523
2 0.176927 0.506900 0.047765 0.064120
2 0.119901 0.514698 0.077984 0.072785
2 0.435251 0.487837 0.030219 0.029460
2 0.457672 0.478305 0.014622 0.020795
2 0.481067 0.482788 0.014622 0.026296
2 0.502513 0.486104 0.028269 0.036392
2 0.538093 0.487837 0.040941 0.050256
0 0.698149 0.480038 0.012071 0.065853
8 0.484966 0.453177 0.008773 0.019062
