8 0.368249 0.252344 0.027315 0.026708
8 0.398296 0.254772 0.035510 0.026708
8 0.471366 0.266913 0.023218 0.016996
8 0.564239 0.271769 0.015023 0.036420
8 0.528728 0.286337 0.006828 0.021852
8 0.435172 0.287551 0.008194 0.019424
2 0.239182 0.304548 0.017755 0.029136
2 0.283570 0.299691 0.021852 0.019424
2 0.329324 0.297263 0.020486 0.024280
2 0.370298 0.298477 0.015023 0.021852
2 0.382590 0.297263 0.015023 0.019424
2 0.312935 0.294835 0.009560 0.024280
2 0.211867 0.303333 0.036876 0.031564
2 0.261035 0.298477 0.020486 0.031564
2 0.300643 0.299691 0.017755 0.024280
2 0.353225 0.300905 0.027315 0.036420
2 0.398979 0.297263 0.017755 0.033992
2 0.473414 0.298477 0.016389 0.021852
2 0.452927 0.298477 0.013657 0.021852
2 0.113530 0.310618 0.083312 0.065557
