2 0.341833 0.447620 0.013765 0.018353
2 0.255801 0.475151 0.039001 0.101963
2 0.184681 0.485347 0.144533 0.134592
2 0.449660 0.457817 0.027530 0.026510
2 0.523647 0.470052 0.035559 0.046903
2 0.562763 0.475762 0.052766 0.063217
2 0.634456 0.480860 0.090620 0.097885
8 0.454936 0.382160 0.011470 0.016314
8 0.483040 0.406631 0.010323 0.004078
8 0.512864 0.404592 0.010323 0.008157
8 0.225977 0.395619 0.013765 0.024471
8 0.252933 0.378795 0.014912 0.008157
7 0.321185 0.370638 0.006882 0.020392
2 0.357129 0.446502 0.014426 0.016321
2 0.372211 0.445336 0.013115 0.013989
2 0.384015 0.444170 0.010492 0.016321
7 0.421394 0.377720 0.006557 0.018652
