8 0.498242 0.123307 0.175792 0.136063
7 0.706921 0.188149 0.011958 0.061653
7 0.715292 0.183897 0.009566 0.053149
7 0.328429 0.294448 0.017937 0.040393
8 0.381645 0.244488 0.016742 0.034015
8 0.378656 0.311456 0.025113 0.065905
8 0.375068 0.352913 0.025113 0.021259
8 0.349955 0.416693 0.025113 0.046771
8 0.480902 0.351850 0.007175 0.023385
2 0.532758 0.452834 0.022721 0.042519
2 0.576407 0.462401 0.102844 0.104173
7 0.811754 0.408189 0.021525 0.034015
8 0.814145 0.338031 0.023917 0.012755
8 0.795012 0.368858 0.014350 0.014881
2 0.953464 0.543189 0.089689 0.099921
2 0.494057 0.742819 0.011958 0.0
8 0.365680 0.053727 0.049433 0.107455
