2 0.563793 0.446656 0.010520 0.028904
2 0.569053 0.450907 0.011476 0.034005
2 0.576226 0.452607 0.012433 0.044206
2 0.592006 0.464509 0.024866 0.051007
2 0.607309 0.468759 0.026778 0.073110
2 0.636957 0.478961 0.065034 0.103715
2 0.659910 0.500214 0.059296 0.115617
2 0.706295 0.512966 0.092770 0.192128
2 0.518268 0.443765 0.012433 0.017002
2 0.474753 0.447166 0.009563 0.027204
2 0.461363 0.446316 0.021040 0.032304
2 0.448452 0.449716 0.014345 0.035705
2 0.358551 0.449716 0.039212 0.086712
2 0.331772 0.461618 0.044950 0.086712
2 0.262434 0.454817 0.091813 0.134319
2 0.174541 0.476070 0.106159 0.129219
2 0.060730 0.496303 0.121461 0.158123
2 0.860083 0.593898 0.276397 0.348551
2 0.409335 0.465019 0.063121 0.093513
2 0.496845 0.447166 0.031560 0.040806
2 0.539883 0.453967 0.035386 0.054408
7 0.549925 0.394458 0.005738 0.020403
7 0.509278 0.387657 0.006694 0.020403
7 0.527928 0.414011 0.005738 0.015302
8 0.579095 0.394458 0.006694 0.013602
8 0.578617 0.414861 0.007651 0.017002
8 0.583877 0.412311 0.004781 0.018702
8 0.463372 0.407720 0.008607 0.006801
