2 0.362504 0.440047 0.020393 0.029857
2 0.337912 0.443246 0.031190 0.036255
2 0.150167 0.461374 0.082775 0.085307
8 0.189756 0.392061 0.013196 0.027725
2 0.520857 0.460307 0.152354 0.249525
2 0.641422 0.422985 0.026392 0.029857
2 0.681010 0.421919 0.047985 0.031990
2 0.742192 0.416587 0.086374 0.072511
2 0.800974 0.413388 0.052784 0.053317
2 0.831565 0.413388 0.068379 0.087440
2 0.866355 0.410189 0.092372 0.102369
2 0.902344 0.404857 0.097171 0.125829
2 0.956270 0.424051 0.087458 0.113033
2 0.932935 0.397393 0.129561 0.127962
