7 0.246621 0.272430 0.009004 0.037351
7 0.253625 0.273320 0.011005 0.035573
7 0.239618 0.269762 0.011005 0.032015
7 0.376686 0.309782 0.009004 0.030237
7 0.611635 0.296442 0.012005 0.017786
7 0.553606 0.298221 0.010004 0.021343
7 0.568614 0.386264 0.014006 0.019565
7 0.444219 0.390711 0.018008 0.021343
7 0.060029 0.374703 0.016007 0.024901
8 0.336066 0.387747 0.013006 0.028458
8 0.426610 0.330830 0.042020 0.021343
8 0.118958 0.370849 0.021010 0.016007
2 0.651089 0.458639 0.118058 0.131620
2 0.877201 0.486208 0.244120 0.218774
