8 0.369452 0.275545 0.040941 0.024261
8 0.420142 0.355263 0.019496 0.048523
8 0.460596 0.110044 0.090657 0.032926
8 0.353367 0.217490 0.026319 0.022528
8 0.540043 0.048523 0.015596 0.076251
8 0.833948 0.362195 0.022420 0.048523
8 0.778871 0.364794 0.021445 0.036392
8 0.602431 0.395988 0.019496 0.008664
8 0.598044 0.428915 0.008773 0.019062
8 0.472781 0.415051 0.009748 0.008664
8 0.476193 0.430648 0.006823 0.019062
7 0.604380 0.039858 0.021445 0.079717
7 0.858318 0.103979 0.018521 0.062387
7 0.629725 0.039858 0.023395 0.076251
7 0.366527 0.313671 0.013647 0.038125
7 0.523959 0.385590 0.006823 0.015596
2 0.098942 0.486104 0.195936 0.185430
2 0.330947 0.439313 0.112102 0.123042
2 0.370426 0.441046 0.060438 0.067586
2 0.405088 0.440179 0.034006 0.027727
2 0.167666 0.422849 0.035093 0.034659
2 0.674567 0.451444 0.089682 0.102246
2 0.928991 0.454043 0.140372 0.097047
2 0.528833 0.459242 0.022420 0.031193
2 0.567825 0.458376 0.020470 0.032926
2 0.495689 0.458376 0.018521 0.032926
2 0.620952 0.457509 0.015596 0.027727
2 0.588296 0.456643 0.014622 0.022528
2 0.544917 0.456643 0.005848 0.019062
2 0.429037 0.445146 0.014040 0.024961
8 0.659541 0.360901 0.018721 0.018721
8 0.751977 0.349460 0.011700 0.016640
8 0.752562 0.367142 0.019891 0.018721
