8 0.483065 0.437982 0.008111 0.027732
8 0.408500 0.444638 0.006239 0.012202
2 0.403196 0.473664 0.013103 0.022185
2 0.389781 0.477547 0.013727 0.038824
2 0.460914 0.476437 0.012479 0.032169
2 0.471209 0.476992 0.014351 0.039934
2 0.485249 0.483093 0.019967 0.049917
2 0.505528 0.489194 0.031822 0.066557
2 0.556070 0.512489 0.086732 0.097617
2 0.368254 0.486791 0.038062 0.052136
5 0.170455 0.539482 0.046797 0.075431
2 0.780804 0.589030 0.273300 0.244042
0 0.235036 0.479211 0.019967 0.079868
0 0.191982 0.467008 0.021215 0.059901
