8 0.762103 0.146226 0.028846 0.062371
8 0.708697 0.315323 0.015592 0.020790
8 0.573429 0.345816 0.011694 0.015246
8 0.553548 0.357597 0.014033 0.022176
8 0.264299 0.398485 0.012474 0.009702
8 0.589411 0.366606 0.009355 0.009702
7 0.349671 0.354825 0.005457 0.022176
7 0.483770 0.356211 0.005457 0.022176
7 0.342654 0.354825 0.003898 0.019404
7 0.477532 0.356904 0.003898 0.018018
7 0.312637 0.418583 0.006237 0.013860
7 0.267028 0.350667 0.003898 0.022176
7 0.260401 0.355518 0.003118 0.023562
8 0.212843 0.381853 0.004677 0.012474
8 0.349281 0.408187 0.010915 0.018018
0 0.012474 0.469866 0.021830 0.074845
0 0.290028 0.444224 0.007796 0.020790
0 0.342654 0.441452 0.007016 0.015246
0 0.353179 0.440066 0.006237 0.020790
0 0.800306 0.425513 0.017931 0.044353
0 0.776137 0.415810 0.017931 0.044353
0 0.597208 0.432443 0.007796 0.016632
0 0.058863 0.478182 0.013253 0.060985
1 0.509108 0.459471 0.032745 0.103952
5 0.508718 0.483726 0.024169 0.080390
2 0.007406 0.519070 0.014813 0.103952
2 0.925829 0.593223 0.147352 0.199589
2 0.126692 0.487191 0.111489 0.103952
2 0.227656 0.471945 0.057693 0.065143
2 0.270147 0.456005 0.030406 0.030492
2 0.463499 0.464322 0.050676 0.074845
2 0.761323 0.514912 0.186335 0.164938
2 0.669325 0.464322 0.086540 0.080390
2 0.628004 0.448382 0.069388 0.084548
2 0.576547 0.454619 0.045999 0.049897
2 0.558226 0.442145 0.032745 0.041581
2 0.527430 0.439373 0.021050 0.033264
2 0.413991 0.452540 0.049897 0.081776
2 0.386314 0.435908 0.035084 0.070687
2 0.449075 0.429671 0.024948 0.036036
2 0.466228 0.422048 0.018711 0.018018
