2 0.077984 0.551091 0.154019 0.339666
0 0.198860 0.512965 0.015596 0.058921
0 0.259786 0.505167 0.008773 0.057188
0 0.250525 0.506033 0.009748 0.048523
0 0.515185 0.490436 0.012672 0.051989
0 0.695037 0.476572 0.015596 0.072785
0 0.657020 0.478305 0.013647 0.062387
0 0.628263 0.478305 0.014622 0.062387
0 0.639961 0.478305 0.008773 0.062387
0 0.606330 0.480038 0.009748 0.055455
8 0.442075 0.332734 0.026319 0.020795
8 0.450848 0.382991 0.016571 0.010397
8 0.441587 0.397721 0.013647 0.008664
8 0.433789 0.376059 0.015596 0.010397
8 0.934840 0.283344 0.031193 0.019062
8 0.916806 0.324935 0.028269 0.022528
8 0.598044 0.356996 0.020470 0.041591
7 0.333871 0.226155 0.012672 0.060654
7 0.582447 0.271213 0.008773 0.057188
7 0.723307 0.214890 0.009748 0.055455
7 0.915831 0.229621 0.006823 0.060654
2 0.196423 0.516431 0.075060 0.058921
2 0.378712 0.517298 0.153044 0.202760
2 0.302190 0.515565 0.011697 0.036392
0 0.477655 0.488703 0.013647 0.041591
7 0.412831 0.307606 0.010722 0.053722
2 0.956286 0.633408 0.085783 0.296341
2 0.862217 0.537227 0.254424 0.221822
2 0.986992 0.467907 0.022420 0.045057
2 0.720870 0.473973 0.078959 0.057188
2 0.772047 0.457509 0.035093 0.041591
2 0.679441 0.475706 0.027294 0.050256
7 0.002924 0.243485 0.003899 0.064120
