0 0.064848 0.372150 0.056914 0.286909
0 0.150219 0.374922 0.048338 0.217607
0 0.359164 0.381853 0.026507 0.115041
0 0.515483 0.373536 0.017931 0.062371
0 0.695711 0.378387 0.012474 0.047125
0 0.706626 0.383239 0.010915 0.048511
0 0.715202 0.380467 0.007796 0.031878
2 0.563821 0.422048 0.113048 0.170482
2 0.439078 0.396406 0.038202 0.030492
2 0.648933 0.389014 0.096676 0.121971
2 0.826692 0.411190 0.056134 0.049897
2 0.758213 0.412345 0.083422 0.106724
2 0.887894 0.535934 0.223758 0.449075
8 0.302250 0.177412 0.021830 0.049897
