1 0.405520 0.460109 0.021445 0.098780
5 0.406007 0.480038 0.018521 0.072785
8 0.039479 0.200160 0.043866 0.050256
8 0.919731 0.331001 0.014622 0.017329
8 0.362628 0.373459 0.013647 0.008664
8 0.378225 0.363928 0.011697 0.013863
7 0.525908 0.376059 0.004874 0.017329
4 0.233466 0.519897 0.199835 0.242618
2 0.307551 0.471373 0.094556 0.180231
2 0.349468 0.475706 0.024370 0.102246
2 0.371889 0.467907 0.026319 0.072785
2 0.381149 0.450577 0.015596 0.041591
2 0.380175 0.433247 0.031193 0.045057
2 0.429890 0.448844 0.021445 0.020795
2 0.489353 0.449711 0.021445 0.029460
3 0.599019 0.429781 0.100405 0.145571
2 0.521034 0.448844 0.016571 0.017329
2 0.458647 0.447111 0.012672 0.020795
2 0.932891 0.486970 0.130624 0.124775
2 0.838822 0.472240 0.112102 0.102246
2 0.762787 0.467907 0.082858 0.083183
2 0.707223 0.459242 0.065312 0.072785
2 0.667743 0.457509 0.035093 0.048523
2 0.508849 0.447111 0.007798 0.020795
2 0.447924 0.446245 0.006823 0.019062
