2 0.514698 0.558889 0.144271 0.223555
2 0.399671 0.467041 0.037042 0.053722
2 0.413805 0.457509 0.020470 0.048523
2 0.422579 0.448844 0.020470 0.038125
2 0.432814 0.435847 0.019496 0.032926
2 0.722332 0.498235 0.079934 0.064120
2 0.744753 0.497368 0.081883 0.069319
2 0.825662 0.499101 0.155969 0.103979
2 0.947025 0.493902 0.092606 0.062387
2 0.977244 0.509499 0.041916 0.083183
0 0.270021 0.480038 0.019496 0.086649
0 0.565875 0.467907 0.010722 0.055455
7 0.647759 0.423716 0.014622 0.022528
7 0.620952 0.159435 0.015596 0.072785
7 0.640936 0.153369 0.016571 0.074518
7 0.779358 0.379525 0.026319 0.034659
8 0.791056 0.322336 0.016571 0.024261
8 0.176440 0.347464 0.019496 0.012130
7 0.145246 0.294608 0.011697 0.038125
7 0.221281 0.241752 0.017546 0.050256
2 0.477655 0.441912 0.029244 0.027727
8 0.717458 0.432381 0.015596 0.022528
0 0.796953 0.522000 0.034246 0.142941
