7 0.467267 0.359076 0.006992 0.024861
2 0.537191 0.410043 0.018180 0.027348
3 0.488943 0.381452 0.022375 0.029834
2 0.474259 0.419988 0.020977 0.062154
2 0.450485 0.408800 0.034962 0.054696
2 0.407132 0.433662 0.062931 0.119337
2 0.165894 0.458524 0.170614 0.164088
2 0.309938 0.461010 0.145441 0.188950
2 0.506424 0.442363 0.068525 0.091988
2 0.571454 0.412529 0.030766 0.042265
2 0.587536 0.423717 0.015383 0.044751
2 0.607115 0.428689 0.040555 0.064640
2 0.621100 0.436148 0.029368 0.059668
2 0.651866 0.441120 0.065728 0.099447
8 0.628791 0.355347 0.019578 0.042265
2 0.723189 0.473441 0.135652 0.164088
5 0.832339 0.503970 0.034824 0.105809
0 0.876322 0.498303 0.044751 0.233701
8 0.873593 0.232265 0.032958 0.039843
