8 0.650791 0.316874 0.011865 0.032812
0 0.716709 0.361405 0.032958 0.112499
2 0.361411 0.402421 0.021093 0.049218
2 0.342295 0.393046 0.027685 0.082031
2 0.284946 0.388359 0.108105 0.152343
2 0.470176 0.386015 0.038232 0.053906
2 0.472153 0.400077 0.010546 0.053906
2 0.478745 0.403593 0.018457 0.065624
2 0.491269 0.396562 0.027685 0.079687
2 0.514341 0.404765 0.052734 0.114843
2 0.563779 0.416484 0.088330 0.152343
2 0.638266 0.442265 0.176660 0.194531
4 0.374595 0.361405 0.023730 0.018749
2 0.410849 0.446952 0.117333 0.175781
2 0.849204 0.483280 0.300585 0.548437
7 0.170783 0.298609 0.014081 0.060794
