2 0.182826 0.667376 0.050676 0.051283
2 0.223368 0.659753 0.028846 0.063757
2 0.255333 0.647279 0.047558 0.052669
2 0.293146 0.634804 0.031185 0.047125
2 0.320044 0.632725 0.022609 0.037422
2 0.330179 0.629260 0.013253 0.044353
2 0.342264 0.621637 0.010915 0.037422
2 0.352009 0.622330 0.014813 0.036036
2 0.360975 0.619789 0.010915 0.030954
2 0.366697 0.616324 0.014561 0.024024
2 0.376317 0.613090 0.006237 0.024948
2 0.382554 0.611704 0.007796 0.027720
2 0.421846 0.605466 0.022768 0.026334
2 0.443366 0.604080 0.020270 0.034650
2 0.460908 0.598536 0.007017 0.012474
7 0.017112 0.583521 0.011338 0.041581
7 0.028526 0.579396 0.009492 0.027786
2 0.520161 0.613321 0.039761 0.054055
7 0.678819 0.494815 0.007796 0.030492
7 0.666345 0.496201 0.007796 0.027720
8 0.658158 0.465708 0.021050 0.024948
8 0.665507 0.424358 0.015476 0.018018
0 0.688233 0.593289 0.019983 0.113684
2 0.396973 0.612828 0.016986 0.024868
7 0.050758 0.514243 0.019983 0.030197
2 0.930034 0.566644 0.139884 0.159868
