2 0.963110 0.428048 0.070186 0.110911
2 0.229567 0.438446 0.075060 0.079717
2 0.410394 0.362195 0.035093 0.045057
2 0.621927 0.404653 0.062387 0.081450
2 0.594632 0.386457 0.029244 0.062387
2 0.577086 0.355263 0.023395 0.038125
2 0.464008 0.346598 0.019496 0.020795
0 0.371889 0.356129 0.008773 0.032926
0 0.380175 0.352317 0.008968 0.035699
2 0.558954 0.346598 0.013647 0.017329
2 0.549206 0.346598 0.009748 0.017329
2 0.540433 0.348331 0.007798 0.010397
2 0.534584 0.350064 0.007798 0.013863
2 0.518012 0.345731 0.009748 0.012130
2 0.526786 0.346598 0.007798 0.017329
8 0.866064 0.279979 0.014813 0.055441
