2 0.838978 0.526986 0.318336 0.582711
2 0.506912 0.531562 0.313188 0.506440
2 0.111351 0.623087 0.220519 0.475932
2 0.678094 0.393511 0.065211 0.086949
2 0.640339 0.388172 0.029173 0.067118
0 0.376362 0.376670 0.012012 0.038135
0 0.324450 0.414806 0.012870 0.093050
0 0.312008 0.418619 0.013728 0.094576
0 0.234784 0.432348 0.032605 0.146440
0 0.278973 0.414806 0.014586 0.096101
0 0.287554 0.394975 0.007722 0.089999
0 0.293989 0.395738 0.013728 0.088474
0 0.282834 0.394975 0.012012 0.074745
0 0.269106 0.410992 0.010296 0.091525
0 0.245509 0.367518 0.011154 0.032033
0 0.235213 0.354551 0.009438 0.018305
0 0.255377 0.423958 0.025741 0.120508
0 0.210758 0.395738 0.017161 0.088474
0 0.198745 0.394212 0.013728 0.097627
0 0.182013 0.433874 0.026599 0.143389
0 0.164423 0.420907 0.017161 0.108305
0 0.149837 0.414806 0.025741 0.129660
0 0.126669 0.404890 0.020593 0.091525
0 0.115944 0.393450 0.040328 0.089999
0 0.033142 0.372094 0.030889 0.056440
0 0.014265 0.358365 0.027457 0.071694
8 0.067893 0.066246 0.076366 0.048813
8 0.062744 0.118874 0.038612 0.059491
7 0.025848 0.186755 0.050624 0.082372
8 0.034858 0.014818 0.066927 0.029636
8 0.345472 0.282857 0.024025 0.012203
7 0.332172 0.316852 0.023167 0.030508
8 0.347617 0.187518 0.024883 0.053389
7 0.520085 0.209091 0.007722 0.041186
7 0.994342 0.154176 0.007722 0.080847
7 0.987049 0.154176 0.012012 0.074745
8 0.409274 0.182941 0.016302 0.028983
8 0.676128 0.275229 0.014586 0.021355
7 0.666996 0.330145 0.003432 0.018305
