2 0.135985 0.575353 0.271971 0.388190
2 0.310963 0.512099 0.152070 0.213157
2 0.394309 0.480905 0.069211 0.133440
2 0.427940 0.476572 0.044841 0.100513
2 0.454260 0.478305 0.031193 0.083183
2 0.471806 0.474839 0.019496 0.065853
2 0.485454 0.476572 0.015596 0.045057
2 0.503000 0.461842 0.025345 0.032926
2 0.510311 0.450577 0.018521 0.031193
2 0.518597 0.446245 0.011697 0.029460
2 0.525421 0.448844 0.009748 0.020795
2 0.531757 0.443645 0.008773 0.020795
3 0.850032 0.478305 0.284643 0.398588
2 0.686264 0.478305 0.081883 0.124775
2 0.635574 0.494769 0.027294 0.039858
2 0.618515 0.468774 0.024370 0.025994
2 0.609254 0.459242 0.027294 0.038125
2 0.592195 0.451444 0.010722 0.022528
2 0.584397 0.448844 0.008773 0.017329
2 0.579523 0.441912 0.008773 0.017329
2 0.562951 0.449711 0.014622 0.022528
8 0.623389 0.421983 0.012672 0.022528
8 0.679928 0.408119 0.022420 0.022528
8 0.913882 0.290276 0.024370 0.025994
8 0.474244 0.397721 0.014622 0.012130
8 0.350058 0.370262 0.026911 0.049922
