2 0.107980 0.758854 0.215961 0.403336
2 0.949218 0.866965 0.099014 0.259188
2 0.838508 0.705492 0.317315 0.343737
2 0.209334 0.648665 0.298604 0.321560
2 0.364094 0.605697 0.106031 0.163552
2 0.415551 0.590451 0.054575 0.113654
2 0.442448 0.581442 0.033524 0.098408
2 0.463889 0.576591 0.028067 0.077618
2 0.484549 0.566195 0.019491 0.056827
2 0.496634 0.559265 0.017152 0.040195
2 0.655292 0.602925 0.139556 0.185728
2 0.587462 0.582828 0.045999 0.095636
2 0.569141 0.575205 0.029626 0.074845
2 0.553158 0.575205 0.022609 0.055441
2 0.545751 0.572433 0.018711 0.044353
8 0.820966 0.514219 0.032745 0.063757
