8 0.356292 0.269480 0.006823 0.019062
2 0.391385 0.332964 0.014622 0.021257
2 0.335333 0.335333 0.017546 0.032926
2 0.313888 0.337933 0.023395 0.031193
2 0.262223 0.343998 0.044841 0.046790
2 0.057604 0.370564 0.114846 0.124183
2 0.367989 0.329499 0.018521 0.028189
2 0.408444 0.330134 0.013647 0.019062
3 0.446949 0.315404 0.024370 0.041591
0 0.471319 0.328401 0.006823 0.029460
3 0.489554 0.307606 0.026892 0.081450
3 0.533707 0.305873 0.073110 0.133440
0 0.605355 0.328401 0.013647 0.053722
0 0.619490 0.327535 0.012672 0.058921
0 0.902184 0.342265 0.038017 0.105712
8 0.654096 0.126508 0.013647 0.034659
0 0.146221 0.332734 0.007798 0.048523
