8 0.099926 0.363775 0.040070 0.021428
8 0.199171 0.306377 0.024107 0.029081
8 0.280532 0.408928 0.033577 0.016836
8 0.462197 0.398979 0.011192 0.018367
8 0.576275 0.444132 0.022385 0.013775
8 0.442968 0.476530 0.028412 0.018367
7 0.448852 0.394898 0.013775 0.024489
7 0.263743 0.459949 0.013775 0.026020
7 0.690354 0.465051 0.012914 0.029081
7 0.618463 0.468877 0.012053 0.033673
7 0.532366 0.413775 0.012053 0.027551
2 0.483434 0.472449 0.011192 0.012244
2 0.511416 0.476275 0.010331 0.013775
2 0.715992 0.543927 0.048308 0.043977
2 0.731967 0.544132 0.049075 0.041326
2 0.768559 0.551020 0.077487 0.052040
2 0.832270 0.549810 0.051658 0.049783
2 0.326594 0.692347 0.032716 0.003061
2 0.322934 0.538828 0.044628 0.065889
2 0.068447 0.577551 0.136894 0.097959
2 0.953380 0.579592 0.089540 0.104081
2 0.432178 0.530351 0.036678 0.053559
2 0.519021 0.518112 0.021524 0.022959
2 0.361979 0.505883 0.020590 0.020498
2 0.395747 0.502955 0.018943 0.029284
2 0.841736 0.554202 0.054358 0.046854
2 0.763492 0.546149 0.064242 0.039533
2 0.797672 0.532971 0.028826 0.016106
0 0.849286 0.564452 0.015648 0.071746
