2 0.258288 0.625827 0.040231 0.039337
2 0.340260 0.599006 0.019110 0.017880
2 0.376971 0.593642 0.012069 0.017880
2 0.325676 0.613311 0.030173 0.028609
2 0.405134 0.584701 0.010057 0.014304
2 0.421226 0.594536 0.016092 0.019668
2 0.433296 0.585596 0.010057 0.016092
2 0.452406 0.576655 0.010057 0.012516
8 0.290473 0.505132 0.016092 0.012516
8 0.333219 0.500662 0.017098 0.014304
8 0.377474 0.486629 0.019110 0.022000
8 0.434805 0.478311 0.023133 0.016092
8 0.513257 0.557880 0.019110 0.014304
7 0.455423 0.559668 0.008046 0.017880
7 0.463470 0.566821 0.006034 0.014304
8 0.407145 0.482781 0.018104 0.032185
8 0.312098 0.501556 0.013075 0.030397
