0 0.510271 0.586392 0.062761 0.242556
0 0.669681 0.597827 0.047558 0.295918
0 0.952859 0.613420 0.084201 0.268891
0 0.513473 0.562434 0.049897 0.304334
0 0.718770 0.603767 0.067439 0.438284
0 0.798294 0.545059 0.019880 0.101873
0 0.844293 0.551989 0.027677 0.146226
0 0.885810 0.559958 0.028846 0.133059
0 0.982486 0.625251 0.033524 0.281662
8 0.031819 0.381209 0.028067 0.053362
8 0.043513 0.268643 0.014813 0.029799
8 0.261647 0.451996 0.024169 0.028413
8 0.261842 0.475905 0.022999 0.020790
8 0.367874 0.428087 0.030796 0.034650
8 0.336298 0.481449 0.005067 0.011088
8 0.690230 0.323491 0.021050 0.011781
8 0.678145 0.288147 0.029626 0.018711
8 0.988723 0.207955 0.021050 0.047818
7 0.216010 0.161027 0.015203 0.081083
7 0.512665 0.228597 0.012084 0.072073
7 0.688058 0.435512 0.010135 0.026334
7 0.414514 0.473282 0.003118 0.014553
7 0.376311 0.464965 0.003118 0.014553
7 0.198273 0.152711 0.011694 0.053362
2 0.380989 0.505705 0.005457 0.008316
2 0.389175 0.505359 0.007796 0.013167
2 0.403988 0.503626 0.007016 0.008316
2 0.453886 0.516447 0.017152 0.029799
2 0.463019 0.518526 0.013253 0.033957
2 0.338749 0.505804 0.014423 0.013860
2 0.365646 0.508923 0.010525 0.014553
2 0.397027 0.509269 0.012474 0.016632
2 0.433281 0.510655 0.011694 0.019404
2 0.479280 0.519664 0.024948 0.036036
4 0.414931 0.501745 0.017542 0.033264
