8 0.885937 0.263265 0.014636 0.018367
8 0.435650 0.215051 0.014636 0.022959
7 0.433498 0.261734 0.018941 0.073469
7 0.884646 0.310714 0.020663 0.067346
8 0.059837 0.032142 0.070599 0.064285
2 0.267618 0.551020 0.124840 0.061224
2 0.356728 0.551785 0.149808 0.071938
2 0.524617 0.556377 0.118813 0.068877
2 0.074760 0.576275 0.147225 0.197449
2 0.156122 0.534694 0.082653 0.067346
0 0.697385 0.581122 0.013775 0.052040
0 0.650893 0.582653 0.010331 0.048979
0 0.633243 0.581888 0.011192 0.041326
0 0.798764 0.602041 0.018510 0.075510
