2 0.894496 0.608559 0.209803 0.423000
2 0.866116 0.462708 0.077009 0.086649
2 0.755476 0.494769 0.169616 0.126508
2 0.613154 0.451444 0.025345 0.032926
2 0.645322 0.452310 0.037042 0.038125
2 0.544430 0.442779 0.024370 0.022528
2 0.503488 0.440179 0.022420 0.027727
2 0.426965 0.432381 0.017546 0.025994
2 0.394309 0.433247 0.012672 0.013863
2 0.408931 0.432381 0.016571 0.022528
2 0.321686 0.436713 0.046790 0.048523
2 0.278307 0.441046 0.038017 0.043324
2 0.235416 0.445378 0.055564 0.069319
2 0.160355 0.447978 0.110153 0.109178
2 0.052639 0.459242 0.105279 0.176765
2 0.450604 0.432381 0.015596 0.017329
2 0.467176 0.431514 0.017546 0.025994
8 0.561489 0.411585 0.007798 0.019062
2 0.371401 0.426315 0.015596 0.020795
