7 0.321185 0.272856 0.008645 0.033223
7 0.347122 0.267054 0.008645 0.034582
7 0.470646 0.267694 0.005763 0.019212
7 0.465603 0.268975 0.005763 0.024335
7 0.852135 0.345185 0.007204 0.023055
8 0.443269 0.263852 0.027377 0.037144
8 0.474609 0.268334 0.032421 0.035863
3 0.449226 0.317255 0.016904 0.013311
8 0.489739 0.315085 0.007925 0.014089
8 0.514595 0.326612 0.011527 0.024335
8 0.723171 0.349667 0.007204 0.014089
8 0.777927 0.366959 0.005763 0.015370
8 0.827999 0.360555 0.009366 0.020493
2 0.213907 0.339421 0.049712 0.043548
2 0.158071 0.338780 0.048991 0.067884
2 0.119525 0.338140 0.018011 0.046110
2 0.085303 0.331095 0.057637 0.057637
2 0.050000 0.317647 0.021614 0.020493
2 0.015994 0.304198 0.031988 0.014089
2 0.051297 0.349667 0.102594 0.084535
2 0.033285 0.382969 0.066571 0.125521
2 0.383650 0.315085 0.010807 0.015370
2 0.369240 0.319568 0.013688 0.019212
2 0.356272 0.312523 0.012247 0.015370
2 0.337179 0.309321 0.011527 0.016650
2 0.476230 0.342593 0.015850 0.021834
2 0.445610 0.346465 0.023775 0.029459
2 0.447051 0.424810 0.097263 0.135768
2 0.643451 0.523989 0.316286 0.357352
2 0.577277 0.324964 0.011025 0.010981
2 0.871480 0.391935 0.020173 0.028178
2 0.802675 0.380408 0.018011 0.020493
2 0.057877 0.538684 0.001440 0.012808
8 0.620384 0.220747 0.038686 0.043262
8 0.736911 0.311043 0.029950 0.028841
8 0.884481 0.272773 0.063021 0.076540
8 0.956175 0.278874 0.028702 0.064338
8 0.802990 0.318253 0.016847 0.032169
0 0.989308 0.393241 0.005615 0.027732
