8 0.202306 0.598343 0.023218 0.058273
8 0.354591 0.655402 0.016389 0.036420
8 0.452927 0.682111 0.016389 0.026708
8 0.453610 0.707605 0.012292 0.019424
8 0.545801 0.667542 0.010926 0.016996
8 0.547166 0.688181 0.008194 0.019424
8 0.536240 0.683325 0.010926 0.019424
8 0.430392 0.683325 0.006828 0.019424
8 0.428343 0.697893 0.016389 0.014568
8 0.767741 0.601985 0.039607 0.026708
8 0.778667 0.634764 0.017755 0.019424
8 0.648234 0.644476 0.024584 0.019424
2 0.492535 0.711247 0.021852 0.041277
2 0.013316 0.744200 0.025949 0.055845
2 0.044729 0.733273 0.053265 0.043705
2 0.122579 0.729631 0.025949 0.026708
2 0.157406 0.725989 0.027315 0.029136
2 0.240036 0.718705 0.017755 0.019424
2 0.214769 0.723561 0.021852 0.019424
2 0.980291 0.676214 0.020486 0.026708
2 0.954341 0.683498 0.015023 0.021852
2 0.934366 0.684192 0.020486 0.021852
2 0.917294 0.686620 0.016389 0.012140
2 0.898856 0.684192 0.015023 0.016996
2 0.882466 0.690262 0.012292 0.019424
2 0.868808 0.689048 0.012292 0.016996
2 0.305602 0.715725 0.039967 0.027727
2 0.268072 0.713992 0.027294 0.020795
