2 0.649390 0.424638 0.015302 0.018702
2 0.675212 0.425488 0.017215 0.020403
2 0.623089 0.430589 0.031560 0.034005
2 0.561402 0.449291 0.040168 0.040806
2 0.521711 0.446741 0.020084 0.052707
2 0.484890 0.446741 0.061209 0.076511
2 0.706773 0.441640 0.045906 0.056108
7 0.567618 0.343451 0.004781 0.013602
7 0.623089 0.377456 0.006694 0.013602
7 0.673300 0.342600 0.007651 0.018702
7 0.662779 0.377456 0.007651 0.013602
8 0.524102 0.345151 0.013389 0.023803
8 0.681429 0.397009 0.010520 0.018702
8 0.733552 0.372355 0.011476 0.010201
8 0.733552 0.346851 0.011476 0.010201
8 0.741682 0.364704 0.012433 0.008501
0 0.149197 0.482531 0.030604 0.115617
1 0.759184 0.440025 0.015302 0.030604
5 0.757749 0.462128 0.012433 0.040806
0 0.975328 0.457027 0.028691 0.071410
0 0.951669 0.450688 0.019629 0.126741
0 0.937551 0.450226 0.018171 0.105415
0 0.925596 0.412821 0.013389 0.051007
