7 0.821522 0.183472 0.017145 0.031039
7 0.505418 0.135637 0.013154 0.020409
7 0.615273 0.304787 0.008371 0.018015
2 0.608610 0.411226 0.132741 0.178582
2 0.562535 0.339519 0.023917 0.053149
2 0.533236 0.319322 0.015546 0.025511
2 0.547587 0.325700 0.015546 0.021259
2 0.517092 0.352275 0.033484 0.065905
2 0.674349 0.373535 0.022721 0.031889
2 0.704843 0.388417 0.043051 0.053149
2 0.737132 0.387354 0.023917 0.055275
2 0.792500 0.417726 0.120782 0.164610
2 0.457538 0.368007 0.105236 0.119480
2 0.198133 0.374714 0.395831 0.443115
2 0.910043 0.456326 0.178923 0.250127
0 0.384112 0.328464 0.011958 0.070157
0 0.392483 0.325275 0.009566 0.068031
0 0.401452 0.324212 0.008371 0.070157
0 0.701256 0.341220 0.009566 0.044645
7 0.409898 0.267505 0.010135 0.015246
8 0.490397 0.249347 0.010915 0.012474
8 0.534836 0.283998 0.009355 0.012474
8 0.525481 0.291622 0.006237 0.013860
7 0.570310 0.290236 0.005457 0.016632
