0 0.119503 0.443850 0.025741 0.044237
6 0.346886 0.493426 0.020593 0.067118
2 0.129682 0.603257 0.259365 0.283728
2 0.541664 0.591053 0.308898 0.411864
2 0.852707 0.602494 0.292595 0.273050
2 0.237914 0.507918 0.133855 0.160169
2 0.305271 0.504867 0.043760 0.102203
2 0.309990 0.491138 0.066927 0.102203
4 0.414243 0.452240 0.019735 0.039661
2 0.451568 0.445375 0.068644 0.077796
2 0.709841 0.521647 0.133855 0.224237
4 0.378634 0.436986 0.053199 0.125084
8 0.654497 0.356138 0.030031 0.045762
8 0.333586 0.357664 0.009438 0.021355
7 0.332299 0.401138 0.015444 0.025932
7 0.396653 0.363765 0.010296 0.021355
