8 0.535434 0.482109 0.023730 0.039843
8 0.471494 0.499687 0.043505 0.023437
8 0.705503 0.514921 0.021093 0.025781
2 0.727255 0.546562 0.035595 0.028124
2 0.652109 0.525468 0.025048 0.028124
2 0.627719 0.526640 0.026367 0.035156
2 0.604648 0.503202 0.019775 0.021093
2 0.580918 0.494999 0.014501 0.018749
2 0.565757 0.494999 0.015820 0.018749
2 0.551255 0.497343 0.010546 0.018749
2 0.428647 0.533671 0.015820 0.025781
2 0.447763 0.537187 0.025048 0.037499
2 0.292197 0.533671 0.030322 0.025781
2 0.309336 0.534843 0.014501 0.018749
2 0.061484 0.523124 0.072509 0.079687
2 0.124106 0.525468 0.102831 0.065624
2 0.410849 0.537187 0.019775 0.032812
2 0.476108 0.545390 0.039550 0.058593
2 0.359433 0.547733 0.083056 0.114843
2 0.184751 0.564140 0.134472 0.128906
