8 0.075190 0.354028 0.021593 0.068246
7 0.342710 0.347630 0.009597 0.012796
2 0.205951 0.416942 0.011996 0.019194
2 0.194554 0.423340 0.027591 0.036255
2 0.136371 0.419075 0.023992 0.031990
2 0.158565 0.432938 0.044386 0.051184
2 0.115378 0.434004 0.032390 0.036255
2 0.093184 0.457464 0.043187 0.049052
2 0.085986 0.429739 0.028791 0.031990
2 0.034595 0.421208 0.069191 0.074644
2 0.359505 0.393483 0.014395 0.031990
2 0.427885 0.430805 0.127162 0.247393
2 0.292925 0.540639 0.229131 0.330568
0 0.527371 0.361328 0.005848 0.032926
0 0.537606 0.361328 0.008773 0.025994
