7 0.397706 0.211271 0.007722 0.041186
7 0.810857 0.169322 0.012012 0.054915
7 0.209364 0.343220 0.013728 0.027457
7 0.797987 0.170084 0.012012 0.053389
7 0.219803 0.342259 0.009185 0.028586
8 0.212796 0.227288 0.017161 0.012203
8 0.225667 0.262372 0.027457 0.018305
8 0.320481 0.225762 0.050624 0.024406
8 0.341075 0.334067 0.016302 0.027457
8 0.775248 0.328728 0.016302 0.035084
8 0.849470 0.197542 0.058347 0.022881
8 0.884650 0.242542 0.027457 0.018305
8 0.878214 0.262372 0.009438 0.012203
7 0.899580 0.327203 0.017161 0.028983
2 0.569745 0.374491 0.012012 0.010677
2 0.577039 0.394321 0.012870 0.028983
2 0.640534 0.382881 0.033463 0.042711
2 0.666705 0.388220 0.027457 0.038135
2 0.736207 0.408813 0.049766 0.064067
2 0.796271 0.416440 0.075508 0.079322
2 0.483854 0.376016 0.007722 0.016779
2 0.477848 0.385169 0.012870 0.028983
2 0.466264 0.385932 0.018877 0.036610
2 0.443955 0.399660 0.044618 0.057966
2 0.394617 0.388220 0.030031 0.019830
2 0.353002 0.406525 0.032605 0.038135
2 0.313554 0.421056 0.049811 0.079401
4 0.464634 0.363813 0.021451 0.016779
2 0.514401 0.383643 0.014586 0.032033
2 0.501101 0.381355 0.015444 0.024406
2 0.396848 0.475932 0.136430 0.167796
2 0.608786 0.396610 0.043760 0.051864
2 0.544862 0.417203 0.065211 0.105254
2 0.683179 0.395694 0.041186 0.039661
2 0.026404 0.458342 0.050624 0.079322
0 0.150931 0.431694 0.018019 0.091525
0 0.280925 0.405762 0.012012 0.057966
0 0.074993 0.488135 0.041186 0.176949
0 0.770443 0.407288 0.019735 0.091525
0 0.250979 0.414915 0.016302 0.079322
0 0.831880 0.404237 0.014586 0.076271
0 0.953684 0.386718 0.020668 0.061239
