7 0.193450 0.213341 0.014426 0.067616
7 0.418771 0.321761 0.009180 0.037305
7 0.471887 0.320595 0.007869 0.034974
7 0.377457 0.401036 0.005246 0.023316
7 0.422705 0.418523 0.003934 0.020984
7 0.445657 0.418523 0.005246 0.020984
7 0.112791 0.227331 0.015738 0.067616
7 0.086560 0.310103 0.015738 0.041968
7 0.207221 0.221502 0.013115 0.065284
7 0.576416 0.287953 0.011803 0.039637
7 0.630189 0.404533 0.011803 0.020984
8 0.152793 0.256476 0.043280 0.027979
8 0.788753 0.389378 0.018361 0.046632
8 0.789409 0.438341 0.017049 0.046632
8 0.016394 0.427849 0.019672 0.011658
8 0.018361 0.451165 0.010492 0.025647
7 0.134431 0.443005 0.019672 0.018652
2 0.206696 0.482642 0.073445 0.041968
2 0.261125 0.472150 0.040657 0.034974
2 0.414443 0.468652 0.020984 0.027979
2 0.424935 0.476813 0.013115 0.020984
2 0.492478 0.469818 0.019672 0.020984
2 0.496413 0.488471 0.027542 0.039637
2 0.512807 0.496632 0.031476 0.041968
2 0.523955 0.508290 0.027542 0.055958
2 0.071478 0.495466 0.106233 0.067616
2 0.201975 0.514119 0.052461 0.053626
2 0.385195 0.488471 0.053772 0.076943
2 0.459953 0.523445 0.080003 0.118911
2 0.560678 0.509455 0.069511 0.095595
2 0.687240 0.537435 0.167875 0.202849
