7 0.491069 0.288885 0.006100 0.020567
7 0.430698 0.274861 0.007362 0.018698
2 0.450576 0.364612 0.025242 0.033656
2 0.472663 0.343109 0.023138 0.024307
2 0.470034 0.364612 0.028397 0.044875
2 0.421653 0.368351 0.022087 0.022437
2 0.557856 0.367417 0.023138 0.043005
2 0.584676 0.382375 0.041018 0.072922
7 0.576262 0.291689 0.007362 0.014958
7 0.611496 0.299169 0.006310 0.018698
2 0.710152 0.393594 0.027345 0.050484
2 0.740653 0.398268 0.048381 0.059833
2 0.781672 0.409487 0.067313 0.074792
0 0.368644 0.337500 0.017880 0.031786
0 0.420180 0.352458 0.009465 0.024307
0 0.195102 0.359002 0.019983 0.119667
0 0.189317 0.376766 0.025242 0.121537
8 0.466773 0.291689 0.023138 0.014958
8 0.635477 0.307583 0.023138 0.013088
8 0.668082 0.324411 0.008414 0.009349
8 0.657564 0.340304 0.006310 0.014958
8 0.440690 0.314127 0.010517 0.007479
2 0.447526 0.328151 0.007362 0.020567
2 0.381686 0.378635 0.055743 0.072922
2 0.670080 0.399841 0.062054 0.074003
2 0.517706 0.442956 0.134679 0.194085
5 0.252423 0.380505 0.035760 0.080401
0 0.925203 0.421329 0.018931 0.071052
2 0.977266 0.538504 0.045225 0.157063
8 0.709100 0.340304 0.008414 0.029916
8 0.808492 0.320671 0.011569 0.024307
8 0.798501 0.316932 0.010517 0.016828
0 0.153262 0.363288 0.026489 0.107641
