7 0.804576 0.195918 0.015497 0.055102
7 0.640131 0.238775 0.008609 0.039795
8 0.315749 0.251326 0.018941 0.024489
7 0.311014 0.281938 0.009470 0.030612
8 0.315749 0.307959 0.022385 0.012244
8 0.313597 0.343163 0.012914 0.033673
7 0.722127 0.351581 0.015497 0.022959
7 0.648514 0.242142 0.011192 0.039795
8 0.211572 0.288826 0.030994 0.019897
7 0.203823 0.328622 0.020663 0.035204
8 0.813304 0.232193 0.021524 0.019897
8 0.817178 0.249796 0.030994 0.021428
0 0.627334 0.415867 0.011192 0.044387
0 0.674688 0.409745 0.011192 0.053571
0 0.695351 0.408214 0.016358 0.062755
4 0.548986 0.391377 0.021524 0.050510
2 0.094911 0.442653 0.112787 0.085714
2 0.416483 0.410510 0.020663 0.042857
2 0.400985 0.405153 0.024107 0.053571
2 0.505163 0.408214 0.015497 0.035204
2 0.529270 0.402857 0.029272 0.058163
2 0.014523 0.444183 0.029046 0.073469
2 0.237832 0.499285 0.214381 0.229591
2 0.382044 0.418928 0.036160 0.053571
2 0.467711 0.440357 0.081792 0.130102
2 0.568444 0.419694 0.061128 0.097959
2 0.864844 0.439812 0.266039 0.653571
