0 0.012084 0.494121 0.024169 0.126129
3 0.053636 0.471102 0.104153 0.102267
4 0.183216 0.465708 0.076405 0.085934
2 0.399958 0.484419 0.053015 0.073459
2 0.477143 0.487191 0.040541 0.045739
2 0.578496 0.476796 0.070168 0.099794
2 0.520803 0.476103 0.023389 0.034650
2 0.964811 0.490656 0.069388 0.066529
2 0.913744 0.510061 0.129421 0.080390
2 0.637360 0.479568 0.047558 0.063757
2 0.346552 0.478182 0.019491 0.019404
2 0.364094 0.476103 0.015592 0.020790
7 0.393331 0.321560 0.008576 0.044353
7 0.610852 0.328817 0.008576 0.042234
8 0.677511 0.394327 0.014033 0.037422
8 0.484159 0.443531 0.009355 0.011088
2 0.433942 0.473388 0.034971 0.058618
