7 0.591708 0.441119 0.005028 0.026821
7 0.466487 0.453635 0.006034 0.019668
7 0.101384 0.448271 0.024139 0.033973
7 0.079256 0.442907 0.020115 0.033973
7 0.392058 0.489397 0.006034 0.016092
7 0.394070 0.503701 0.008046 0.012516
8 0.771746 0.460788 0.013075 0.016092
8 0.388035 0.443801 0.010057 0.021456
2 0.532870 0.522476 0.010057 0.021456
2 0.525326 0.529629 0.013075 0.021456
2 0.569078 0.521582 0.012069 0.016092
2 0.572095 0.535887 0.010057 0.019668
2 0.551477 0.534993 0.019110 0.035761
2 0.508730 0.535887 0.026150 0.037549
2 0.595732 0.545721 0.037214 0.057218
3 0.483586 0.524264 0.022127 0.042913
3 0.440336 0.529629 0.064370 0.078675
2 0.666640 0.570754 0.116672 0.146622
0 0.727994 0.526946 0.012069 0.026821
0 0.760179 0.532311 0.012069 0.041125
0 0.745595 0.526946 0.011063 0.033973
0 0.777781 0.534993 0.015086 0.039337
0 0.902499 0.551086 0.027156 0.121589
0 0.399099 0.543039 0.008046 0.030397
0 0.364399 0.541251 0.011063 0.044701
0 0.345792 0.546615 0.008046 0.030397
0 0.304051 0.543933 0.011063 0.060794
0 0.291982 0.529629 0.013075 0.035761
0 0.257785 0.543039 0.015086 0.069735
0 0.240183 0.550192 0.012069 0.069735
0 0.225096 0.545721 0.016092 0.075099
