7 0.498786 0.224068 0.010443 0.048945
7 0.247679 0.278920 0.007594 0.043881
7 0.576634 0.314363 0.006645 0.033755
7 0.240084 0.281452 0.007594 0.035443
7 0.255274 0.282295 0.007594 0.033755
7 0.510653 0.223224 0.007594 0.043881
7 0.486919 0.222380 0.007594 0.038818
7 0.671571 0.344743 0.023734 0.027004
7 0.166508 0.388625 0.008544 0.016877
7 0.175527 0.389468 0.009493 0.018565
8 0.211639 0.294110 0.041844 0.016877
8 0.199261 0.315207 0.013291 0.011814
8 0.570463 0.221536 0.075949 0.020253
8 0.587552 0.336304 0.022784 0.010126
2 0.246729 0.440101 0.026582 0.032067
2 0.516824 0.432506 0.061708 0.067510
2 0.512077 0.465418 0.050316 0.102953
2 0.588501 0.447696 0.070253 0.060759
2 0.177426 0.456135 0.129113 0.077637
2 0.940716 0.438414 0.060759 0.059071
2 0.888501 0.440101 0.153797 0.059071
2 0.632647 0.473013 0.090189 0.104641
2 0.742299 0.413941 0.062658 0.020253
4 0.616033 0.405502 0.079746 0.033755
2 0.979764 0.438864 0.026582 0.062447
2 0.943214 0.615235 0.111075 0.229535
2 0.041790 0.486121 0.081645 0.102953
2 0.369796 0.584012 0.325632 0.437130
2 0.739100 0.502155 0.194620 0.172151
