7 0.210220 0.201785 0.024968 0.071938
7 0.521460 0.223214 0.018941 0.081122
7 0.440529 0.456632 0.008609 0.009183
7 0.432780 0.460459 0.006887 0.010714
7 0.820934 0.446938 0.022385 0.038265
7 0.789509 0.442347 0.006887 0.041326
8 0.802854 0.228061 0.053380 0.053571
8 0.823948 0.335969 0.047353 0.027551
8 0.788648 0.317602 0.012914 0.015306
8 0.794244 0.365051 0.029272 0.027551
8 0.797688 0.398724 0.046492 0.030612
8 0.277662 0.375000 0.012914 0.026020
8 0.275510 0.417857 0.012053 0.010714
8 0.269483 0.404081 0.008609 0.007653
8 0.147225 0.361989 0.020663 0.012244
7 0.141199 0.392602 0.010331 0.015306
2 0.350845 0.472385 0.016358 0.020280
2 0.398485 0.487500 0.035299 0.047449
2 0.451578 0.488265 0.024968 0.039795
2 0.484080 0.494387 0.020232 0.030612
8 0.506680 0.460714 0.012053 0.009183
2 0.306935 0.465688 0.069738 0.058163
2 0.368925 0.474872 0.023246 0.024489
2 0.420583 0.487117 0.012914 0.021428
2 0.431776 0.486352 0.011192 0.019897
8 0.510555 0.448086 0.010331 0.007653
7 0.343957 0.446173 0.009470 0.010714
7 0.392171 0.450765 0.007748 0.010714
2 0.111987 0.462682 0.081792 0.055102
2 0.211306 0.439067 0.022385 0.024489
2 0.182033 0.434475 0.022385 0.030612
