2 0.451439 0.554882 0.010762 0.017007
2 0.461006 0.552756 0.010762 0.017007
2 0.471769 0.550630 0.010762 0.017007
2 0.484325 0.544252 0.011958 0.025511
2 0.496882 0.541063 0.015546 0.027637
2 0.505253 0.537874 0.015546 0.038267
2 0.519603 0.532559 0.017937 0.044645
2 0.535150 0.528307 0.022721 0.048897
2 0.544119 0.529370 0.021525 0.046771
2 0.569830 0.528307 0.044247 0.057401
0 0.688221 0.464527 0.015546 0.019133
0 0.730674 0.471968 0.014350 0.038267
0 0.741437 0.468779 0.011958 0.040393
0 0.756983 0.461338 0.014350 0.042519
0 0.608098 0.528307 0.017937 0.095669
0 0.937439 0.448582 0.022721 0.097795
0 0.858512 0.465590 0.020329 0.080787
2 0.588844 0.499606 0.026309 0.025511
2 0.609772 0.505984 0.049030 0.042519
2 0.657009 0.516614 0.150679 0.093543
2 0.798719 0.483661 0.127957 0.082913
4 0.364141 0.545315 0.029896 0.074409
2 0.406594 0.544252 0.062185 0.110551
2 0.727565 0.474094 0.057401 0.034015
