7 0.645768 0.432532 0.010990 0.026644
7 0.635277 0.430756 0.005995 0.026644
7 0.787152 0.402335 0.007993 0.026644
7 0.799142 0.402335 0.007993 0.030197
8 0.824121 0.394342 0.009991 0.024868
8 0.552844 0.429868 0.020982 0.014210
8 0.592312 0.439638 0.013988 0.012434
8 0.594310 0.470723 0.017985 0.035526
8 0.530363 0.415657 0.011990 0.014210
8 0.261085 0.259342 0.032972 0.042631
4 0.663753 0.492039 0.030974 0.035526
2 0.670747 0.531118 0.026977 0.031973
2 0.635277 0.527565 0.041965 0.060394
2 0.517314 0.528453 0.067825 0.111907
2 0.704220 0.532894 0.037968 0.095921
2 0.403467 0.493815 0.085929 0.099473
2 0.244598 0.642138 0.487598 0.708750
2 0.843106 0.664342 0.311743 0.532894
