7 0.389255 0.461787 0.007020 0.024961
7 0.463554 0.455547 0.005850 0.020801
7 0.403881 0.503390 0.003510 0.016640
7 0.423772 0.508590 0.003510 0.018721
8 0.543119 0.456587 0.017551 0.039522
7 0.753147 0.354661 0.021061 0.093605
8 0.631460 0.364021 0.037442 0.062403
8 0.374044 0.470108 0.021061 0.012480
2 0.437228 0.532511 0.018721 0.024961
2 0.415582 0.527311 0.012870 0.010400
2 0.395105 0.530431 0.014040 0.024961
2 0.382235 0.529391 0.011700 0.043682
2 0.371119 0.526271 0.015210 0.062403
2 0.350058 0.530431 0.029251 0.079044
2 0.327826 0.541872 0.038612 0.093605
2 0.303255 0.546032 0.033932 0.122727
2 0.253527 0.551233 0.077224 0.178890
2 0.123347 0.630142 0.246694 0.386632
2 0.458874 0.535632 0.024571 0.052003
2 0.496316 0.542912 0.062013 0.087365
