2 0.087161 0.364245 0.021491 0.035660
2 0.141606 0.368066 0.021491 0.022924
2 0.029133 0.347688 0.020058 0.033113
2 0.011223 0.342594 0.021491 0.033113
2 0.776330 0.422830 0.021491 0.040754
2 0.751256 0.415189 0.031521 0.035660
2 0.924623 0.435566 0.022924 0.030566
2 0.908862 0.434292 0.025790 0.033113
2 0.884505 0.426651 0.022924 0.038207
2 0.943249 0.441934 0.020058 0.022924
2 0.976203 0.422830 0.045849 0.091698
2 0.836507 0.434292 0.107458 0.129905
2 0.608694 0.509434 0.293720 0.402453
4 0.498370 0.373160 0.164770 0.175754
0 0.050625 0.438113 0.065908 0.275094
8 0.081429 0.241981 0.021491 0.025471
