7 0.038392 0.481399 0.014040 0.062403
7 0.010729 0.480508 0.017551 0.062403
7 0.405961 0.464238 0.016380 0.080084
8 0.273326 0.576268 0.016380 0.057203
8 0.405836 0.588451 0.013455 0.031647
8 0.458197 0.588749 0.017551 0.030161
8 0.415823 0.526568 0.022231 0.038036
8 0.568810 0.555987 0.061428 0.047842
8 0.673901 0.537191 0.018136 0.046802
2 0.018955 0.686544 0.037910 0.248574
2 0.799650 0.614156 0.038027 0.069684
2 0.944154 0.628197 0.039197 0.043682
8 0.942106 0.588154 0.012870 0.021841
2 0.760648 0.623863 0.067278 0.059283
2 0.867807 0.614289 0.118176 0.121260
7 0.991713 0.105013 0.014625 0.138328
