2 0.371843 0.044736 0.007121 0.025322
2 0.367491 0.051066 0.009495 0.032356
2 0.355621 0.060210 0.017409 0.047831
2 0.340071 0.075967 0.034026 0.059085
2 0.423160 0.047831 0.015035 0.030949
2 0.429886 0.059788 0.012661 0.043610
2 0.438492 0.080388 0.015628 0.041802
2 0.456791 0.097471 0.024926 0.050644
2 0.486947 0.099279 0.036966 0.063908
2 0.502886 0.115357 0.045896 0.071746
2 0.815770 0.127566 0.042109 0.056774
2 0.955835 0.110684 0.086423 0.142991
2 0.966207 0.140679 0.067262 0.153341
2 0.297933 0.093652 0.049853 0.059085
2 0.230275 0.097772 0.087045 0.102696
2 0.101685 0.118974 0.201787 0.213833
2 0.552344 0.133411 0.079132 0.108323
2 0.696535 0.182784 0.192291 0.217649
