2 0.261181 0.094683 0.043140 0.053593
2 0.215702 0.096993 0.053015 0.065605
2 0.169183 0.091449 0.022349 0.039733
0 0.238311 0.096993 0.010915 0.060061
2 0.118766 0.099765 0.094077 0.091478
2 0.428181 0.105800 0.018711 0.045277
2 0.418565 0.104414 0.023389 0.051745
2 0.468203 0.080390 0.022869 0.018480
2 0.457548 0.102566 0.024428 0.044353
2 0.473660 0.108572 0.023389 0.054517
2 0.491852 0.108572 0.023389 0.071149
2 0.504067 0.113193 0.027027 0.082238
2 0.529795 0.117813 0.056654 0.100718
2 0.536032 0.130749 0.040021 0.111807
2 0.576314 0.130287 0.080043 0.186653
2 0.711864 0.154066 0.268717 0.308133
2 0.879228 0.236521 0.240650 0.363141
2 0.348345 0.121263 0.137217 0.225028
