2 0.461043 0.577874 0.014765 0.029999
2 0.567039 0.595687 0.007382 0.016874
2 0.632429 0.596624 0.011601 0.014999
2 0.667761 0.599437 0.012656 0.013124
2 0.433621 0.574124 0.031640 0.059999
2 0.532234 0.587249 0.011601 0.018749
8 0.486355 0.552562 0.031640 0.043124
8 0.780613 0.550687 0.075937 0.080624
7 0.730515 0.573187 0.009492 0.028124
2 0.496375 0.620062 0.066445 0.110624
2 0.654578 0.618187 0.028476 0.039374
8 0.247324 0.576249 0.013710 0.018749
8 0.678160 0.551869 0.016847 0.018857
8 0.651641 0.549650 0.022463 0.012202
