2 0.046554 0.607563 0.091237 0.126016
2 0.814172 0.693252 0.371609 0.484547
2 0.187972 0.676186 0.263184 0.320656
2 0.640649 0.616921 0.110186 0.227079
2 0.597136 0.619417 0.076498 0.199630
2 0.557483 0.606940 0.063164 0.164694
2 0.396765 0.582610 0.028073 0.048659
2 0.416416 0.584481 0.009825 0.037430
2 0.423434 0.581362 0.011229 0.033687
2 0.503091 0.590720 0.024563 0.032439
2 0.484493 0.588848 0.009825 0.013724
2 0.475720 0.587600 0.009123 0.018715
2 0.311493 0.601949 0.066673 0.099815
8 0.277454 0.513363 0.029476 0.037430
8 0.417819 0.558280 0.005614 0.012476
8 0.483440 0.552665 0.007720 0.008733
8 0.573625 0.507748 0.019651 0.028696
0 0.368341 0.598830 0.020352 0.073613
2 0.034809 0.739243 0.069619 0.236250
2 0.451628 0.585296 0.021981 0.030197
