2 0.027703 0.612596 0.053823 0.110246
2 0.062220 0.631317 0.047972 0.205932
2 0.065146 0.554353 0.025741 0.047842
3 0.252357 0.455547 0.358041 0.728043
0 0.565936 0.584515 0.037442 0.112326
0 0.636140 0.566833 0.016380 0.097765
0 0.826276 0.564753 0.031591 0.143528
0 0.781229 0.567874 0.018721 0.145608
0 0.746126 0.585555 0.014040 0.176810
0 0.724480 0.601156 0.040952 0.237134
0 0.763092 0.586595 0.024571 0.199691
0 0.797610 0.577234 0.028081 0.156009
0 0.963174 0.539792 0.052653 0.160169
0 0.914031 0.547072 0.017551 0.120647
0 0.881270 0.550192 0.015210 0.101926
0 0.897651 0.547072 0.036272 0.120647
0 0.711024 0.594915 0.014040 0.216332
0 0.585827 0.570994 0.021061 0.122727
0 0.604548 0.564753 0.016380 0.101926
0 0.653250 0.576402 0.022231 0.118567
0 0.676066 0.578482 0.025741 0.114406
0 0.455508 0.560801 0.010530 0.062403
0 0.433277 0.557681 0.010530 0.047842
0 0.046802 0.552619 0.009360 0.016640
