2 0.288242 0.506484 0.051415 0.058593
2 0.323179 0.501562 0.023730 0.032812
2 0.338999 0.493359 0.023730 0.030468
2 0.371958 0.528515 0.076464 0.100781
2 0.434580 0.506249 0.048779 0.065624
2 0.458970 0.482812 0.015820 0.032812
2 0.493247 0.483984 0.021093 0.030468
7 0.509067 0.440624 0.010546 0.023437
7 0.525547 0.437109 0.009228 0.021093
8 0.530820 0.406640 0.006591 0.030468
8 0.485337 0.418359 0.013183 0.016406
8 0.445127 0.418359 0.009228 0.021093
2 0.547300 0.526171 0.089648 0.119531
8 0.576963 0.444374 0.017138 0.042187
8 0.632334 0.425390 0.051415 0.049218
