8 0.540043 0.298941 0.015596 0.022528
7 0.499101 0.307606 0.003899 0.015596
2 0.720870 0.467041 0.203734 0.275545
2 0.514698 0.389923 0.072135 0.097047
2 0.624851 0.419383 0.052639 0.097047
2 0.599994 0.387323 0.051664 0.084916
2 0.556615 0.382124 0.029244 0.050256
2 0.573674 0.372593 0.018521 0.013863
3 0.753526 0.348331 0.150120 0.169833
2 0.856856 0.425449 0.040941 0.025994
2 0.830048 0.411585 0.026319 0.025994
2 0.415268 0.343998 0.021445 0.022528
2 0.437201 0.344865 0.026319 0.024261
2 0.452310 0.344865 0.019496 0.027727
2 0.349468 0.315404 0.026319 0.027727
2 0.376275 0.322336 0.017546 0.017329
