2 0.044558 0.672399 0.087410 0.128687
2 0.410588 0.643262 0.087410 0.128687
2 0.241914 0.611697 0.075118 0.118974
2 0.359371 0.605627 0.042339 0.087410
2 0.292448 0.603199 0.034144 0.048561
2 0.192063 0.618981 0.043705 0.089838
2 0.455659 0.604413 0.040973 0.070413
2 0.513705 0.611697 0.045070 0.060701
4 0.361420 0.561922 0.060094 0.063129
8 0.581994 0.255986 0.157065 0.077697
8 0.737010 0.276625 0.038241 0.114118
7 0.509607 0.559667 0.015023 0.019771
7 0.300643 0.505209 0.006828 0.026708
7 0.431075 0.484571 0.005463 0.033992
7 0.185234 0.578051 0.010926 0.016996
7 0.099872 0.567125 0.012292 0.024280
7 0.424929 0.489427 0.004097 0.029136
2 0.325910 0.603199 0.013657 0.033992
7 0.416051 0.554985 0.008194 0.019424
4 0.396930 0.560708 0.008194 0.031564
8 0.101921 0.532785 0.019120 0.009712
8 0.108750 0.548568 0.027315 0.012140
8 0.243963 0.518217 0.024584 0.014568
8 0.544435 0.510933 0.019120 0.019424
8 0.847602 0.574638 0.014987 0.026644
