2 0.332226 0.582374 0.008437 0.022499
2 0.325370 0.586124 0.011601 0.026249
2 0.319570 0.586124 0.010546 0.033749
2 0.314296 0.587062 0.008437 0.028124
2 0.308495 0.589874 0.009492 0.033749
2 0.299531 0.591749 0.012656 0.041249
2 0.291093 0.592687 0.021093 0.058124
2 0.275800 0.595499 0.026367 0.067499
2 0.256816 0.591749 0.036914 0.063749
2 0.226757 0.599249 0.067499 0.078749
2 0.193535 0.632062 0.104414 0.114374
2 0.097031 0.652687 0.143437 0.181874
2 0.369667 0.580499 0.009492 0.014999
2 0.381269 0.575812 0.011601 0.024374
2 0.390234 0.578624 0.012656 0.029999
2 0.403945 0.578624 0.021093 0.044999
2 0.439804 0.576749 0.056953 0.071249
0 0.362812 0.574874 0.004218 0.022499
2 0.463534 0.589374 0.062226 0.093749
2 0.537890 0.594999 0.134999 0.176249
2 0.655509 0.660644 0.234140 0.234374
2 0.045625 0.659706 0.091251 0.236249
2 0.037989 0.790956 0.074882 0.329999
2 0.851659 0.676874 0.294257 0.498749
