0 0.923496 0.417155 0.029173 0.045762
0 0.639481 0.412579 0.015444 0.036610
8 0.729577 0.306562 0.018877 0.053389
8 0.458004 0.320291 0.014586 0.019830
8 0.500048 0.356901 0.016302 0.010677
8 0.517209 0.342409 0.009438 0.012203
8 0.514206 0.326392 0.006864 0.013728
8 0.509487 0.375206 0.007722 0.016779
8 0.466584 0.369104 0.012870 0.010677
8 0.214746 0.376731 0.006864 0.013728
8 0.223756 0.396562 0.007722 0.019830
7 0.217749 0.340121 0.006006 0.019830
7 0.280816 0.315714 0.005148 0.022881
7 0.382495 0.338596 0.004290 0.022881
8 0.059010 0.394274 0.012870 0.018305
2 0.074026 0.564359 0.145868 0.300508
2 0.322861 0.487325 0.123559 0.189152
2 0.586711 0.525460 0.230815 0.231864
2 0.910196 0.544528 0.177616 0.224237
2 0.762183 0.484274 0.195635 0.176949
2 0.485890 0.466731 0.082372 0.126610
2 0.250784 0.456053 0.049766 0.074745
2 0.420249 0.437748 0.045476 0.059491
2 0.400943 0.434698 0.015444 0.044237
2 0.395366 0.424020 0.028315 0.050338
2 0.377776 0.424020 0.010296 0.025932
2 0.091616 0.441562 0.026599 0.033559
2 0.125938 0.440036 0.018019 0.018305
2 0.176992 0.427070 0.020593 0.016779
2 0.201017 0.428596 0.022309 0.016779
2 0.238772 0.418681 0.010296 0.024406
