8 0.093581 0.338799 0.040941 0.022528
8 0.809577 0.352663 0.047765 0.019062
8 0.771560 0.324069 0.018521 0.017329
8 0.762787 0.349197 0.018521 0.025994
7 0.095531 0.289409 0.015596 0.058921
7 0.070186 0.366527 0.019496 0.029460
7 0.100892 0.370860 0.008773 0.027727
7 0.748165 0.387323 0.020470 0.029460
7 0.790081 0.291142 0.014622 0.083183
7 0.671642 0.072785 0.019496 0.110911
7 0.645810 0.058921 0.018521 0.093581
7 0.631188 0.067586 0.008773 0.069319
0 0.710634 0.509499 0.035093 0.110911
2 0.349468 0.491303 0.063362 0.091848
4 0.379687 0.437580 0.051664 0.123042
2 0.418192 0.468774 0.017546 0.025994
2 0.461571 0.470507 0.020470 0.022528
4 0.425991 0.462708 0.017546 0.034659
2 0.446949 0.468774 0.010722 0.015596
