2 0.379687 0.471043 0.019120 0.024280
2 0.344860 0.464973 0.015023 0.031564
2 0.331885 0.463759 0.016389 0.043705
2 0.312081 0.457689 0.034144 0.050989
2 0.293643 0.464973 0.035510 0.065557
2 0.257450 0.462545 0.058728 0.075269
2 0.220574 0.467401 0.045070 0.084982
2 0.395394 0.471043 0.017755 0.019424
2 0.424758 0.468615 0.010926 0.019424
2 0.440465 0.472257 0.015023 0.031564
2 0.107214 0.531745 0.214428 0.388489
2 0.462727 0.458903 0.038241 0.082554
2 0.501652 0.458903 0.080581 0.111690
8 0.663998 0.288534 0.017755 0.036420
7 0.442741 0.039253 0.025949 0.075269
7 0.419523 0.041681 0.017755 0.080125
2 0.936624 0.447483 0.123224 0.128054
8 0.579356 0.296118 0.031582 0.019963
