0 0.529320 0.681065 0.042891 0.253016
0 0.640448 0.742586 0.081883 0.507766
0 0.501538 0.559756 0.024370 0.038125
0 0.462546 0.645539 0.034118 0.199294
0 0.438663 0.581418 0.007798 0.046790
2 0.423066 0.572753 0.007798 0.029460
2 0.434276 0.581418 0.024370 0.046790
8 0.474244 0.452310 0.022420 0.024261
4 0.490815 0.532894 0.080909 0.098780
4 0.735492 0.492169 0.420142 0.616945
7 0.386511 0.447978 0.008773 0.029460
7 0.377250 0.446245 0.005848 0.029460
2 0.285131 0.552824 0.049715 0.090115
2 0.359704 0.578819 0.115027 0.138639
3 0.135010 0.486104 0.268072 0.798909
2 0.315837 0.768581 0.253450 0.355263
