7 0.267148 0.424687 0.009228 0.023437
0 0.969833 0.452812 0.025048 0.164062
0 0.917758 0.435234 0.015820 0.152343
0 0.845249 0.448124 0.029003 0.201562
0 0.822836 0.416484 0.015820 0.096093
0 0.808994 0.419999 0.022412 0.098437
0 0.941489 0.450468 0.039550 0.173437
0 0.689023 0.429374 0.017138 0.089062
0 0.680454 0.428202 0.018457 0.100781
0 0.667270 0.429374 0.021093 0.089062
0 0.615854 0.431718 0.029003 0.103124
1 0.583554 0.431718 0.027685 0.112499
6 0.582236 0.493827 0.030322 0.077343
2 0.064780 0.471562 0.031640 0.032812
2 0.104990 0.465702 0.032958 0.030468
2 0.168931 0.459843 0.023730 0.028124
2 0.142563 0.465702 0.021093 0.030468
2 0.189365 0.463359 0.017138 0.021093
2 0.298130 0.448124 0.015820 0.018749
2 0.427988 0.607499 0.336181 0.459374
