2 0.470654 0.631224 0.008420 0.014969
2 0.476778 0.643472 0.013013 0.017691
2 0.609975 0.660483 0.017606 0.027217
2 0.623754 0.671371 0.032916 0.051713
2 0.663049 0.670690 0.071191 0.080292
4 0.441029 0.632086 0.034396 0.065685
2 0.449194 0.651320 0.042561 0.065322
2 0.521764 0.655403 0.029088 0.038104
2 0.409235 0.642474 0.016840 0.039465
2 0.395456 0.650640 0.033681 0.044909
2 0.184357 0.625554 0.009951 0.013608
2 0.172875 0.626234 0.013013 0.017691
2 0.135365 0.625554 0.052819 0.029939
2 0.111380 0.611945 0.022199 0.035383
2 0.048609 0.611945 0.097218 0.057157
2 0.237687 0.620791 0.022199 0.017691
8 0.835797 0.545262 0.008420 0.021774
8 0.831204 0.514642 0.009951 0.031300
8 0.828882 0.653634 0.006123 0.036199
8 0.596706 0.547757 0.011482 0.020413
8 0.597472 0.571572 0.009951 0.016330
8 0.596400 0.594707 0.013932 0.010887
8 0.619748 0.590080 0.006123 0.019052
2 0.492215 0.644516 0.015309 0.021774
7 0.512118 0.565584 0.004592 0.027217
7 0.142765 0.554561 0.006889 0.027217
2 0.730982 0.682362 0.074850 0.107211
0 0.910561 0.710791 0.019443 0.129284
0 0.892447 0.716194 0.020457 0.126480
0 0.798185 0.686975 0.019137 0.100705
8 0.568918 0.615529 0.007654 0.017691
7 0.474379 0.603961 0.003827 0.010887
7 0.410460 0.557011 0.004592 0.020413
8 0.350751 0.615529 0.009185 0.012247
2 0.359401 0.640705 0.006889 0.010887
0 0.986651 0.733926 0.023730 0.156502
