8 0.346547 0.221533 0.036272 0.014560
7 0.375799 0.203852 0.008190 0.033281
7 0.612153 0.213212 0.008190 0.031201
7 0.169867 0.283937 0.015210 0.018721
7 0.306765 0.297457 0.008190 0.016640
8 0.316972 0.251695 0.017551 0.012480
8 0.494237 0.296417 0.014040 0.010400
8 0.601299 0.286017 0.017551 0.010400
7 0.580822 0.287057 0.004680 0.016640
7 0.584918 0.290177 0.005850 0.018721
0 0.466272 0.316698 0.005850 0.020801
0 0.470953 0.317739 0.005850 0.022881
0 0.477973 0.318779 0.005850 0.020801
0 0.511905 0.320859 0.010530 0.016640
8 0.177265 0.229333 0.010530 0.012480
4 0.789943 0.280668 0.333469 0.559553
4 0.137848 0.428357 0.275697 0.854931
2 0.200228 0.345152 0.052653 0.052003
2 0.243520 0.385714 0.092435 0.091525
2 0.296759 0.349312 0.060843 0.043682
2 0.307874 0.368033 0.069034 0.056163
2 0.444187 0.332671 0.028081 0.052003
2 0.599222 0.316030 0.038612 0.027041
2 0.555344 0.312910 0.065523 0.037442
4 0.375153 0.304589 0.053823 0.037442
2 0.421371 0.313950 0.036272 0.022881
2 0.382174 0.421076 0.124027 0.212172
2 0.940882 0.420036 0.113496 0.210092
7 0.381004 0.205783 0.009360 0.035362
2 0.582935 0.577086 0.368477 0.506033
