2 0.332909 0.395773 0.058728 0.041277
2 0.161503 0.398201 0.087410 0.070413
2 0.101409 0.398201 0.057362 0.055845
2 0.040632 0.400629 0.080581 0.070413
2 0.856687 0.434622 0.139309 0.072841
7 0.425782 0.149325 0.015023 0.048561
7 0.211354 0.251304 0.012292 0.038848
7 0.627918 0.109262 0.012292 0.036420
7 0.498169 0.013354 0.015023 0.024280
7 0.339055 0.229451 0.008194 0.029136
7 0.292619 0.310791 0.010926 0.026708
7 0.281692 0.343570 0.010926 0.024280
7 0.289204 0.344784 0.009560 0.021852
7 0.876491 0.276798 0.012292 0.031564
7 0.906538 0.271942 0.020486 0.041277
7 0.876491 0.086196 0.023218 0.092266
2 0.762448 0.428552 0.071020 0.063129
8 0.369785 0.352068 0.020486 0.016996
8 0.438757 0.292581 0.035510 0.063129
8 0.438075 0.288939 0.025949 0.055845
8 0.894246 0.176034 0.012292 0.050989
8 0.654551 0.271942 0.021852 0.019424
2 0.502266 0.506250 0.282717 0.376349
7 0.765180 0.319289 0.008194 0.031564
7 0.663941 0.339928 0.012292 0.024280
