2 0.224859 0.648749 0.042187 0.112499
2 0.244371 0.583124 0.013710 0.014999
2 0.238042 0.582187 0.009492 0.016874
2 0.203238 0.582187 0.011601 0.013124
2 0.227496 0.576562 0.011601 0.024374
2 0.305542 0.616874 0.015820 0.029999
2 0.302378 0.596249 0.013710 0.018749
2 0.326636 0.602812 0.026367 0.016874
2 0.320835 0.594374 0.010546 0.014999
2 0.355007 0.600937 0.014765 0.016874
2 0.364499 0.608437 0.014765 0.016874
2 0.376628 0.615937 0.015820 0.016874
2 0.391394 0.629062 0.020039 0.031874
2 0.411327 0.637968 0.033749 0.048749
2 0.338554 0.675468 0.097031 0.149999
2 0.481464 0.689531 0.123398 0.155624
2 0.686601 0.702656 0.166640 0.185624
2 0.160839 0.659531 0.133945 0.166874
2 0.229921 0.584531 0.012656 0.016874
7 0.137636 0.494062 0.020039 0.073124
7 0.250171 0.564374 0.008437 0.029999
7 0.566366 0.546562 0.014765 0.058124
7 0.329589 0.573749 0.005273 0.014999
7 0.295839 0.481874 0.013710 0.041249
7 0.064863 0.444999 0.015820 0.048749
8 0.065390 0.416249 0.010546 0.018749
8 0.137636 0.442499 0.024257 0.029999
8 0.296683 0.455624 0.007382 0.014999
8 0.313031 0.539062 0.016874 0.028124
8 0.285609 0.577499 0.010546 0.026249
8 0.251859 0.540937 0.008437 0.016874
2 0.267152 0.601874 0.058007 0.056249
7 0.153456 0.510937 0.013710 0.039374
7 0.119706 0.508124 0.015820 0.044999
8 0.563941 0.501562 0.013710 0.024374
7 0.513843 0.478124 0.014765 0.052499
0 0.584613 0.649687 0.020039 0.099374
