2 0.125791 0.542615 0.251582 0.445569
2 0.904271 0.410970 0.187974 0.202531
2 0.297626 0.457383 0.234493 0.258227
2 0.423417 0.394092 0.115822 0.158649
2 0.464715 0.368776 0.042721 0.101265
2 0.494620 0.357805 0.062658 0.086075
2 0.514082 0.340084 0.040822 0.069198
2 0.521677 0.331645 0.037025 0.065822
2 0.540189 0.328269 0.017088 0.042194
2 0.810126 0.361743 0.136708 0.155274
6 0.724208 0.352461 0.044620 0.079324
2 0.708069 0.349929 0.065506 0.087763
2 0.684809 0.336427 0.049367 0.074261
2 0.664873 0.337271 0.017088 0.059071
2 0.652531 0.332208 0.017088 0.052320
2 0.646360 0.332208 0.016139 0.042194
2 0.639240 0.327144 0.022784 0.048945
4 0.555379 0.309704 0.022784 0.052320
2 0.609968 0.317088 0.018037 0.025738
2 0.602847 0.310126 0.013291 0.021940
2 0.581012 0.302531 0.011392 0.020253
0 0.360759 0.319268 0.022784 0.042194
7 0.531328 0.251757 0.010759 0.028691
7 0.619461 0.247538 0.010443 0.027004
8 0.294778 0.266666 0.021835 0.054008
8 0.297151 0.312798 0.024683 0.030379
8 0.742721 0.201406 0.022784 0.047257
8 0.746993 0.232629 0.012341 0.015189
