2 0.350930 0.526829 0.013647 0.020795
2 0.386023 0.528562 0.009748 0.013863
2 0.392360 0.532894 0.014622 0.032926
2 0.399183 0.534627 0.012672 0.032926
2 0.419167 0.506900 0.027294 0.015596
2 0.421116 0.541559 0.035093 0.057188
2 0.436226 0.553690 0.030219 0.067586
2 0.466445 0.567554 0.057513 0.095314
2 0.307551 0.527695 0.014622 0.022528
2 0.211045 0.557156 0.069211 0.081450
2 0.128674 0.573620 0.115027 0.124775
2 0.328510 0.537227 0.033143 0.048523
2 0.295854 0.538960 0.030219 0.041591
2 0.631578 0.576120 0.309014 0.388734
