2 0.282204 0.871499 0.177551 0.211241
2 0.516436 0.836293 0.088775 0.140827
2 0.411954 0.846005 0.071020 0.101978
2 0.586774 0.831436 0.032778 0.043705
2 0.570385 0.824152 0.019120 0.024280
2 0.127188 0.805942 0.105165 0.046133
8 0.461122 0.810798 0.019120 0.007284
8 0.463854 0.801086 0.010926 0.016996
8 0.639357 0.711247 0.020486 0.046133
8 0.705597 0.682111 0.010926 0.026708
8 0.708329 0.706391 0.024584 0.021852
8 0.594969 0.750096 0.010926 0.012140
8 0.590872 0.762237 0.013657 0.012140
8 0.575848 0.786517 0.010926 0.016996
