7 0.418100 0.490312 0.010546 0.028124
8 0.106127 0.442801 0.019775 0.053906
0 0.861728 0.532499 0.059326 0.224999
0 0.952695 0.561796 0.064599 0.199218
0 0.361411 0.562968 0.010546 0.046874
0 0.354160 0.566483 0.006591 0.039843
0 0.410849 0.558280 0.011865 0.028124
2 0.424033 0.565312 0.027685 0.051562
2 0.455014 0.565312 0.050097 0.084374
2 0.376572 0.565312 0.011865 0.023437
2 0.393711 0.564140 0.025048 0.035156
2 0.484678 0.603983 0.112060 0.142968
4 0.305381 0.551249 0.075146 0.131249
2 0.279673 0.598124 0.065917 0.070312
2 0.007341 0.773905 0.014683 0.187499
