0 0.692715 0.588372 0.038202 0.156622
0 0.490007 0.526693 0.017931 0.066529
0 0.463889 0.516991 0.012474 0.072073
7 0.301722 0.402643 0.003118 0.023562
7 0.320824 0.443531 0.003898 0.011088
4 0.078354 0.415810 0.155149 0.393634
3 0.191792 0.458085 0.082642 0.142761
2 0.412042 0.570353 0.102133 0.123357
2 0.387093 0.535703 0.067829 0.098408
2 0.363704 0.512140 0.042880 0.079004
2 0.267028 0.496894 0.035084 0.059599
2 0.237012 0.492042 0.020270 0.044353
2 0.290807 0.494815 0.017152 0.033264
2 0.339145 0.489963 0.014033 0.037422
3 0.260401 0.459471 0.026507 0.042967
3 0.312637 0.485805 0.021830 0.037422
3 0.288858 0.469173 0.016372 0.020790
1 0.325112 0.476796 0.004677 0.019404
5 0.325112 0.491349 0.004677 0.015246
0 0.423737 0.497587 0.008576 0.022176
8 0.370331 0.415810 0.009355 0.030492
