8 0.918740 0.176453 0.058492 0.106822
8 0.931515 0.298313 0.049151 0.045535
8 0.593954 0.435101 0.012314 0.012770
8 0.589336 0.442398 0.013340 0.012770
8 0.379482 0.459729 0.012314 0.010945
7 0.410267 0.402263 0.010261 0.023716
7 0.567273 0.415945 0.008209 0.021891
7 0.331251 0.461553 0.012314 0.018243
7 0.644750 0.479797 0.009235 0.018243
7 0.444131 0.474324 0.008209 0.036486
7 0.467733 0.472499 0.006157 0.018243
8 0.540592 0.478885 0.004104 0.020067
8 0.479534 0.470675 0.007183 0.029189
7 0.367168 0.477972 0.010261 0.021891
2 0.489796 0.499864 0.007183 0.014594
2 0.481587 0.507162 0.009235 0.014594
2 0.501084 0.506249 0.009235 0.012770
2 0.506728 0.511722 0.012314 0.016418
2 0.513912 0.510810 0.010261 0.021891
2 0.524686 0.513547 0.021549 0.031013
2 0.534948 0.521756 0.027706 0.029189
2 0.570865 0.529053 0.021549 0.062027
1 0.648341 0.519020 0.012314 0.034662
6 0.647315 0.546385 0.012314 0.027364
2 0.607294 0.524493 0.069780 0.103986
2 0.726331 0.543648 0.166241 0.204324
2 0.871023 0.595641 0.254493 0.370337
2 0.466707 0.508074 0.012314 0.016418
2 0.456445 0.508074 0.008209 0.023716
2 0.447210 0.509898 0.014366 0.020067
2 0.438487 0.512635 0.025654 0.032837
2 0.424121 0.508074 0.009235 0.031013
2 0.409241 0.510810 0.032837 0.047432
0 0.384100 0.513547 0.009235 0.027364
1 0.367168 0.504425 0.010261 0.023716
6 0.368194 0.523580 0.012314 0.018243
2 0.345618 0.512635 0.036942 0.069324
2 0.318937 0.515371 0.036942 0.071148
2 0.286099 0.517195 0.053361 0.082094
2 0.221963 0.508986 0.115958 0.124054
2 0.132172 0.532702 0.133403 0.124054
2 0.045972 0.520844 0.090304 0.176959
2 0.487744 0.503513 0.013340 0.021891
8 0.270193 0.321993 0.025654 0.016418
