2 0.054411 0.425196 0.056205 0.085039
2 0.125565 0.413504 0.031092 0.031889
2 0.158452 0.405000 0.020329 0.027637
2 0.181173 0.406063 0.013154 0.017007
2 0.224224 0.416693 0.010762 0.021259
7 0.230802 0.393307 0.011958 0.017007
7 0.041855 0.330590 0.011958 0.027637
7 0.159050 0.360354 0.011958 0.019133
7 0.203297 0.369921 0.009566 0.017007
7 0.166823 0.382677 0.008371 0.017007
8 0.265482 0.309330 0.016742 0.061653
8 0.507047 0.277441 0.023917 0.048897
8 0.547706 0.271063 0.019133 0.036141
2 0.016742 0.434763 0.033484 0.078661
