2 0.400557 0.383121 0.012614 0.031395
2 0.305320 0.390969 0.066855 0.087458
2 0.338117 0.403303 0.046672 0.076245
2 0.362715 0.411152 0.068116 0.114368
2 0.483180 0.385363 0.036581 0.044850
2 0.235942 0.412273 0.079469 0.085215
2 0.153319 0.420122 0.090822 0.082973
2 0.055846 0.436941 0.111692 0.165946
7 0.438400 0.355089 0.007568 0.020182
7 0.400557 0.348361 0.010091 0.024667
8 0.443446 0.318087 0.017659 0.017940
8 0.584725 0.285571 0.012614 0.038122
0 0.549405 0.387606 0.012614 0.049335
0 0.594185 0.396576 0.018921 0.080730
0 0.606800 0.393212 0.021444 0.091943
7 0.509670 0.343876 0.013875 0.033637
2 0.444076 0.457124 0.127403 0.197342
4 0.848992 0.426850 0.298956 0.849916
