8 0.668718 0.376925 0.076035 0.088382
8 0.336796 0.318003 0.082858 0.105712
8 0.454747 0.281611 0.139397 0.129974
8 0.451823 0.373459 0.088707 0.084916
8 0.577086 0.359595 0.087732 0.171566
8 0.053614 0.274679 0.107228 0.213157
2 0.244676 0.615212 0.013647 0.020795
2 0.215432 0.611746 0.044841 0.024261
2 0.139884 0.609146 0.047765 0.029460
2 0.078959 0.605680 0.052639 0.032926
2 0.298291 0.638607 0.060438 0.060654
2 0.367015 0.636007 0.016571 0.024261
2 0.405032 0.641206 0.043866 0.058921
2 0.440125 0.626476 0.026319 0.043324
4 0.495202 0.603081 0.081883 0.180231
2 0.733055 0.711393 0.144271 0.129974
8 0.615103 0.594416 0.025345 0.072785
8 0.382612 0.597015 0.012672 0.015596
8 0.366527 0.597015 0.011697 0.022528
8 0.348493 0.597882 0.008773 0.013863
