2 0.354348 0.407494 0.028846 0.036036
2 0.429584 0.407494 0.028067 0.033264
2 0.056914 0.467787 0.113828 0.162166
2 0.838118 0.497587 0.321213 0.302155
2 0.139556 0.454619 0.054575 0.105338
2 0.182437 0.435215 0.068608 0.085934
2 0.217910 0.433136 0.030406 0.076232
2 0.241690 0.426206 0.042100 0.070687
2 0.647105 0.438680 0.169962 0.206519
2 0.553548 0.424820 0.063930 0.134445
2 0.510667 0.430364 0.032745 0.087320
2 0.491566 0.422741 0.041321 0.072073
2 0.464278 0.417889 0.035084 0.073459
2 0.296655 0.416503 0.030406 0.034650
2 0.315366 0.414424 0.016372 0.027720
2 0.327451 0.405415 0.017152 0.023562
2 0.407754 0.400564 0.015592 0.022176
2 0.399568 0.399871 0.021050 0.026334
2 0.381246 0.397792 0.014033 0.019404
7 0.279502 0.261267 0.008576 0.031878
7 0.411262 0.291067 0.010135 0.024948
8 0.177369 0.353439 0.011694 0.011088
8 0.462329 0.352746 0.012474 0.009702
8 0.467787 0.340271 0.009355 0.006930
7 0.468177 0.369378 0.011694 0.012474
