2 0.275256 0.539554 0.039483 0.088149
2 0.220622 0.549349 0.086313 0.111003
2 0.641630 0.606483 0.164362 0.215477
2 0.101588 0.644028 0.203176 0.287303
2 0.457066 0.622807 0.245167 0.355864
0 0.983211 0.554246 0.030301 0.231801
0 0.957041 0.556695 0.034892 0.155078
0 0.930872 0.553430 0.032137 0.171402
0 0.875778 0.537106 0.028465 0.158343
0 0.835376 0.518333 0.021119 0.111003
0 0.811961 0.527311 0.022037 0.112636
0 0.749981 0.531392 0.022955 0.097944
0 0.716924 0.545268 0.030301 0.119165
8 0.506650 0.425286 0.037647 0.026118
7 0.466248 0.427735 0.011936 0.034280
7 0.372130 0.444059 0.011018 0.031015
8 0.841622 0.217058 0.049136 0.068823
