2 0.268386 0.536203 0.181771 0.101743
2 0.206201 0.507351 0.055009 0.048897
2 0.170923 0.505225 0.025113 0.023385
2 0.132057 0.497784 0.045442 0.038267
2 0.154779 0.497784 0.019133 0.034015
8 0.178098 0.444634 0.010762 0.029763
8 0.127872 0.442508 0.005979 0.025511
8 0.296489 0.271670 0.077731 0.138189
8 0.353293 0.386473 0.026309 0.014881
7 0.386777 0.435067 0.011958 0.023385
7 0.402323 0.436130 0.009566 0.025511
7 0.698898 0.302193 0.014350 0.046771
7 0.716238 0.294752 0.013154 0.048897
2 0.547621 0.529673 0.025113 0.046771
2 0.489871 0.517039 0.010762 0.029763
2 0.500634 0.525543 0.015546 0.051023
2 0.526943 0.545740 0.049030 0.065905
2 0.519768 0.515976 0.027504 0.031889
2 0.464758 0.537236 0.058597 0.104173
2 0.565211 0.535110 0.015546 0.040393
2 0.580757 0.539362 0.025113 0.044645
2 0.635767 0.598889 0.159050 0.167952
2 0.666262 0.528732 0.026309 0.027637
0 0.684797 0.536173 0.015546 0.042519
0 0.720076 0.570189 0.076535 0.136063
2 0.830693 0.762590 0.336038 0.465590
2 0.903043 0.522354 0.069360 0.023385
2 0.969414 0.528732 0.056205 0.031889
8 0.971805 0.459637 0.010762 0.038267
7 0.019896 0.286370 0.032288 0.057401
8 0.806776 0.348023 0.029896 0.023385
8 0.818610 0.419881 0.047583 0.019133
8 0.808320 0.451771 0.022721 0.010629
8 0.800547 0.469842 0.011958 0.008503
7 0.821474 0.481839 0.015546 0.019133
7 0.799949 0.485028 0.013154 0.025511
7 0.575724 0.457390 0.007175 0.017007
7 0.554198 0.463009 0.007175 0.019133
7 0.484838 0.464072 0.007175 0.021259
7 0.393952 0.340764 0.009566 0.038267
8 0.521910 0.484268 0.009566 0.014881
8 0.528487 0.491406 0.008371 0.017007
8 0.533868 0.494595 0.009566 0.019133
7 0.806281 0.429198 0.011462 0.038207
