7 0.171622 0.117180 0.021061 0.074884
7 0.767773 0.321032 0.026911 0.033281
7 0.161676 0.123420 0.015210 0.070724
7 0.198534 0.117180 0.018721 0.074884
7 0.004491 0.390716 0.008982 0.035362
8 0.797610 0.285670 0.014040 0.054083
0 0.507432 0.470801 0.042122 0.116486
0 0.062805 0.470801 0.018721 0.037442
0 0.020098 0.480162 0.026911 0.076964
0 0.519718 0.467681 0.040952 0.106086
0 0.680017 0.414638 0.019891 0.045762
0 0.663636 0.419838 0.019891 0.052003
5 0.938603 0.438559 0.059673 0.076964
2 0.362343 0.484322 0.028081 0.056163
2 0.341867 0.485362 0.022231 0.054083
2 0.309105 0.479122 0.054993 0.049922
2 0.451269 0.470801 0.009360 0.024961
2 0.444833 0.474961 0.015210 0.041602
2 0.435473 0.473921 0.017551 0.052003
2 0.473500 0.478081 0.044462 0.060323
2 0.541364 0.472881 0.039782 0.054083
4 0.405636 0.464561 0.063183 0.112326
2 0.180397 0.541525 0.349850 0.191371
2 0.757827 0.454160 0.238694 0.183050
