2 0.431109 0.471437 0.015546 0.019133
2 0.414367 0.477815 0.020329 0.027637
2 0.397027 0.473563 0.014350 0.023385
2 0.383873 0.476752 0.014350 0.029763
2 0.353976 0.488445 0.064576 0.095669
2 0.456820 0.474626 0.021525 0.025511
2 0.442470 0.469311 0.007175 0.019133
2 0.478944 0.461870 0.015546 0.008503
2 0.485521 0.475689 0.021525 0.023385
3 0.161954 0.425348 0.322883 0.850697
2 0.592551 0.460275 0.058597 0.082913
2 0.619458 0.517677 0.093277 0.197716
2 0.795350 0.620964 0.405598 0.648071
0 0.544283 0.535110 0.078927 0.338031
7 0.380285 0.373641 0.007175 0.019133
7 0.373110 0.369389 0.007175 0.023385
7 0.459810 0.383208 0.008371 0.021259
7 0.454429 0.383208 0.009566 0.025511
8 0.355172 0.370984 0.023917 0.014881
8 0.481336 0.391181 0.020329 0.025511
8 0.577125 0.297637 0.023917 0.042519
8 0.630939 0.348661 0.021525 0.042519
8 0.632135 0.312519 0.019133 0.038267
