7 0.270857 0.560935 0.010558 0.036096
8 0.143347 0.641791 0.039796 0.038983
8 0.168524 0.625187 0.028425 0.043315
8 0.177864 0.546497 0.016243 0.047647
8 0.499075 0.544291 0.015431 0.046283
8 0.581510 0.599675 0.022740 0.070259
8 0.472680 0.630962 0.025989 0.014438
8 0.525065 0.610748 0.017055 0.014438
8 0.530750 0.588369 0.015431 0.010106
8 0.533186 0.639625 0.013806 0.020213
2 0.291973 0.727700 0.062536 0.098181
2 0.386590 0.724091 0.058475 0.088074
2 0.483238 0.711818 0.068221 0.080855
2 0.428823 0.708930 0.038983 0.060641
2 0.338267 0.718315 0.034923 0.038983
8 0.440193 0.606417 0.009745 0.025989
8 0.448315 0.608582 0.008121 0.024545
8 0.175420 0.583521 0.021830 0.013860
2 0.169962 0.722817 0.035863 0.037422
