8 0.483919 0.393580 0.006117 0.012235
8 0.516803 0.233157 0.026000 0.014954
8 0.509155 0.275981 0.044354 0.073413
8 0.567189 0.375181 0.010534 0.032719
2 0.030397 0.410573 0.060795 0.043504
2 0.125033 0.414425 0.042060 0.025830
2 0.266890 0.406268 0.015294 0.012235
2 0.282184 0.405589 0.013765 0.010876
2 0.302067 0.406268 0.015294 0.012235
2 0.344509 0.402870 0.011470 0.008157
2 0.362098 0.401510 0.009941 0.008157
2 0.429777 0.400830 0.009176 0.012235
2 0.419835 0.410347 0.012235 0.023111
2 0.406835 0.414425 0.018353 0.033987
2 0.371657 0.416465 0.015294 0.032628
2 0.459219 0.406268 0.005353 0.017673
2 0.445071 0.423942 0.035177 0.055740
2 0.386570 0.424622 0.035942 0.048942
2 0.203842 0.469941 0.171299 0.176478
2 0.593089 0.450099 0.079531 0.096525
2 0.880966 0.282099 0.032118 0.025830
8 0.849612 0.248111 0.015294 0.028549
8 0.976175 0.201208 0.013000 0.019033
8 0.976175 0.218202 0.009941 0.009516
8 0.455741 0.361941 0.007605 0.012480
8 0.710817 0.266775 0.006435 0.026001
8 0.580354 0.391583 0.019306 0.009360
8 0.505352 0.394703 0.003510 0.009360
8 0.834270 0.254315 0.007020 0.015600
