2 0.035830 0.608265 0.071251 0.220182
2 0.068621 0.521977 0.114288 0.072260
2 0.104007 0.507100 0.054036 0.064609
2 0.168803 0.514326 0.043037 0.026353
2 0.303096 0.520277 0.075395 0.053274
2 0.446236 0.522685 0.023431 0.036555
2 0.394352 0.501007 0.032517 0.022103
2 0.366616 0.535862 0.059296 0.068010
2 0.550164 0.537137 0.019606 0.043356
2 0.409813 0.545477 0.063121 0.082462
2 0.502535 0.562868 0.109506 0.158973
2 0.623758 0.562443 0.090857 0.103715
7 0.057827 0.368286 0.022475 0.084162
7 0.523521 0.271007 0.016736 0.070560
7 0.666809 0.431074 0.008607 0.021253
7 0.520789 0.441276 0.006216 0.026353
7 0.335761 0.464654 0.005738 0.020403
7 0.055948 0.447591 0.021997 0.037405
7 0.743355 0.458217 0.010998 0.031454
7 0.086553 0.375330 0.020084 0.084162
7 0.083206 0.446741 0.015302 0.028054
7 0.413161 0.342600 0.009563 0.040806
7 0.476043 0.343875 0.012911 0.045056
7 0.819388 0.294143 0.022475 0.091813
2 0.421017 0.419476 0.024866 0.008501
2 0.401889 0.419476 0.016258 0.013602
2 0.370328 0.421176 0.015302 0.005100
2 0.150221 0.412675 0.034430 0.015302
2 0.106705 0.410975 0.045906 0.017002
8 0.619980 0.462893 0.034908 0.061209
8 0.658953 0.377455 0.021997 0.012751
8 0.656323 0.460768 0.013867 0.033154
8 0.655606 0.497323 0.014345 0.036555
8 0.672343 0.458217 0.019127 0.046756
2 0.509109 0.425034 0.020383 0.011845
2 0.246625 0.530238 0.038686 0.027732
8 0.275015 0.460907 0.009359 0.046589
8 0.291239 0.474773 0.013103 0.025513
8 0.287807 0.509716 0.016223 0.031059
