2 0.899166 0.806673 0.201619 0.374229
2 0.649054 0.679157 0.041321 0.055441
2 0.578496 0.642427 0.015592 0.023562
2 0.544972 0.638962 0.015592 0.027720
2 0.523531 0.631339 0.016372 0.020790
2 0.546141 0.614014 0.011694 0.011088
2 0.536396 0.625102 0.006237 0.022176
2 0.593310 0.623716 0.010915 0.008316
2 0.595259 0.636883 0.013253 0.018018
2 0.574598 0.618172 0.007796 0.011088
8 0.690765 0.638269 0.015592 0.031878
8 0.644766 0.629260 0.010915 0.022176
8 0.618258 0.628567 0.007796 0.009702
8 0.594479 0.603618 0.010135 0.015246
