2 0.430312 0.470624 0.021093 0.041249
2 0.356484 0.513749 0.143437 0.146249
2 0.567421 0.392812 0.111796 0.046874
2 0.762538 0.497812 0.082265 0.121874
2 0.848495 0.537499 0.207773 0.202499
2 0.934552 0.583124 0.128471 0.358749
2 0.551601 0.634062 0.348046 0.448124
0 0.714374 0.532812 0.063281 0.163124
7 0.427675 0.426562 0.011601 0.020624
7 0.528398 0.354374 0.006328 0.026249
7 0.650741 0.350624 0.008437 0.026249
7 0.642831 0.348749 0.009492 0.029999
7 0.723515 0.434687 0.012656 0.024374
8 0.725097 0.386874 0.017929 0.014999
8 0.395507 0.358437 0.018984 0.016874
7 0.768461 0.319647 0.009563 0.025503
