2 0.398671 0.422437 0.021093 0.020624
2 0.372304 0.425249 0.025312 0.026249
2 0.352265 0.431812 0.025312 0.050624
2 0.324843 0.450562 0.056953 0.076874
2 0.269999 0.487124 0.080156 0.101249
2 0.427675 0.412124 0.020039 0.029999
2 0.442441 0.407437 0.020039 0.046874
2 0.453515 0.413999 0.021093 0.041249
2 0.486210 0.425249 0.050624 0.071249
2 0.509413 0.431812 0.035859 0.099374
2 0.565839 0.445580 0.119179 0.178124
2 0.210027 0.503812 0.120234 0.118124
2 0.698202 0.496874 0.257343 0.262499
2 0.083847 0.584062 0.167695 0.264374
2 0.957655 0.727499 0.082265 0.243749
