4 0.901440 0.342148 0.196048 0.421174
2 0.440739 0.363064 0.017659 0.029152
2 0.645594 0.346245 0.088299 0.130066
2 0.743354 0.347366 0.167768 0.181644
2 0.181013 0.452316 0.076946 0.082973
2 0.278773 0.415315 0.050456 0.062790
2 0.405167 0.374949 0.017659 0.022425
2 0.430396 0.369343 0.027751 0.042607
2 0.469500 0.358130 0.030274 0.042607
2 0.516172 0.333463 0.040365 0.069518
7 0.395707 0.322923 0.011352 0.017940
7 0.457516 0.304983 0.008829 0.017940
8 0.476501 0.302180 0.016398 0.017940
8 0.381894 0.326847 0.011352 0.013455
