2 0.027537 0.728061 0.054691 0.201939
2 0.095901 0.587060 0.035760 0.050484
2 0.038580 0.692705 0.072571 0.127146
2 0.126403 0.719817 0.100969 0.110318
2 0.183198 0.698314 0.061002 0.097229
2 0.225269 0.700184 0.029449 0.059833
2 0.241045 0.682421 0.054691 0.076662
2 0.289427 0.686160 0.031552 0.043005
2 0.311514 0.685225 0.016828 0.037396
2 0.327290 0.687095 0.012621 0.026177
2 0.343592 0.687095 0.013672 0.018698
2 0.863691 0.834810 0.271355 0.321606
8 0.671744 0.531901 0.026294 0.026177
6 0.603379 0.740385 0.091503 0.140235
2 0.546058 0.723556 0.092555 0.121537
2 0.500306 0.707663 0.055743 0.089750
2 0.480322 0.695509 0.049433 0.084141
2 0.453502 0.699249 0.023138 0.050484
2 0.454028 0.665592 0.022087 0.013088
2 0.416690 0.693639 0.056795 0.099099
2 0.378301 0.691770 0.013672 0.013088
7 0.338860 0.631936 0.008414 0.013088
7 0.383560 0.632871 0.005258 0.014958
8 0.222113 0.573972 0.018931 0.013088
