2 0.511500 0.473203 0.013198 0.026593
2 0.491262 0.467728 0.018478 0.021900
2 0.498741 0.488064 0.010559 0.021900
2 0.489062 0.493540 0.022878 0.035979
2 0.483342 0.501361 0.018478 0.029721
2 0.463984 0.505272 0.030797 0.040672
2 0.434096 0.515701 0.031677 0.053186
2 0.414737 0.521176 0.042236 0.054750
2 0.386580 0.528215 0.036956 0.065701
2 0.356662 0.536819 0.054555 0.073522
2 0.302107 0.555591 0.102071 0.107937
2 0.572244 0.469553 0.015838 0.029721
2 0.590282 0.467989 0.011439 0.023464
2 0.702033 0.454692 0.034317 0.018771
2 0.706872 0.497711 0.040476 0.076651
2 0.641318 0.505533 0.109990 0.183024
4 0.756881 0.483632 0.104711 0.161124
2 0.900822 0.471639 0.195343 0.289397
2 0.185884 0.582705 0.125829 0.139223
2 0.079413 0.625724 0.157506 0.212746
