8 0.854823 0.279374 0.032695 0.052499
2 0.578495 0.579642 0.060117 0.116249
2 0.577968 0.602142 0.046406 0.116249
2 0.511523 0.544955 0.008437 0.016874
2 0.502031 0.547767 0.012656 0.014999
2 0.492538 0.546830 0.010546 0.016874
2 0.483574 0.551517 0.009492 0.014999
2 0.475136 0.550580 0.011601 0.020624
2 0.360702 0.560892 0.025312 0.037499
2 0.247324 0.572142 0.051679 0.052499
2 0.206718 0.583392 0.040078 0.048749
2 0.157675 0.577767 0.062226 0.067499
2 0.089121 0.584330 0.081210 0.080624
2 0.533671 0.549999 0.012656 0.018749
2 0.642304 0.624999 0.128671 0.176249
4 0.274218 0.540624 0.088593 0.082499
4 0.454570 0.542499 0.035859 0.056249
4 0.406328 0.544394 0.071170 0.069374
2 0.026641 0.592206 0.053282 0.097499
2 0.282149 0.566894 0.027421 0.024374
2 0.478357 0.463862 0.017994 0.010663
2 0.459763 0.464928 0.016795 0.012796
2 0.434391 0.462795 0.013196 0.012796
