7 0.235378 0.157541 0.014010 0.054797
7 0.511387 0.086554 0.016812 0.062269
7 0.495275 0.085309 0.015411 0.059778
8 0.088266 0.208602 0.030823 0.022416
8 0.084764 0.226037 0.023818 0.012453
8 0.660600 0.181203 0.023818 0.017435
8 0.647990 0.197393 0.035026 0.024907
8 0.649391 0.253436 0.015411 0.042343
8 0.566028 0.111462 0.064448 0.032380
7 0.667465 0.266014 0.016812 0.034870
7 0.422279 0.282204 0.014010 0.027398
2 0.124694 0.343104 0.025219 0.022416
2 0.095272 0.349331 0.030823 0.034870
2 0.041331 0.346840 0.082662 0.074723
2 0.543611 0.356803 0.019614 0.049815
2 0.559723 0.358049 0.037828 0.062269
2 0.028021 0.365832 0.056042 0.075345
2 0.300527 0.350576 0.161122 0.239114
2 0.490371 0.351822 0.098074 0.191789
2 0.577237 0.371748 0.053240 0.067250
0 0.669006 0.340613 0.023818 0.067250
0 0.724348 0.387938 0.028021 0.171863
0 0.702982 0.383579 0.037828 0.211715
7 0.988799 0.109594 0.018213 0.062269
7 0.947467 0.009340 0.036427 0.018680
8 0.949569 0.043588 0.043432 0.079704
2 0.869008 0.439621 0.257795 0.513099
