2 0.260757 0.445576 0.035169 0.038279
2 0.290902 0.436006 0.020814 0.026795
2 0.476296 0.420694 0.011483 0.021691
2 0.489574 0.430264 0.025121 0.043383
2 0.491010 0.437282 0.023685 0.042107
2 0.505006 0.444938 0.034451 0.054867
2 0.512183 0.460250 0.022967 0.072731
2 0.531203 0.456422 0.029427 0.100803
2 0.569603 0.466630 0.090435 0.141635
2 0.597164 0.482750 0.071774 0.173535
7 0.475219 0.354726 0.006459 0.015311
7 0.471272 0.368761 0.005741 0.017863
7 0.476655 0.368761 0.005024 0.015311
2 0.400604 0.535005 0.186613 0.311342
4 0.061327 0.513281 0.120581 0.574196
0 0.045536 0.559855 0.090435 0.493809
8 0.265924 0.272424 0.012201 0.017863
