8 0.416222 0.083109 0.055939 0.089502
8 0.376366 0.296921 0.040555 0.029834
8 0.687528 0.415015 0.025172 0.062154
2 0.940128 0.469889 0.016781 0.029834
2 0.906565 0.488535 0.039157 0.072099
2 0.729657 0.477348 0.020977 0.049723
2 0.711477 0.486049 0.046149 0.052209
2 0.768814 0.494751 0.076916 0.109392
2 0.845031 0.507182 0.111878 0.119337
2 0.670921 0.481077 0.029368 0.052209
2 0.596801 0.484806 0.043352 0.054696
2 0.582816 0.457458 0.034962 0.039779
2 0.549253 0.461187 0.043352 0.042265
2 0.520584 0.493508 0.125863 0.101933
2 0.361856 0.454972 0.194388 0.089502
7 0.434577 0.355524 0.029368 0.054696
2 0.180841 0.602722 0.361682 0.338121
2 0.982213 0.561700 0.035572 0.315745
8 0.414997 0.317565 0.016380 0.024961
2 0.631460 0.486749 0.056163 0.066563
