8 0.083514 0.213520 0.010331 0.016836
8 0.245376 0.185204 0.010331 0.018367
8 0.393463 0.174489 0.010331 0.018367
8 0.617315 0.319387 0.013775 0.015306
8 0.603109 0.320153 0.007748 0.013775
8 0.845328 0.273469 0.014636 0.039795
7 0.085236 0.253316 0.013775 0.055102
7 0.247528 0.223469 0.014636 0.053571
7 0.393893 0.210459 0.016358 0.052040
8 0.821549 0.105721 0.016358 0.038265
8 0.857213 0.100867 0.018080 0.032142
7 0.862379 0.172040 0.026690 0.097959
7 0.821483 0.179693 0.030994 0.088775
7 0.343354 0.350357 0.006887 0.016836
7 0.328718 0.350357 0.006887 0.016836
8 0.337758 0.377143 0.012914 0.024489
0 0.067155 0.471428 0.015497 0.058163
0 0.116661 0.463010 0.012914 0.062755
0 0.804576 0.306122 0.019802 0.042857
2 0.145073 0.460969 0.019802 0.035204
2 0.159709 0.463265 0.028412 0.082653
2 0.198023 0.454081 0.067155 0.122449
2 0.350100 0.404541 0.029901 0.035204
2 0.459183 0.424234 0.163584 0.120918
2 0.303265 0.455051 0.179942 0.154591
2 0.916620 0.281326 0.093845 0.052040
0 0.622395 0.385561 0.012914 0.062755
1 0.676291 0.381122 0.024107 0.105612
1 0.712022 0.371173 0.038743 0.146938
5 0.709008 0.402551 0.037882 0.096428
5 0.666390 0.399489 0.050797 0.084183
2 0.831840 0.398836 0.212659 0.220408
1 0.907336 0.427551 0.181664 0.795918
6 0.873328 0.639541 0.251403 0.469898
8 0.289285 0.232398 0.020663 0.035204
