7 0.382898 0.331279 0.010796 0.034123
7 0.621627 0.307819 0.010796 0.034123
7 0.184357 0.364336 0.009597 0.023459
7 0.506462 0.412321 0.008397 0.021326
2 0.504662 0.464573 0.016795 0.023459
2 0.479470 0.460307 0.023992 0.027725
2 0.450078 0.456042 0.017994 0.027725
2 0.477070 0.481634 0.045586 0.031990
2 0.162164 0.470971 0.097171 0.066113
2 0.080782 0.548814 0.161564 0.319905
2 0.357106 0.507967 0.213536 0.414395
0 0.663015 0.477369 0.011996 0.066113
0 0.682209 0.483767 0.011996 0.061848
0 0.699004 0.473103 0.011996 0.070379
0 0.709801 0.484833 0.009597 0.072511
7 0.790177 0.239573 0.016795 0.042654
3 0.862698 0.470971 0.274602 0.471326
3 0.569443 0.430449 0.117565 0.258056
