8 0.615103 0.358729 0.017546 0.017329
2 0.403570 0.428915 0.066286 0.046790
2 0.542967 0.421116 0.017546 0.034659
2 0.560514 0.429781 0.025345 0.048523
2 0.575136 0.432381 0.027294 0.053722
2 0.595120 0.434980 0.032168 0.058921
2 0.619977 0.442779 0.037042 0.060654
2 0.681390 0.439313 0.120876 0.136906
2 0.101867 0.418517 0.049715 0.046790
2 0.218356 0.425449 0.066286 0.053722
2 0.793493 0.471373 0.171566 0.187163
2 0.912907 0.534627 0.170591 0.382991
2 0.023882 0.428048 0.045815 0.045057
2 0.489840 0.477439 0.116002 0.168100
