2 0.191343 0.446952 0.018457 0.021093
2 0.209800 0.441796 0.023730 0.025781
2 0.228257 0.448827 0.013183 0.021093
2 0.242759 0.441796 0.015820 0.030468
2 0.253306 0.439452 0.015820 0.030468
2 0.271103 0.441796 0.019775 0.025781
2 0.290879 0.441796 0.017138 0.016406
2 0.322519 0.449999 0.046142 0.065624
4 0.395688 0.452343 0.087011 0.126562
8 0.653469 0.267187 0.017056 0.037499
7 0.470176 0.384374 0.009228 0.028124
7 0.447104 0.397265 0.010546 0.025781
7 0.412827 0.382030 0.007910 0.018749
7 0.376572 0.378515 0.003955 0.025781
7 0.244736 0.365624 0.009228 0.023437
7 0.300107 0.353906 0.009228 0.023437
8 0.277695 0.364452 0.014501 0.016406
7 0.339658 0.367968 0.009228 0.023437
