7 0.527769 0.051851 0.030301 0.103702
7 0.724482 0.350151 0.024792 0.099576
7 0.724023 0.445646 0.016528 0.035912
7 0.527981 0.053053 0.028465 0.102841
7 0.686834 0.444830 0.015609 0.040810
2 0.611649 0.570036 0.076431 0.101209
8 0.433621 0.482702 0.008264 0.027750
2 0.317466 0.539836 0.025710 0.024486
2 0.357868 0.540652 0.047747 0.032648
2 0.375314 0.557793 0.071621 0.070193
2 0.898153 0.537388 0.077131 0.062031
2 0.832959 0.545550 0.060603 0.055501
2 0.789343 0.539836 0.054175 0.040810
2 0.792557 0.579830 0.146916 0.097944
2 0.698898 0.582279 0.089986 0.106106
4 0.476852 0.574648 0.202928 0.163240
3 0.197252 0.520779 0.187318 0.228536
2 0.089819 0.541184 0.031219 0.034280
2 0.983670 0.534657 0.031219 0.078355
2 0.951532 0.538738 0.060603 0.053869
2 0.959337 0.686471 0.079885 0.179564
