7 0.348306 0.510496 0.011063 0.044701
7 0.788844 0.121589 0.027156 0.135894
7 0.040533 0.498874 0.009052 0.032185
2 0.582656 0.640132 0.103596 0.067947
2 0.702849 0.633874 0.100579 0.076887
2 0.386526 0.595430 0.041237 0.046490
2 0.352329 0.592748 0.059341 0.030397
2 0.531864 0.588278 0.042243 0.032185
2 0.595732 0.590960 0.059341 0.041125
2 0.945748 0.632980 0.085492 0.057218
2 0.900487 0.602582 0.041237 0.028609
2 0.864279 0.602582 0.023133 0.032185
2 0.775266 0.607946 0.032185 0.060794
8 0.684744 0.581125 0.016092 0.050066
