2 0.914247 0.600771 0.171458 0.412770
2 0.030474 0.514575 0.060948 0.245234
2 0.110799 0.513361 0.105165 0.145683
2 0.185917 0.483010 0.075118 0.114118
2 0.230305 0.480582 0.032778 0.080125
2 0.253523 0.452659 0.071020 0.092266
2 0.769789 0.506076 0.295009 0.291367
2 0.635942 0.451445 0.155699 0.196672
2 0.560824 0.446589 0.071020 0.128687
2 0.530094 0.433235 0.034144 0.077697
2 0.510290 0.436877 0.030047 0.070413
2 0.442001 0.428379 0.027315 0.033992
2 0.477512 0.428379 0.027315 0.029136
2 0.403759 0.433235 0.032778 0.043705
8 0.663941 0.203783 0.034144 0.060701
8 0.672136 0.255986 0.020486 0.029136
2 0.363001 0.432532 0.040966 0.051513
