2 0.573042 0.441113 0.009597 0.023459
2 0.559246 0.444312 0.017994 0.025592
2 0.591036 0.449644 0.011996 0.019194
4 0.539452 0.418720 0.019194 0.034123
2 0.532254 0.447511 0.021593 0.049052
2 0.460875 0.425118 0.013196 0.021326
2 0.437482 0.425118 0.031190 0.029857
2 0.404492 0.427250 0.032390 0.025592
2 0.362504 0.422985 0.058782 0.042654
2 0.299523 0.418720 0.091172 0.063980
2 0.219147 0.430449 0.112766 0.053317
2 0.150767 0.427250 0.076777 0.068246
2 0.042393 0.417653 0.084787 0.091706
2 0.056789 0.401658 0.113578 0.110900
2 0.495665 0.454975 0.065980 0.106635
2 0.633624 0.486966 0.065980 0.102369
