8 0.239602 0.348157 0.043963 0.024868
8 0.267080 0.329506 0.028976 0.023092
8 0.771664 0.292203 0.028976 0.044407
8 0.829617 0.401447 0.018984 0.014210
8 0.837610 0.427203 0.032972 0.019539
7 0.693229 0.236250 0.013988 0.060394
7 0.473410 0.288651 0.011990 0.044407
7 0.674245 0.237138 0.019983 0.062171
2 0.476407 0.513355 0.021981 0.042631
2 0.423951 0.513355 0.024979 0.042631
2 0.448430 0.524901 0.045962 0.069276
2 0.382984 0.518684 0.060949 0.078157
0 0.301052 0.526677 0.016986 0.101249
0 0.150675 0.530230 0.019983 0.119013
0 0.190143 0.501809 0.020982 0.111907
0 0.272076 0.494703 0.014987 0.040855
0 0.226613 0.522236 0.013988 0.085263
0 0.241101 0.508026 0.012989 0.085263
0 0.214123 0.499144 0.012989 0.078157
0 0.118702 0.510690 0.019983 0.126118
0 0.078735 0.513355 0.027976 0.124342
0 0.047760 0.512467 0.021981 0.115460
0 0.014887 0.493815 0.029775 0.124342
0 0.721705 0.544440 0.010990 0.062171
0 0.706718 0.541776 0.010990 0.053289
0 0.679740 0.539111 0.010990 0.044407
0 0.652762 0.533782 0.010990 0.037302
3 0.558840 0.476052 0.146879 0.266447
0 0.640448 0.534627 0.007798 0.043324
2 0.857830 0.620411 0.280744 0.384724
