2 0.728164 0.418283 0.013291 0.021940
2 0.726265 0.433473 0.017088 0.021940
2 0.682911 0.419971 0.013924 0.015189
2 0.674999 0.431786 0.013291 0.025316
2 0.642721 0.458790 0.022784 0.021940
2 0.621360 0.490857 0.012341 0.035443
2 0.738607 0.445288 0.026582 0.021940
2 0.501265 0.494233 0.026582 0.035443
2 0.534493 0.493389 0.043670 0.040506
2 0.665031 0.441350 0.019936 0.025316
2 0.700790 0.435442 0.016139 0.023628
2 0.723100 0.464978 0.020886 0.025316
2 0.728922 0.500562 0.032528 0.041913
2 0.676988 0.492826 0.031465 0.037130
2 0.642404 0.502109 0.045569 0.062447
2 0.567740 0.506909 0.044620 0.055696
