8 0.459629 0.453984 0.017138 0.035156
8 0.050278 0.255937 0.047460 0.084374
8 0.082578 0.260624 0.014501 0.070312
8 0.155747 0.432890 0.010546 0.011718
8 0.164316 0.448124 0.030322 0.023437
8 0.293516 0.484452 0.017138 0.011718
8 0.264512 0.457499 0.011865 0.014062
2 0.335522 0.493359 0.009228 0.018749
2 0.346728 0.496874 0.015820 0.030468
2 0.349364 0.502734 0.013183 0.028124
2 0.364526 0.499218 0.025048 0.049218
2 0.321679 0.501562 0.026367 0.039843
2 0.301904 0.517968 0.042187 0.058593
2 0.406054 0.501562 0.021093 0.030468
2 0.432421 0.505077 0.039550 0.060937
2 0.461425 0.512109 0.042187 0.070312
2 0.536571 0.502734 0.029003 0.070312
2 0.593920 0.515624 0.048779 0.067968
2 0.071850 0.478124 0.025048 0.021093
2 0.101513 0.478124 0.044824 0.021093
2 0.823496 0.558280 0.167431 0.154687
2 0.224961 0.537187 0.127880 0.182812
2 0.380527 0.517265 0.043505 0.058593
2 0.507749 0.524296 0.079101 0.114843
2 0.662656 0.567655 0.196435 0.239062
8 0.600034 0.456327 0.026367 0.035156
4 0.909848 0.464530 0.126562 0.112499
2 0.968515 0.520780 0.061962 0.018749
