7 0.689682 0.161015 0.013183 0.082031
7 0.516977 0.285234 0.013183 0.063281
7 0.704843 0.166874 0.011865 0.070312
7 0.670566 0.165703 0.022412 0.077343
7 0.814926 0.464530 0.026367 0.037499
2 0.368662 0.577030 0.011865 0.037499
2 0.565097 0.571171 0.017138 0.030468
2 0.579599 0.568827 0.027685 0.044531
2 0.602671 0.567655 0.036914 0.051562
4 0.336156 0.560121 0.053146 0.076005
2 0.448423 0.571171 0.018457 0.030468
2 0.426011 0.573515 0.021093 0.025781
2 0.393052 0.578202 0.021093 0.035156
2 0.497861 0.567655 0.022412 0.037499
2 0.327793 0.591093 0.056689 0.065624
2 0.707297 0.623145 0.222436 0.287880
