0 0.225745 0.430721 0.017994 0.095429
0 0.355906 0.481634 0.011996 0.057582
0 0.375700 0.483767 0.015595 0.066113
0 0.401493 0.482701 0.011996 0.068246
0 0.420087 0.479502 0.013196 0.066113
0 0.446479 0.485900 0.005998 0.053317
0 0.340311 0.477369 0.009597 0.070379
0 0.324716 0.457108 0.011996 0.042653
0 0.307921 0.440047 0.009597 0.025592
0 0.072790 0.429383 0.031190 0.063981
0 0.469872 0.473103 0.011996 0.019194
2 0.473471 0.499762 0.031190 0.051184
2 0.274930 0.493364 0.116365 0.089573
2 0.129174 0.489099 0.187144 0.132227
2 0.027204 0.608801 0.052784 0.451589
2 0.510061 0.508293 0.070778 0.076777
2 0.684609 0.499762 0.011996 0.017061
2 0.661216 0.501895 0.008397 0.021326
2 0.648619 0.505094 0.016795 0.019194
2 0.630625 0.500829 0.016795 0.019194
2 0.613230 0.499762 0.013196 0.025592
2 0.598234 0.497629 0.021593 0.029857
4 0.708002 0.491231 0.041987 0.098104
2 0.737393 0.506160 0.014395 0.029857
4 0.760186 0.510426 0.028791 0.063980
4 0.772783 0.499762 0.044386 0.085307
8 0.788978 0.446445 0.011996 0.021327
8 0.830365 0.446445 0.015595 0.021327
8 0.880750 0.461374 0.008397 0.025592
2 0.811771 0.529620 0.019194 0.046919
2 0.839963 0.533885 0.051584 0.068246
2 0.853159 0.547748 0.034789 0.061848
2 0.898145 0.556279 0.079176 0.100236
0 0.132563 0.411615 0.012069 0.028609
2 0.562540 0.491185 0.035202 0.041125
