2 0.596952 0.512678 0.010546 0.018749
2 0.587460 0.514553 0.016874 0.022499
2 0.553710 0.508928 0.016874 0.018749
2 0.547382 0.526740 0.027421 0.035624
2 0.570058 0.519240 0.022148 0.028124
2 0.521687 0.533812 0.036914 0.050624
2 0.649496 0.543937 0.096358 0.120374
2 0.364012 0.544124 0.073828 0.059999
8 0.685019 0.433124 0.025312 0.013124
8 0.719823 0.439687 0.012656 0.037499
8 0.668144 0.448124 0.010546 0.016874
8 0.669726 0.469687 0.009492 0.014999
2 0.817643 0.458144 0.078046 0.073124
3 0.556874 0.497142 0.033749 0.014999
2 0.490895 0.526677 0.030974 0.019539
