2 0.566840 0.532204 0.011958 0.012755
2 0.609493 0.556653 0.035875 0.040393
2 0.559067 0.535393 0.017937 0.019133
2 0.579397 0.534330 0.017937 0.025511
2 0.642977 0.560905 0.045442 0.048897
2 0.678255 0.559842 0.034680 0.046771
2 0.757581 0.566574 0.049030 0.051023
7 0.547108 0.450708 0.010762 0.014881
7 0.681643 0.458149 0.011958 0.017007
7 0.542923 0.496417 0.009566 0.012755
2 0.542923 0.531496 0.016742 0.021259
7 0.477150 0.505984 0.011958 0.017007
7 0.498676 0.448582 0.009566 0.021259
8 0.621850 0.466653 0.021525 0.031889
8 0.432963 0.330759 0.024036 0.066243
8 0.867242 0.448582 0.009566 0.008503
8 0.869634 0.458149 0.014350 0.006377
8 0.863056 0.465590 0.017937 0.012755
1 0.711062 0.555945 0.011001 0.027637
5 0.711691 0.567637 0.015131 0.017007
5 0.378899 0.639016 0.029004 0.095984
8 0.486430 0.461038 0.015760 0.028018
