7 0.257836 0.163767 0.028269 0.071052
8 0.046303 0.200160 0.092606 0.060654
8 0.432327 0.485237 0.020470 0.020795
8 0.577086 0.474839 0.019496 0.013863
7 0.546379 0.476572 0.012672 0.031193
7 0.460109 0.472240 0.011697 0.036392
4 0.912420 0.478305 0.173515 0.287676
4 0.769610 0.507766 0.117951 0.159435
2 0.604380 0.552824 0.050690 0.065853
2 0.550766 0.561489 0.038992 0.062387
2 0.706248 0.564955 0.184238 0.235686
2 0.490328 0.591816 0.115027 0.157702
2 0.410919 0.563222 0.038093 0.048523
2 0.321686 0.588350 0.085783 0.102246
2 0.202272 0.620411 0.116002 0.114377
