7 0.484889 0.420921 0.007568 0.020182
8 0.725820 0.362167 0.017659 0.015697
8 0.552753 0.418230 0.012614 0.006727
8 0.056133 0.422715 0.018921 0.015697
8 0.057992 0.434126 0.015202 0.017007
2 0.240765 0.481469 0.028082 0.030049
2 0.162092 0.486627 0.051718 0.040365
2 0.394067 0.450070 0.015137 0.023385
2 0.370100 0.450168 0.015137 0.023581
2 0.366694 0.463157 0.021444 0.015543
2 0.629196 0.466444 0.052979 0.040365
2 0.544302 0.473620 0.029012 0.040365
2 0.581262 0.482366 0.044906 0.057857
2 0.938117 0.511295 0.122357 0.156976
2 0.751932 0.547175 0.248499 0.269102
2 0.533520 0.444756 0.016742 0.021259
2 0.522758 0.442630 0.016742 0.025511
2 0.507211 0.439441 0.014350 0.019133
8 0.842652 0.370346 0.020329 0.051023
