7 0.953239 0.187529 0.013984 0.054696
7 0.776331 0.183800 0.015383 0.057182
7 0.647671 0.134076 0.015383 0.057182
7 0.620400 0.136562 0.011187 0.042265
7 0.660257 0.135319 0.009789 0.044751
8 0.730880 0.161424 0.058736 0.027348
7 0.679137 0.273303 0.008390 0.022375
7 0.616205 0.258385 0.008390 0.027348
2 0.571454 0.299408 0.041954 0.054696
0 0.680535 0.327999 0.008390 0.052209
0 0.667250 0.325512 0.009789 0.057182
8 0.737873 0.275789 0.016781 0.027348
2 0.774933 0.351617 0.032165 0.034806
4 0.795211 0.332971 0.013984 0.027348
2 0.845556 0.359076 0.011187 0.029834
2 0.857908 0.367778 0.020046 0.032320
3 0.821082 0.347888 0.043352 0.072099
3 0.923171 0.361562 0.121667 0.104419
2 0.345599 0.275789 0.026571 0.037292
2 0.312735 0.274546 0.044751 0.034806
0 0.251901 0.263358 0.012586 0.042265
0 0.236518 0.264601 0.009789 0.034806
0 0.226728 0.263358 0.006992 0.037292
0 0.217638 0.263358 0.008390 0.032320
8 0.165195 0.166396 0.015383 0.017403
0 0.972172 0.544297 0.054648 0.270994
0 0.406433 0.296921 0.128660 0.447513
2 0.478455 0.325512 0.250328 0.186464
