8 0.507599 0.144871 0.032390 0.027725
8 0.529192 0.316553 0.010796 0.025592
8 0.472659 0.388506 0.009597 0.014928
8 0.455864 0.386374 0.033590 0.014928
2 0.485855 0.389217 0.011996 0.014928
2 0.489454 0.394549 0.011996 0.012796
2 0.468460 0.403080 0.015595 0.021326
2 0.460063 0.405213 0.015595 0.021326
2 0.452265 0.407345 0.014395 0.029857
2 0.437869 0.411611 0.028791 0.042654
2 0.416876 0.407345 0.022793 0.029857
2 0.402480 0.402013 0.020393 0.031990
2 0.379687 0.430805 0.063581 0.085307
2 0.297511 0.448933 0.139158 0.177014
2 0.182945 0.446800 0.097171 0.117298
