7 0.300326 0.572275 0.008264 0.019588
7 0.341187 0.544524 0.007345 0.026118
7 0.448620 0.549421 0.007345 0.019588
7 0.442651 0.550237 0.006427 0.017956
8 0.506162 0.544570 0.013773 0.016324
8 0.520394 0.575586 0.016528 0.029383
8 0.557123 0.555181 0.023873 0.050604
8 0.586966 0.539673 0.043156 0.039177
2 0.446324 0.617982 0.015609 0.022853
2 0.398117 0.615533 0.036729 0.024486
2 0.372407 0.621247 0.014691 0.016324
2 0.331086 0.654711 0.027546 0.047339
2 0.473412 0.632674 0.033056 0.045707
2 0.521160 0.657782 0.075294 0.142408
4 0.245232 0.617982 0.112942 0.166505
4 0.106347 0.602900 0.211192 0.657859
2 0.402031 0.794709 0.230475 0.347702
0 0.673738 0.653778 0.040402 0.142019
0 0.738014 0.660308 0.033056 0.119165
0 0.608544 0.648881 0.020201 0.079987
0 0.552773 0.643712 0.011018 0.058766
0 0.563333 0.639631 0.013773 0.063663
0 0.573892 0.643712 0.018364 0.081620
0 0.586288 0.644528 0.011936 0.089782
0 0.593634 0.644528 0.013773 0.083252
0 0.795999 0.657722 0.039692 0.127601
0 0.847316 0.667380 0.050502 0.163240
