2 0.299617 0.515816 0.041326 0.085714
2 0.257860 0.521939 0.076626 0.107142
2 0.421301 0.466326 0.010331 0.012244
2 0.438090 0.468622 0.007748 0.019897
2 0.446269 0.472449 0.012053 0.018367
2 0.556640 0.523469 0.054768 0.113265
2 0.577997 0.534949 0.046492 0.145408
2 0.615019 0.539541 0.080931 0.154591
2 0.136033 0.522704 0.175637 0.179081
2 0.376387 0.512755 0.064572 0.082653
2 0.421157 0.487500 0.018080 0.016836
2 0.507828 0.505102 0.031855 0.045918
2 0.701116 0.573724 0.184247 0.225000
8 0.236623 0.403571 0.016358 0.024489
8 0.234040 0.436479 0.014636 0.026020
