7 0.462969 0.382742 0.009360 0.016640
7 0.324316 0.406664 0.008190 0.018721
7 0.365854 0.387943 0.011700 0.022881
8 0.582317 0.377542 0.009360 0.022881
8 0.478765 0.409784 0.017551 0.020801
8 0.155826 0.375462 0.015210 0.018721
8 0.226615 0.395223 0.009360 0.016640
2 0.463554 0.428505 0.029251 0.024961
2 0.500412 0.435786 0.032761 0.039522
2 0.526738 0.440986 0.024571 0.041602
2 0.554820 0.449306 0.043292 0.049922
2 0.605718 0.437866 0.056163 0.047842
2 0.660126 0.435786 0.064353 0.043682
2 0.365854 0.416024 0.016380 0.016640
2 0.348303 0.425385 0.018721 0.022881
2 0.369364 0.433706 0.023401 0.018721
2 0.389255 0.429545 0.025741 0.022881
2 0.269323 0.426425 0.017551 0.020801
2 0.255282 0.438906 0.019891 0.024961
2 0.325486 0.428505 0.017551 0.016640
8 0.506847 0.401464 0.010530 0.020801
8 0.111948 0.319299 0.014040 0.018721
