7 0.535244 0.280117 0.019716 0.037113
7 0.590915 0.272901 0.017396 0.030927
7 0.644265 0.264653 0.019716 0.047422
7 0.741108 0.310014 0.020876 0.039175
8 0.575837 0.313991 0.040592 0.032989
8 0.605992 0.315022 0.012757 0.030927
8 0.643685 0.308836 0.060309 0.039175
8 0.615270 0.370692 0.022036 0.018556
8 0.643685 0.368630 0.025515 0.018556
2 0.467976 0.402061 0.068427 0.092783
2 0.975409 0.496842 0.045231 0.101030
2 0.300989 0.420554 0.076546 0.150515
2 0.211105 0.389626 0.042912 0.059793
2 0.655886 0.391688 0.018556 0.026804
7 0.444224 0.324677 0.015077 0.024742
