8 0.687176 0.263921 0.077487 0.027551
8 0.736682 0.359584 0.028412 0.016836
8 0.718602 0.374125 0.011192 0.021428
8 0.571770 0.419387 0.011192 0.006122
7 0.637548 0.212755 0.009470 0.050510
7 0.498501 0.189796 0.013775 0.065816
7 0.473705 0.416326 0.003788 0.022653
7 0.472241 0.452449 0.002582 0.012244
7 0.738712 0.405765 0.018941 0.026020
2 0.203188 0.423979 0.030994 0.021428
2 0.120966 0.440816 0.033577 0.045918
2 0.056824 0.434694 0.105038 0.076530
2 0.486792 0.481224 0.006887 0.018367
2 0.493249 0.481990 0.009470 0.022959
2 0.504872 0.481990 0.020663 0.044387
2 0.596135 0.493469 0.048214 0.067346
2 0.481196 0.482755 0.006026 0.021428
2 0.473016 0.480459 0.013775 0.038265
2 0.433412 0.471275 0.006887 0.019897
2 0.419206 0.475867 0.023246 0.044387
2 0.386919 0.473571 0.053380 0.064285
2 0.385628 0.479694 0.037021 0.052040
2 0.348176 0.475102 0.055102 0.064285
2 0.316234 0.477398 0.091434 0.090306
2 0.259324 0.480459 0.149808 0.105612
2 0.451320 0.485816 0.046492 0.070408
2 0.539241 0.500462 0.071460 0.096428
2 0.643848 0.515768 0.065433 0.078061
2 0.011192 0.442347 0.021524 0.064285
2 0.948828 0.720000 0.099761 0.423529
