7 0.486068 0.258767 0.013196 0.072511
7 0.567044 0.209715 0.011996 0.072511
7 0.111179 0.373933 0.011996 0.055450
7 0.092584 0.428317 0.022793 0.036255
7 0.646820 0.461374 0.015595 0.025592
8 0.107580 0.324881 0.035989 0.025592
8 0.121976 0.284359 0.028791 0.046919
8 0.348708 0.360070 0.026392 0.014928
8 0.346309 0.393127 0.021593 0.042653
8 0.856758 0.354739 0.029991 0.042654
8 0.856758 0.291824 0.039588 0.019194
8 0.848960 0.261966 0.016795 0.023459
8 0.879551 0.213980 0.032390 0.025592
8 0.857957 0.136137 0.063581 0.044786
7 0.471072 0.263032 0.011996 0.063980
7 0.555647 0.220378 0.010796 0.063980
8 0.637823 0.435781 0.028791 0.012796
8 0.754188 0.432582 0.011996 0.057582
2 0.369102 0.520023 0.040787 0.066113
2 0.517258 0.581871 0.363492 0.518246
2 0.854900 0.667179 0.290198 0.437203
