7 0.539783 0.420283 0.014327 0.040754
7 0.367133 0.389717 0.010029 0.045849
7 0.356387 0.387170 0.011462 0.035660
7 0.460980 0.489057 0.008596 0.030566
8 0.626467 0.458490 0.018626 0.015283
8 0.618586 0.472500 0.017193 0.017830
7 0.511844 0.497972 0.012895 0.028018
2 0.095877 0.528588 0.145319 0.115090
2 0.739571 0.592446 0.140675 0.150539
2 0.338477 0.531085 0.058744 0.048396
2 0.931236 0.579816 0.084223 0.059253
7 0.542079 0.509892 0.012292 0.024280
2 0.416427 0.522032 0.017755 0.024280
2 0.395257 0.522032 0.013657 0.024280
2 0.378868 0.526888 0.016389 0.029136
2 0.458083 0.520818 0.019120 0.021852
2 0.510165 0.524460 0.016025 0.019424
2 0.498055 0.525674 0.013657 0.021852
7 0.622797 0.501394 0.010926 0.021852
