2 0.408190 0.443144 0.032604 0.044875
2 0.435536 0.441274 0.026294 0.044875
2 0.343506 0.449688 0.014724 0.043005
2 0.305643 0.454363 0.033656 0.071052
2 0.273564 0.460907 0.053640 0.084141
2 0.233176 0.470256 0.064999 0.110318
2 0.165653 0.480540 0.099917 0.145844
2 0.480341 0.442209 0.011569 0.028047
2 0.487704 0.438469 0.013672 0.039265
2 0.507161 0.433795 0.039967 0.063573
2 0.530826 0.445014 0.032604 0.078531
2 0.570267 0.451558 0.077830 0.110318
2 0.065209 0.501482 0.130419 0.179501
2 0.370221 0.456232 0.058898 0.086011
2 0.666188 0.472126 0.136729 0.173892
