2 0.405546 0.362167 0.013875 0.022425
2 0.415006 0.366652 0.015137 0.022425
2 0.430774 0.384592 0.021444 0.026910
2 0.455372 0.395805 0.035319 0.049335
2 0.500783 0.382350 0.017659 0.031395
2 0.529165 0.401411 0.046672 0.056063
2 0.555024 0.382350 0.012614 0.017940
2 0.484385 0.387956 0.020182 0.033637
2 0.587821 0.418230 0.088299 0.116611
2 0.362658 0.394684 0.074423 0.100913
2 0.391040 0.363288 0.012614 0.020182
2 0.323554 0.374501 0.013875 0.024667
2 0.300848 0.375622 0.036581 0.026910
2 0.264898 0.378986 0.020182 0.020182
2 0.234624 0.376743 0.022705 0.024667
2 0.191105 0.376743 0.039104 0.038122
2 0.089560 0.366652 0.174075 0.094185
8 0.394824 0.264617 0.017659 0.033637
8 0.442127 0.310589 0.018921 0.013455
8 0.480600 0.311710 0.017659 0.015697
8 0.478708 0.330772 0.026489 0.026910
8 0.440866 0.330772 0.039104 0.026910
8 0.666029 0.271345 0.022705 0.038122
8 0.278773 0.192857 0.037842 0.042607
8 0.130556 0.181644 0.039104 0.047092
