2 0.103221 0.426804 0.206443 0.222680
2 0.198324 0.381443 0.044072 0.057731
2 0.373453 0.369072 0.016237 0.022680
2 0.319523 0.368041 0.010438 0.016494
2 0.349097 0.366907 0.018556 0.030721
2 0.425064 0.343299 0.042912 0.008247
2 0.282989 0.399587 0.088144 0.107216
2 0.412886 0.404639 0.085824 0.112371
2 0.585116 0.464948 0.260953 0.296907
8 0.393109 0.183649 0.105745 0.101180
8 0.521327 0.308247 0.028994 0.032989
2 0.333440 0.367835 0.012757 0.024742
8 0.413523 0.120585 0.059253 0.022176
8 0.211283 0.331262 0.006237 0.016632
8 0.268198 0.330569 0.010915 0.029106
8 0.350450 0.322253 0.036643 0.018018
8 0.467787 0.330569 0.009355 0.031878
2 0.353057 0.579825 0.008576 0.002772
