2 0.047109 0.742581 0.094219 0.338331
2 0.803478 0.689890 0.389982 0.510271
2 0.057717 0.546792 0.104203 0.106491
2 0.147257 0.547397 0.024958 0.028841
2 0.180640 0.550170 0.038062 0.045480
2 0.505729 0.574020 0.054285 0.059901
2 0.346148 0.543549 0.015599 0.021076
2 0.158333 0.539112 0.018095 0.025513
2 0.204195 0.540221 0.009983 0.014420
2 0.219170 0.534120 0.008735 0.013311
2 0.235705 0.535229 0.005615 0.008874
2 0.231649 0.533565 0.003743 0.009983
2 0.227282 0.530238 0.004991 0.007764
2 0.228218 0.536339 0.005615 0.008874
2 0.334917 0.541885 0.013727 0.017748
2 0.325245 0.540776 0.009359 0.015529
2 0.295919 0.532456 0.009359 0.012202
2 0.288119 0.530238 0.006239 0.009983
2 0.282815 0.528019 0.004367 0.009983
2 0.436936 0.554642 0.025582 0.043262
2 0.447856 0.561298 0.022463 0.041043
2 0.468759 0.564625 0.038062 0.052136
2 0.248809 0.528019 0.004367 0.012202
2 0.242569 0.530792 0.005615 0.011092
8 0.212930 0.361626 0.049917 0.023294
8 0.237889 0.397678 0.011231 0.044371
8 0.213242 0.500287 0.020591 0.034387
8 0.123702 0.515817 0.007487 0.014420
8 0.212930 0.392132 0.031198 0.033278
8 0.214178 0.442604 0.026206 0.034387
7 0.211994 0.443159 0.009359 0.035497
7 0.426329 0.314482 0.014975 0.057682
7 0.567347 0.450924 0.008111 0.035497
1 0.385365 0.628642 0.075888 0.276412
6 0.389338 0.668934 0.072135 0.221822
