2 0.006316 0.422308 0.010926 0.031564
2 0.054119 0.426991 0.049168 0.048561
2 0.078020 0.457342 0.036876 0.065557
2 0.031583 0.446416 0.055997 0.058273
2 0.140163 0.428205 0.046436 0.026708
2 0.217330 0.430633 0.069654 0.036420
2 0.278107 0.439131 0.046436 0.053417
2 0.330007 0.446416 0.060094 0.058273
2 0.418783 0.453700 0.073752 0.077697
2 0.490486 0.458556 0.080581 0.097122
2 0.568336 0.473124 0.116091 0.135971
2 0.734962 0.510759 0.203501 0.167536
2 0.937781 0.575103 0.122920 0.276798
2 0.120359 0.471910 0.086044 0.109262
8 0.825103 0.599383 0.034144 0.194244
8 0.775935 0.581173 0.031413 0.167536
8 0.727450 0.550822 0.030047 0.179676
8 0.623650 0.525328 0.019120 0.109262
8 0.589506 0.514401 0.016389 0.092266
8 0.575848 0.509545 0.019120 0.077697
8 0.562873 0.502261 0.015023 0.082554
8 0.445416 0.470696 0.015023 0.043705
8 0.430392 0.470696 0.015023 0.048561
8 0.249426 0.384500 0.016389 0.036420
8 0.174990 0.391784 0.012292 0.031564
8 0.103287 0.382072 0.013657 0.026708
8 0.436538 0.138052 0.213062 0.087410
8 0.431075 0.249743 0.090141 0.077697
