8 0.410603 0.524605 0.009592 0.024157
8 0.650806 0.487658 0.010391 0.012789
8 0.649207 0.513236 0.010391 0.027000
8 0.640814 0.514658 0.009592 0.021315
2 0.563278 0.596842 0.022381 0.028421
2 0.548090 0.598973 0.007993 0.018473
2 0.528107 0.596131 0.019184 0.027000
2 0.515717 0.603947 0.007194 0.014210
2 0.498931 0.600394 0.013588 0.032684
2 0.487340 0.601815 0.017585 0.032684
2 0.483343 0.604658 0.011190 0.027000
2 0.476549 0.608921 0.016786 0.032684
2 0.468156 0.611052 0.012789 0.034105
2 0.444176 0.603947 0.041565 0.071052
4 0.316681 0.642789 0.087128 0.116526
2 0.223957 0.682579 0.160667 0.147789
8 0.631222 0.544500 0.009592 0.021315
2 0.584460 0.595421 0.010391 0.025578
2 0.595251 0.594000 0.014388 0.034105
2 0.602445 0.595421 0.011190 0.036947
2 0.614835 0.596842 0.023180 0.051157
2 0.632421 0.601105 0.029575 0.085263
2 0.659998 0.607500 0.060750 0.106578
2 0.841582 0.562736 0.058351 0.090947
2 0.740066 0.623842 0.151075 0.184736
2 0.898642 0.679973 0.201708 0.501631
8 0.102354 0.530155 0.017138 0.046874
