2 0.026137 0.745724 0.052275 0.376502
2 0.132425 0.601156 0.263265 0.299537
4 0.272248 0.557473 0.133387 0.183050
2 0.341867 0.538752 0.057333 0.099845
2 0.355323 0.515870 0.081904 0.108166
2 0.395105 0.514830 0.018721 0.064483
2 0.406806 0.511710 0.021061 0.058243
2 0.453024 0.521071 0.050313 0.072804
2 0.662466 0.562673 0.136898 0.143528
4 0.588752 0.448266 0.134558 0.272496
4 0.402711 0.463867 0.038612 0.079044
4 0.509187 0.472188 0.036272 0.099845
2 0.520888 0.511710 0.019891 0.058243
2 0.485201 0.495069 0.016380 0.020801
8 0.023608 0.227773 0.043292 0.072804
