2 0.113263 0.785113 0.225254 0.425965
2 0.360980 0.600417 0.033070 0.056573
2 0.412146 0.597644 0.025582 0.051027
2 0.813672 0.587106 0.136650 0.085414
4 0.530700 0.557155 0.055533 0.116474
8 0.183148 0.544398 0.020591 0.042152
8 0.398730 0.518330 0.013727 0.032169
7 0.439604 0.420473 0.029012 0.029152
7 0.369595 0.504567 0.012614 0.031395
7 0.470635 0.540448 0.011352 0.026910
7 0.447299 0.546054 0.010091 0.024667
7 0.166128 0.456353 0.013875 0.042607
7 0.670570 0.518022 0.015137 0.017940
7 0.831401 0.452989 0.008829 0.026910
7 0.821940 0.452989 0.010091 0.026910
2 0.395454 0.603238 0.023966 0.040365
2 0.438595 0.587541 0.021444 0.031395
