2 0.268472 0.490365 0.008829 0.017940
2 0.285501 0.488122 0.020182 0.026910
2 0.300007 0.491486 0.026489 0.042607
2 0.323974 0.493728 0.051718 0.065033
2 0.332804 0.504941 0.046672 0.056063
2 0.253335 0.485880 0.018921 0.026910
2 0.239459 0.489243 0.013875 0.033637
2 0.231890 0.493728 0.016398 0.038122
2 0.223691 0.499335 0.022705 0.026910
2 0.210446 0.501577 0.021444 0.049335
2 0.192156 0.499335 0.032796 0.071760
2 0.383261 0.515032 0.087037 0.103156
2 0.669603 0.629401 0.369595 0.322923
2 0.030694 0.587914 0.060548 0.208554
8 0.200355 0.451120 0.013875 0.020182
8 0.165035 0.427574 0.021444 0.044850
8 0.349202 0.408513 0.021444 0.038122
8 0.465253 0.361420 0.021444 0.024667
2 0.458946 0.487001 0.061809 0.069518
