4 0.068459 0.772296 0.135212 0.415198
2 0.262571 0.877743 0.144773 0.152967
2 0.449684 0.809757 0.051899 0.084982
2 0.410281 0.807086 0.021852 0.029136
2 0.495642 0.793732 0.012292 0.021852
2 0.517495 0.790090 0.015023 0.019424
0 0.637001 0.787905 0.027315 0.084982
7 0.469010 0.559424 0.010926 0.048561
7 0.455352 0.558210 0.013657 0.046133
8 0.593296 0.535144 0.024584 0.053417
8 0.598076 0.588561 0.015023 0.024280
8 0.617880 0.589775 0.021852 0.021852
8 0.600125 0.622554 0.010926 0.053417
8 0.601491 0.655333 0.010926 0.016996
8 0.531836 0.691754 0.010926 0.016996
7 0.400174 0.732059 0.005463 0.026708
7 0.500559 0.727203 0.006828 0.021852
