8 0.389418 0.258414 0.028681 0.019424
7 0.104653 0.338540 0.008194 0.029136
7 0.604529 0.296049 0.008194 0.026708
7 0.450196 0.331256 0.005463 0.024280
7 0.392833 0.315474 0.005463 0.021852
7 0.114213 0.339754 0.008194 0.036420
2 0.491169 0.337326 0.013657 0.016996
2 0.477512 0.349467 0.013657 0.016996
2 0.476829 0.336112 0.012292 0.019424
2 0.506193 0.351895 0.016389 0.021852
2 0.512339 0.355537 0.020486 0.014568
2 0.493901 0.364035 0.021852 0.036420
2 0.542386 0.364035 0.023218 0.031564
2 0.653015 0.395600 0.028681 0.080125
2 0.691257 0.388316 0.050533 0.109262
2 0.758180 0.395600 0.094239 0.143255
2 0.453610 0.371319 0.017755 0.031564
2 0.407857 0.368891 0.010926 0.016996
2 0.396247 0.370105 0.009560 0.024280
2 0.387370 0.374961 0.008194 0.024280
2 0.364834 0.365249 0.015023 0.014568
2 0.377126 0.376175 0.015023 0.021852
2 0.349128 0.374961 0.019120 0.038848
2 0.329324 0.381031 0.020486 0.026708
2 0.287668 0.381031 0.019120 0.026708
2 0.265132 0.398028 0.042339 0.050989
2 0.307471 0.395600 0.042339 0.046133
2 0.196843 0.416238 0.061460 0.067985
2 0.439952 0.378603 0.025949 0.036420
2 0.480926 0.374961 0.025949 0.033992
2 0.518485 0.394386 0.046436 0.053417
2 0.562873 0.373747 0.042339 0.036420
2 0.860614 0.402884 0.135212 0.191816
2 0.978754 0.434449 0.040973 0.216097
2 0.027059 0.446589 0.054119 0.065557
0 0.600432 0.364035 0.005463 0.036420
0 0.592920 0.365249 0.006828 0.038848
0 0.624333 0.360393 0.006828 0.033992
0 0.629113 0.361607 0.005463 0.046133
0 0.612041 0.367677 0.009560 0.043705
0 0.111482 0.410168 0.010926 0.050989
0 0.124456 0.407740 0.012292 0.046133
2 0.088946 0.406526 0.023218 0.033992
8 0.081434 0.214709 0.032778 0.043705
8 0.333421 0.213495 0.039607 0.021852
8 0.278790 0.288765 0.015023 0.036420
8 0.392150 0.336112 0.015023 0.024280
7 0.715841 0.275411 0.009560 0.029136
7 0.709695 0.317902 0.013657 0.016996
7 0.721987 0.317902 0.010926 0.016996
8 0.336153 0.289979 0.017755 0.038848
