8 0.666302 0.358746 0.019891 0.011440
8 0.659574 0.382148 0.009945 0.016640
8 0.985344 0.374942 0.019306 0.041602
8 0.993242 0.348420 0.011700 0.092565
7 0.249517 0.402157 0.011115 0.024961
7 0.272333 0.402157 0.008775 0.029121
7 0.671424 0.423478 0.019891 0.023921
7 0.556952 0.453726 0.002340 0.009360
7 0.418592 0.187731 0.017551 0.061363
7 0.508687 0.261055 0.014040 0.049922
7 0.435171 0.189811 0.012285 0.059283
7 0.520879 0.260015 0.012870 0.056163
2 0.213976 0.501309 0.038027 0.034322
2 0.360235 0.485708 0.014040 0.013520
2 0.442432 0.484668 0.022816 0.036402
2 0.470221 0.483108 0.017551 0.022881
2 0.497425 0.478948 0.016966 0.014560
2 0.498595 0.491429 0.012285 0.020801
2 0.480752 0.487268 0.025741 0.022881
2 0.519657 0.474788 0.011115 0.024961
2 0.532235 0.487788 0.032761 0.044722
2 0.479026 0.547072 0.067864 0.099845
2 0.412624 0.502869 0.052068 0.071764
2 0.365822 0.539791 0.080149 0.101926
2 0.167495 0.514310 0.061428 0.053043
0 0.692388 0.522630 0.015210 0.102966
0 0.565968 0.480582 0.008775 0.036402
0 0.575914 0.482662 0.008775 0.040562
0 0.595220 0.472262 0.006435 0.044722
0 0.601948 0.476422 0.007020 0.046802
0 0.583812 0.479022 0.008190 0.054083
0 0.612771 0.482662 0.013455 0.061363
0 0.621839 0.496183 0.015210 0.073844
0 0.821879 0.542986 0.015795 0.069684
0 0.778294 0.522705 0.023401 0.116486
0 0.796430 0.528945 0.032761 0.112326
5 0.799063 0.547295 0.023986 0.063443
0 0.985504 0.603276 0.026326 0.309938
