8 0.615060 0.323760 0.050502 0.042442
8 0.562480 0.420228 0.009182 0.013059
7 0.527522 0.408101 0.006427 0.017956
2 0.698312 0.395858 0.020201 0.021221
2 0.405648 0.436395 0.032138 0.021221
2 0.361114 0.433946 0.038565 0.026118
2 0.296379 0.441292 0.035810 0.031015
2 0.244958 0.440476 0.063357 0.035912
0 0.191450 0.430955 0.022037 0.084885
0 0.143243 0.430955 0.021119 0.075090
0 0.098709 0.403204 0.020201 0.039177
0 0.067030 0.398307 0.019282 0.042442
2 0.536311 0.441332 0.011936 0.017956
2 0.559266 0.445413 0.024792 0.039177
2 0.609887 0.453855 0.049584 0.069120
2 0.650289 0.419854 0.016528 0.022853
