8 0.772739 0.267656 0.026367 0.014062
8 0.752963 0.286406 0.013183 0.018749
8 0.597397 0.315702 0.023730 0.072656
8 0.245395 0.343827 0.026367 0.044531
0 0.085215 0.468046 0.022412 0.105468
0 0.076646 0.471562 0.023730 0.089062
0 0.057529 0.469218 0.032958 0.103124
0 0.045664 0.486796 0.019775 0.086718
2 0.459579 0.416718 0.010546 0.018749
2 0.466830 0.415546 0.011865 0.016406
2 0.448373 0.417890 0.014501 0.025781
2 0.438486 0.421405 0.015820 0.028124
2 0.422665 0.424921 0.023730 0.035156
2 0.385092 0.408515 0.011865 0.016406
2 0.375204 0.417890 0.018457 0.030468
2 0.354111 0.419062 0.021093 0.042187
2 0.328403 0.428437 0.046142 0.051562
2 0.286874 0.413202 0.026367 0.025781
2 0.252597 0.428437 0.071191 0.060937
2 0.474081 0.415546 0.010546 0.016406
2 0.507699 0.414374 0.014501 0.023437
2 0.521542 0.414374 0.021093 0.023437
2 0.524838 0.438984 0.032958 0.058593
2 0.578322 0.406531 0.042368 0.029749
2 0.648764 0.381562 0.064599 0.042187
2 0.640194 0.402220 0.100195 0.046004
2 0.711442 0.402957 0.119970 0.082031
2 0.304540 0.465401 0.068554 0.079687
2 0.392870 0.433760 0.036914 0.049218
0 0.255887 0.435847 0.014622 0.077984
0 0.239802 0.426315 0.015596 0.072785
2 0.553203 0.450577 0.061412 0.062387
2 0.929479 0.433247 0.139397 0.162901
