8 0.474083 0.052699 0.107220 0.100913
8 0.358032 0.082973 0.122357 0.161461
8 0.624823 0.208928 0.025228 0.056063
8 0.849986 0.287790 0.011352 0.017940
2 0.930717 0.306851 0.021444 0.020182
2 0.874584 0.340489 0.015137 0.024667
2 0.861339 0.348338 0.016398 0.031395
2 0.841787 0.332640 0.030274 0.026910
2 0.834218 0.358429 0.037842 0.042607
2 0.802683 0.375248 0.042888 0.049335
2 0.766102 0.374127 0.035319 0.082973
2 0.726367 0.379733 0.066855 0.085215
2 0.659512 0.402159 0.066855 0.085215
2 0.602748 0.478404 0.122357 0.161461
3 0.898551 0.306104 0.037842 0.051578
1 0.708076 0.502325 0.100913 0.318438
1 0.517602 0.504567 0.128664 0.322923
1 0.231890 0.592026 0.213179 0.533720
6 0.725105 0.551660 0.117312 0.264617
6 0.505618 0.567358 0.112266 0.260132
6 0.235044 0.692939 0.274989 0.345348
