8 0.561489 0.233953 0.066286 0.031193
8 0.546379 0.325802 0.034118 0.072785
8 0.440613 0.444512 0.011697 0.022528
8 0.441100 0.472240 0.012672 0.008664
7 0.427453 0.458376 0.008773 0.029460
2 0.372376 0.490436 0.015596 0.031193
2 0.356292 0.497368 0.018521 0.027727
2 0.336308 0.512965 0.023395 0.034659
2 0.319736 0.514698 0.015596 0.034659
2 0.301215 0.517298 0.025345 0.032926
2 0.279282 0.547625 0.061412 0.065853
0 0.201297 0.554557 0.012672 0.062387
0 0.147195 0.505167 0.011697 0.039858
2 0.154994 0.571020 0.081883 0.088382
2 0.076035 0.601348 0.093581 0.090115
2 0.118926 0.538960 0.027294 0.045057
0 0.088220 0.530295 0.014622 0.045057
0 0.479118 0.506900 0.012672 0.025994
0 0.463033 0.505167 0.013647 0.025994
2 0.410394 0.519031 0.066286 0.050256
2 0.406494 0.523363 0.029244 0.024261
2 0.401620 0.551091 0.048740 0.069319
