2 0.140506 0.530098 0.189873 0.190435
2 0.333227 0.497890 0.053164 0.055696
2 0.401858 0.471072 0.035523 0.062074
2 0.543037 0.513923 0.113924 0.165400
2 0.707278 0.491982 0.074999 0.084388
2 0.669778 0.476793 0.049367 0.077637
2 0.425790 0.479324 0.014240 0.028691
2 0.455221 0.475949 0.018037 0.021940
2 0.461866 0.469198 0.012341 0.025316
2 0.795094 0.464978 0.075949 0.054008
8 0.408977 0.411621 0.009094 0.027388
8 0.634109 0.405786 0.014240 0.030379
8 0.722400 0.379867 0.016139 0.032067
8 0.723349 0.416154 0.018037 0.033755
2 0.590438 0.470162 0.016139 0.027004
2 0.636957 0.460879 0.021835 0.028691
8 0.768919 0.347799 0.012341 0.021940
2 0.001084 0.657774 0.002168 0.039555
7 0.502493 0.430009 0.005024 0.010207
