2 0.360284 0.505123 0.018037 0.023628
2 0.276740 0.507655 0.027531 0.038818
5 0.340822 0.515491 0.011392 0.020253
1 0.340347 0.498372 0.010443 0.026521
2 0.384968 0.513803 0.033227 0.054008
2 0.144778 0.576009 0.289556 0.384809
8 0.194145 0.353827 0.042721 0.062447
8 0.588539 0.382760 0.037025 0.069198
8 0.600745 0.411452 0.019936 0.048945
0 0.461392 0.517419 0.013291 0.047257
0 0.428164 0.509824 0.011392 0.028691
0 0.622377 0.533453 0.018987 0.092826
7 0.373101 0.457263 0.005696 0.018565
7 0.322784 0.479204 0.007594 0.015189
