0 0.819110 0.402187 0.026862 0.137755
7 0.645539 0.354432 0.010331 0.031224
7 0.482815 0.371881 0.007232 0.029387
2 0.011176 0.483922 0.018596 0.091836
2 0.219875 0.437085 0.061989 0.075306
2 0.517426 0.412289 0.014464 0.011020
2 0.478166 0.412289 0.014464 0.018367
2 0.451304 0.412289 0.020663 0.036734
2 0.412560 0.418718 0.044426 0.038571
2 0.377433 0.417799 0.025829 0.044081
2 0.355736 0.417799 0.023762 0.044081
2 0.330424 0.421473 0.028928 0.051428
2 0.290647 0.428820 0.063022 0.062448
2 0.139289 0.449942 0.107448 0.078979
0 0.189397 0.400350 0.025829 0.082653
