2 0.229451 0.488039 0.010926 0.029136
2 0.221256 0.488039 0.013657 0.038848
2 0.208964 0.489253 0.010926 0.036420
2 0.127017 0.494110 0.057362 0.089838
2 0.084678 0.502608 0.081947 0.097122
2 0.022193 0.487432 0.043705 0.200314
2 0.269400 0.498966 0.019120 0.026708
2 0.250962 0.494110 0.015023 0.021852
2 0.373200 0.561239 0.109262 0.146398
2 0.187795 0.492653 0.039607 0.036420
2 0.418202 0.513534 0.013657 0.016996
2 0.469419 0.512320 0.020486 0.024280
0 0.293643 0.495931 0.010926 0.019424
8 0.535933 0.406457 0.010926 0.053417
8 0.571443 0.312976 0.024584 0.070413
7 0.270425 0.447976 0.008194 0.021852
