2 0.015378 0.453543 0.030757 0.035051
2 0.029597 0.434987 0.057989 0.063917
2 0.284752 0.470038 0.032474 0.018556
2 0.333463 0.470038 0.032474 0.026804
2 0.426827 0.488595 0.040592 0.059793
2 0.467420 0.486533 0.024355 0.030927
2 0.494675 0.497873 0.032474 0.045360
4 0.528309 0.467976 0.027835 0.072164
2 0.557883 0.508183 0.061469 0.086597
2 0.673283 0.537049 0.074226 0.086597
2 0.822317 0.651482 0.351417 0.364948
8 0.458721 0.415399 0.011597 0.028865
8 0.491775 0.450451 0.038273 0.016494
8 0.461621 0.448389 0.017396 0.020618
