7 0.565244 0.673577 0.013196 0.074644
7 0.583239 0.673577 0.015595 0.074644
7 0.719998 0.842061 0.025192 0.044786
7 0.433283 0.843191 0.013196 0.038259
7 0.339111 0.863388 0.011996 0.036255
8 0.699604 0.666113 0.034789 0.051184
8 0.702004 0.770615 0.027591 0.021326
2 0.385897 0.909241 0.019194 0.034123
2 0.405692 0.909241 0.020393 0.034123
2 0.438082 0.900710 0.027591 0.042654
2 0.467473 0.912440 0.028791 0.044786
2 0.489667 0.911373 0.027591 0.055450
2 0.520257 0.919904 0.047985 0.072511
2 0.573042 0.951895 0.076777 0.093838
2 0.910742 0.938032 0.152354 0.121563
2 0.340311 0.908174 0.023992 0.036255
2 0.319917 0.909241 0.016795 0.029857
2 0.302522 0.912440 0.017994 0.036255
2 0.284528 0.917771 0.025192 0.042654
2 0.253337 0.923103 0.032390 0.061848
