0 0.118215 0.412579 0.052341 0.216610
0 0.070165 0.362240 0.011154 0.061016
0 0.082606 0.356901 0.012012 0.047288
2 0.021256 0.774867 0.040328 0.437796
4 0.511203 0.436223 0.555158 0.867965
2 0.890032 0.574274 0.216228 0.463728
2 0.171844 0.370630 0.096101 0.077796
2 0.844126 0.418681 0.134713 0.122033
8 0.985705 0.195969 0.024883 0.152542
8 0.802511 0.277579 0.012012 0.047288
2 0.918777 0.382070 0.035180 0.024406
7 0.133660 0.177664 0.007722 0.036610
7 0.121219 0.172325 0.008580 0.035084
1 0.200159 0.348511 0.015444 0.024406
