8 0.609254 0.330134 0.035093 0.029460
8 0.614128 0.285077 0.015596 0.022528
7 0.601943 0.181964 0.014622 0.051989
7 0.343132 0.102246 0.021445 0.076251
7 0.362141 0.100513 0.016571 0.069319
7 0.327535 0.106578 0.011697 0.064120
7 0.619002 0.308472 0.015596 0.017329
0 0.109665 0.497368 0.020470 0.100513
2 0.551741 0.462708 0.148170 0.093581
2 0.840284 0.405520 0.023395 0.017329
2 0.812502 0.407253 0.034118 0.031193
2 0.786182 0.411585 0.024370 0.039858
2 0.758400 0.413318 0.015596 0.025994
2 0.742316 0.427182 0.036067 0.057188
