8 0.892436 0.187163 0.049715 0.079717
8 0.975295 0.196694 0.016571 0.046790
8 0.801142 0.265703 0.021146 0.025373
8 0.237036 0.434472 0.053628 0.120292
7 0.849057 0.196694 0.013647 0.025994
7 0.858318 0.256482 0.012672 0.020795
0 0.602918 0.381258 0.030219 0.103979
0 0.596094 0.401187 0.036067 0.119576
7 0.991379 0.199294 0.009748 0.017329
2 0.883175 0.292009 0.089682 0.095314
2 0.776921 0.338799 0.109178 0.088382
2 0.631188 0.398588 0.041916 0.076251
2 0.572212 0.422849 0.029244 0.090115
2 0.556127 0.445378 0.020470 0.058921
2 0.534194 0.423716 0.025345 0.032926
2 0.503975 0.434980 0.050690 0.045057
2 0.491303 0.454043 0.042891 0.038125
2 0.418679 0.447111 0.032168 0.034659
2 0.406982 0.481771 0.059463 0.055455
2 0.372376 0.495635 0.046790 0.058921
2 0.350443 0.493036 0.022420 0.046790
2 0.286593 0.554557 0.070186 0.076251
2 0.221281 0.555423 0.040941 0.050256
2 0.182776 0.575353 0.057513 0.051989
2 0.991866 0.283344 0.010722 0.060654
2 0.057144 0.702042 0.114289 0.101926
8 0.151231 0.421207 0.027886 0.020974
8 0.389555 0.308898 0.021451 0.015254
8 0.803671 0.286970 0.013943 0.009533
