2 0.368703 0.434292 0.017193 0.017830
2 0.383030 0.438538 0.017193 0.017830
2 0.408104 0.446179 0.027222 0.043301
2 0.375150 0.462736 0.027222 0.040754
2 0.338614 0.466557 0.037252 0.053490
2 0.446789 0.471651 0.050147 0.089151
2 0.502668 0.485236 0.067340 0.114622
2 0.619440 0.508160 0.203455 0.196132
2 0.840089 0.555283 0.318078 0.356604
2 0.706123 0.434292 0.050147 0.058584
2 0.234021 0.452123 0.022924 0.022924
2 0.006686 0.457217 0.013372 0.043301
7 0.360106 0.393538 0.011462 0.028018
0 0.456102 0.477594 0.037252 0.084056
