7 0.520557 0.541956 0.007003 0.016007
7 0.505549 0.542845 0.007003 0.014229
2 0.465029 0.570415 0.016007 0.023122
2 0.450022 0.573083 0.016007 0.028458
2 0.426010 0.578419 0.022010 0.035573
2 0.392994 0.583755 0.032015 0.046245
2 0.366981 0.587312 0.028013 0.042687
2 0.338467 0.589980 0.033016 0.048023
2 0.290943 0.583755 0.080039 0.092490
2 0.062831 0.622885 0.124061 0.156521
2 0.718154 0.605098 0.074036 0.092490
2 0.971780 0.703814 0.055027 0.151185
2 0.890740 0.614881 0.217107 0.240118
2 0.571082 0.577529 0.016007 0.033794
2 0.623107 0.583755 0.058028 0.064031
