8 0.049227 0.127374 0.094556 0.032926
8 0.024370 0.231354 0.021445 0.019062
8 0.056538 0.254749 0.015596 0.024261
8 0.038992 0.275545 0.038992 0.020795
8 0.046303 0.306739 0.024370 0.031193
8 0.043866 0.341399 0.017546 0.024261
7 0.063362 0.343998 0.021445 0.032926
7 0.545404 0.255616 0.008773 0.046790
7 0.669692 0.253883 0.009748 0.046790
8 0.812014 0.332734 0.027294 0.013863
8 0.796905 0.367394 0.028269 0.020795
8 0.801292 0.386457 0.007798 0.017329
7 0.799829 0.426315 0.014622 0.031193
7 0.386023 0.394255 0.011697 0.032926
0 0.029244 0.500438 0.058488 0.257275
0 0.062875 0.489570 0.041916 0.223555
0 0.158893 0.454043 0.017546 0.051989
0 0.143296 0.457509 0.013647 0.058921
0 0.180339 0.442779 0.011697 0.029460
0 0.991379 0.571020 0.015596 0.140372
0 0.983581 0.558889 0.021445 0.116110
0 0.955311 0.525962 0.019496 0.046790
0 0.969933 0.528562 0.017546 0.055455
0 0.845645 0.558023 0.022420 0.117843
0 0.886100 0.547625 0.021445 0.103979
0 0.793980 0.544159 0.018521 0.124775
0 0.767173 0.545892 0.021445 0.110911
0 0.633137 0.519031 0.010722 0.053722
0 0.775459 0.537227 0.014622 0.100513
0 0.818351 0.548491 0.024370 0.119576
0 0.861242 0.539826 0.018521 0.091848
2 0.310963 0.621277 0.372376 0.431514
2 0.479605 0.499101 0.035093 0.048523
2 0.585859 0.510366 0.085783 0.123042
2 0.541018 0.506033 0.025345 0.051989
4 0.488378 0.476572 0.038992 0.079717
2 0.526883 0.491303 0.010722 0.025994
4 0.629725 0.487837 0.044841 0.084916
7 0.163363 0.026303 0.025192 0.051184
