7 0.583127 0.342747 0.010083 0.033794
7 0.448423 0.345415 0.007910 0.024901
7 0.404935 0.344420 0.007874 0.026470
7 0.679135 0.415672 0.008003 0.016007
7 0.396495 0.340968 0.007003 0.023122
7 0.574083 0.340079 0.008003 0.032015
7 0.689140 0.409446 0.008003 0.028458
8 0.350473 0.364090 0.011005 0.008893
8 0.678135 0.335632 0.018008 0.033794
8 0.540567 0.361423 0.023011 0.014229
7 0.599596 0.375652 0.009004 0.035573
2 0.427511 0.414782 0.031015 0.014229
2 0.424009 0.437905 0.022010 0.042687
2 0.508051 0.443241 0.018008 0.017786
2 0.526059 0.462233 0.028013 0.048656
2 0.558575 0.472589 0.053026 0.058695
2 0.165381 0.460138 0.103050 0.144071
2 0.378486 0.455691 0.077038 0.120948
2 0.465029 0.480592 0.096047 0.142292
2 0.638115 0.499268 0.142070 0.176087
0 0.723657 0.477925 0.021010 0.076482
0 0.749670 0.483260 0.013006 0.083596
0 0.764677 0.486818 0.015007 0.097826
0 0.792191 0.480312 0.014006 0.085937
0 0.825207 0.505494 0.020009 0.103162
0 0.850220 0.500158 0.020009 0.110276
0 0.887738 0.499775 0.023011 0.109510
0 0.867228 0.497490 0.016007 0.094268
0 0.917253 0.495711 0.024011 0.104940
0 0.931760 0.495711 0.017008 0.090711
0 0.988890 0.517055 0.021213 0.140513
8 0.849441 0.330296 0.021567 0.051581
3 0.256926 0.394328 0.168083 0.218774
2 0.108453 0.568636 0.216907 0.464229
