2 0.418627 0.679491 0.047043 0.072365
0 0.992426 0.752311 0.012870 0.137288
0 0.984821 0.711749 0.014040 0.056163
2 0.350551 0.676040 0.103148 0.162249
2 0.662466 0.684361 0.469198 0.528351
2 0.022438 0.777966 0.043292 0.291217
8 0.983066 0.407704 0.026911 0.024961
8 0.961419 0.576194 0.028081 0.079044
8 0.956739 0.461787 0.025741 0.029121
8 0.962004 0.349460 0.047972 0.045762
8 0.912585 0.347022 0.035718 0.096402
7 0.860793 0.291217 0.023401 0.099845
7 0.843242 0.296417 0.021061 0.097765
7 0.887120 0.293297 0.017551 0.087365
7 0.241826 0.400424 0.016380 0.068644
8 0.240071 0.463867 0.038612 0.062403
2 0.083547 0.684288 0.030940 0.043530
7 0.990275 0.594523 0.016843 0.038678
