8 0.336892 0.317179 0.015444 0.028983
8 0.195742 0.289721 0.023167 0.019830
8 0.212474 0.313365 0.030889 0.024406
8 0.185875 0.315653 0.015444 0.013728
8 0.563846 0.347687 0.021451 0.016779
8 0.684831 0.309551 0.030031 0.022881
8 0.290128 0.324806 0.007722 0.016779
8 0.293989 0.319467 0.008580 0.018305
2 0.295705 0.355314 0.012012 0.016779
2 0.287983 0.369043 0.024025 0.041186
2 0.315869 0.359128 0.024883 0.030508
2 0.369069 0.388874 0.047192 0.053389
2 0.225774 0.420907 0.114120 0.147966
0 0.421839 0.409467 0.012012 0.042711
