2 0.580985 0.464441 0.105279 0.107445
2 0.207146 0.442779 0.080909 0.071052
2 0.273921 0.442779 0.029244 0.036392
2 0.384561 0.434980 0.020470 0.027727
2 0.294879 0.435847 0.012672 0.029460
2 0.309014 0.437580 0.011697 0.032926
2 0.320711 0.434980 0.013647 0.031193
2 0.335333 0.438446 0.023395 0.027727
2 0.347031 0.438446 0.017546 0.027727
2 0.520059 0.463575 0.024370 0.077984
2 0.501051 0.454910 0.015596 0.057188
2 0.484966 0.452310 0.014622 0.058921
2 0.475218 0.446245 0.018521 0.060654
2 0.461084 0.442779 0.021445 0.050256
2 0.444512 0.452310 0.015596 0.027727
2 0.430865 0.449711 0.007798 0.022528
2 0.417217 0.447111 0.019496 0.013863
