0 0.787627 0.339089 0.036955 0.118681
0 0.847233 0.350745 0.034571 0.184379
0 0.692854 0.335910 0.028610 0.103846
8 0.275377 0.235243 0.009536 0.016954
8 0.275377 0.252197 0.009536 0.012715
8 0.277165 0.271271 0.008344 0.025431
8 0.278953 0.298822 0.007152 0.029670
8 0.400906 0.324254 0.022650 0.021193
8 0.471837 0.303061 0.007152 0.016954
8 0.437266 0.292464 0.009536 0.008477
8 0.618824 0.292464 0.013113 0.021193
7 0.517853 0.288225 0.007152 0.016954
7 0.546463 0.269152 0.004768 0.021193
2 0.471360 0.369819 0.054837 0.091130
2 0.437981 0.376177 0.021457 0.061459
2 0.417119 0.384654 0.048876 0.057221
2 0.180093 0.452623 0.208619 0.211930
2 0.373215 0.397521 0.070334 0.093249
2 0.032272 0.456105 0.063181 0.103846
2 0.608657 0.520441 0.360017 0.572213
