2 0.907050 0.831095 0.184380 0.334388
4 0.842859 0.684539 0.225354 0.225809
4 0.468634 0.685753 0.102433 0.169964
2 0.362786 0.657830 0.038241 0.055845
2 0.416734 0.662686 0.028681 0.065557
2 0.401711 0.655402 0.017755 0.026708
2 0.388053 0.655402 0.009560 0.031564
2 0.130603 0.646904 0.062826 0.058273
4 0.348445 0.621409 0.058728 0.055845
4 0.205038 0.626265 0.042339 0.060701
2 0.179088 0.648118 0.028681 0.036420
2 0.536240 0.667542 0.043705 0.065557
0 0.641406 0.669970 0.016389 0.070413
0 0.581311 0.655402 0.010926 0.055845
0 0.563556 0.652974 0.010926 0.050989
0 0.613407 0.666328 0.015023 0.082554
0 0.625016 0.663900 0.010926 0.067985
8 0.622285 0.541283 0.013657 0.012140
8 0.530948 0.607014 0.012292 0.009712
7 0.446099 0.558627 0.005463 0.026708
7 0.342982 0.571981 0.004097 0.024280
2 0.052753 0.651760 0.035510 0.048561
