2 0.031819 0.602034 0.063638 0.189886
2 0.003216 0.481449 0.005457 0.048511
8 0.019198 0.336707 0.023389 0.023562
8 0.228143 0.333935 0.017152 0.006930
8 0.226974 0.381061 0.007016 0.020790
8 0.228533 0.367200 0.013253 0.012474
8 0.592795 0.259089 0.042100 0.020790
8 0.790825 0.189787 0.031185 0.037422
8 0.784977 0.218894 0.011694 0.012474
8 0.790825 0.238992 0.026507 0.016632
8 0.801350 0.282652 0.021050 0.015246
8 0.876196 0.199490 0.016372 0.026334
8 0.887890 0.240378 0.019491 0.033264
8 0.867230 0.234141 0.014033 0.015246
7 0.078061 0.374130 0.016372 0.037422
7 0.065197 0.319778 0.012474 0.052669
7 0.344700 0.274732 0.007016 0.034650
7 0.555984 0.252555 0.007016 0.037422
7 0.492833 0.360666 0.005457 0.012474
7 0.423834 0.359280 0.006237 0.012474
7 0.805081 0.331559 0.018711 0.020790
0 0.881876 0.410860 0.021050 0.072073
0 0.906825 0.417097 0.025728 0.101180
2 0.961010 0.406009 0.043660 0.087320
2 0.911892 0.409474 0.074845 0.072073
2 0.450342 0.417097 0.010915 0.026334
2 0.412529 0.421256 0.014813 0.029106
2 0.281549 0.430265 0.014813 0.027720
2 0.249973 0.444818 0.032745 0.048511
2 0.267905 0.444125 0.021830 0.041581
2 0.196401 0.427493 0.049897 0.027720
2 0.141046 0.452441 0.032745 0.047125
2 0.109080 0.454520 0.060812 0.059599
2 0.063471 0.461451 0.072507 0.065143
2 0.296975 0.462837 0.028067 0.131673
2 0.193839 0.500656 0.137217 0.142761
2 0.357954 0.479865 0.137997 0.203747
2 0.436309 0.416107 0.018711 0.031878
2 0.727618 0.539861 0.368772 0.433829
2 0.475012 0.434126 0.053795 0.092864
2 0.519062 0.479172 0.091998 0.155236
3 0.549858 0.382150 0.099014 0.124743
