7 0.275875 0.426208 0.008029 0.022432
7 0.415247 0.421110 0.004588 0.028549
7 0.318891 0.472092 0.006882 0.016314
7 0.390011 0.474131 0.006882 0.016314
7 0.091193 0.397862 0.010323 0.030589
7 0.421556 0.422333 0.005735 0.022432
8 0.034986 0.396231 0.033265 0.014274
8 0.273007 0.449252 0.009176 0.014274
8 0.453674 0.482900 0.005735 0.020392
0 0.012044 0.522666 0.014912 0.063217
2 0.135356 0.528783 0.041295 0.055060
2 0.173210 0.520626 0.043589 0.055060
2 0.200167 0.524705 0.024088 0.046903
2 0.219094 0.521646 0.025236 0.040785
2 0.306273 0.511450 0.011470 0.020392
2 0.318318 0.514509 0.010323 0.014274
2 0.326347 0.513489 0.012618 0.016314
2 0.307994 0.495135 0.030971 0.028549
2 0.353877 0.515528 0.008029 0.016314
2 0.349289 0.517567 0.010323 0.032628
2 0.368790 0.508391 0.014912 0.014274
2 0.379687 0.515528 0.009176 0.012235
2 0.390584 0.521646 0.008029 0.016314
0 0.398614 0.502273 0.010323 0.022432
2 0.400908 0.525725 0.014912 0.024471
2 0.461245 0.546117 0.033265 0.057099
2 0.469848 0.550196 0.027530 0.057099
2 0.485334 0.551215 0.026383 0.083610
2 0.073413 0.521646 0.094061 0.106042
2 0.255801 0.566510 0.110120 0.130513
2 0.337245 0.520626 0.018353 0.034667
2 0.367643 0.523685 0.019500 0.020392
2 0.420294 0.543058 0.041295 0.059138
4 0.736947 0.502517 0.523278 0.947118
