0 0.240777 0.499101 0.097480 0.239152
0 0.618028 0.492169 0.095531 0.339666
0 0.970908 0.497368 0.050690 0.246084
0 0.389435 0.429781 0.016571 0.058921
0 0.017059 0.420250 0.024370 0.043324
0 0.048740 0.467907 0.023395 0.110911
3 0.964244 0.378658 0.070505 0.310205
4 0.908033 0.455776 0.049715 0.090115
2 0.024857 0.492169 0.049715 0.103979
4 0.309988 0.408986 0.111128 0.152503
2 0.372864 0.434114 0.022420 0.050256
2 0.397721 0.418517 0.035093 0.057188
2 0.432814 0.426315 0.035093 0.045057
2 0.483017 0.412452 0.034118 0.069319
2 0.591220 0.434114 0.053614 0.098780
2 0.560514 0.428048 0.037042 0.090115
2 0.540530 0.427182 0.014622 0.053722
2 0.537606 0.421116 0.024370 0.072785
2 0.525908 0.423716 0.010722 0.043324
2 0.520547 0.418517 0.013647 0.025994
4 0.483992 0.365661 0.038017 0.038125
2 0.455235 0.411585 0.007798 0.019062
2 0.445974 0.408119 0.014622 0.019062
2 0.509824 0.406386 0.011697 0.025994
2 0.520547 0.408986 0.017546 0.024261
7 0.546379 0.083183 0.012672 0.090115
7 0.163767 0.336200 0.021445 0.031193
7 0.526396 0.092715 0.015596 0.071052
7 0.758887 0.311938 0.018521 0.034659
8 0.425503 0.349197 0.016571 0.012130
8 0.187163 0.272079 0.029244 0.017329
8 0.169616 0.253016 0.021445 0.013863
8 0.635574 0.121309 0.083833 0.041591
0 0.210278 0.438280 0.011865 0.098437
0 0.200390 0.423046 0.010546 0.082031
0 0.184570 0.423046 0.010546 0.053906
