7 0.049030 0.370984 0.019133 0.027637
8 0.458375 0.467716 0.015546 0.046771
8 0.806372 0.432000 0.051422 0.068031
8 0.852413 0.432000 0.038267 0.051023
2 0.411856 0.510023 0.019133 0.019133
2 0.398821 0.505984 0.013154 0.012755
2 0.386264 0.509173 0.011958 0.014881
2 0.373708 0.511299 0.013154 0.010629
2 0.357564 0.512362 0.021525 0.021259
2 0.472965 0.512362 0.013154 0.017007
2 0.529170 0.518740 0.017937 0.021259
2 0.503459 0.517677 0.014350 0.014881
2 0.622448 0.522992 0.025113 0.021259
2 0.599129 0.519803 0.026309 0.023385
2 0.577005 0.519803 0.027504 0.027637
2 0.732468 0.519803 0.017937 0.014881
2 0.757581 0.545315 0.058597 0.036141
2 0.695994 0.546378 0.069360 0.055275
2 0.675066 0.531496 0.025113 0.025511
2 0.888409 0.558071 0.060989 0.044645
2 0.949996 0.557008 0.016742 0.017007
2 0.919501 0.575078 0.060989 0.036141
2 0.964944 0.580393 0.065772 0.038267
2 0.645169 0.526181 0.020329 0.019133
2 0.551294 0.525118 0.021525 0.021259
2 0.832323 0.530433 0.028700 0.023385
8 0.753874 0.488976 0.009566 0.021259
8 0.881234 0.474094 0.013154 0.034015
8 0.658204 0.503858 0.014350 0.012755
8 0.411258 0.486850 0.013154 0.017007
2 0.335918 0.512362 0.029896 0.034015
2 0.444862 0.532559 0.062185 0.074409
8 0.696158 0.086102 0.105236 0.163700
