2 0.476191 0.451740 0.020039 0.031874
2 0.537363 0.462990 0.039023 0.046874
2 0.496757 0.458035 0.044296 0.082499
2 0.437695 0.467544 0.071718 0.090267
4 0.369140 0.413839 0.075937 0.156428
2 0.721707 0.505178 0.092812 0.093749
0 0.317988 0.439285 0.013710 0.052499
0 0.254706 0.440490 0.022148 0.088124
0 0.223593 0.415178 0.010546 0.026249
0 0.209882 0.435803 0.023203 0.093749
0 0.059062 0.375803 0.031640 0.044999
7 0.444550 0.355178 0.013710 0.014999
7 0.546327 0.395490 0.008437 0.013124
7 0.577441 0.436740 0.007382 0.016874
8 0.578495 0.412098 0.015820 0.013124
8 0.620457 0.409285 0.014765 0.029999
8 0.731726 0.406473 0.013710 0.020624
8 0.724871 0.424285 0.014765 0.014999
0 0.636654 0.474240 0.011601 0.050624
0 0.627162 0.471428 0.007382 0.044999
0 0.653529 0.473973 0.009492 0.046874
0 0.594466 0.474910 0.009492 0.033749
0 0.680951 0.472098 0.011601 0.046874
0 0.872527 0.513348 0.014765 0.110624
0 0.974304 0.518973 0.020039 0.118124
0 0.887293 0.509598 0.021093 0.121874
