2 0.462439 0.525221 0.014228 0.022633
2 0.451580 0.530547 0.013480 0.033284
2 0.439973 0.532544 0.014228 0.031952
2 0.426118 0.533875 0.017973 0.039940
2 0.410017 0.543195 0.020220 0.061242
2 0.394290 0.541198 0.024713 0.070562
2 0.361714 0.545857 0.073391 0.087869
2 0.299930 0.563165 0.108589 0.122485
2 0.169998 0.573150 0.221671 0.251627
2 0.514113 0.516567 0.009735 0.034615
2 0.523474 0.521893 0.011982 0.031952
2 0.533958 0.523890 0.016475 0.043934
2 0.549685 0.529215 0.029955 0.075887
2 0.593495 0.540532 0.092113 0.119822
2 0.559795 0.449999 0.018722 0.034615
2 0.488651 0.519896 0.026211 0.035946
8 0.283455 0.417381 0.017224 0.030621
8 0.413387 0.454659 0.014977 0.030621
8 0.686191 0.328277 0.027708 0.039940
2 0.056385 0.635294 0.112770 0.328235
