2 0.581615 0.526693 0.026507 0.049897
2 0.562904 0.522535 0.010915 0.038809
2 0.519243 0.521149 0.018711 0.019404
2 0.506379 0.525307 0.016372 0.030492
2 0.609682 0.546791 0.035863 0.048511
2 0.674393 0.566195 0.068608 0.084548
2 0.590023 0.539168 0.022166 0.041581
2 0.435432 0.520456 0.013253 0.042967
2 0.492346 0.518377 0.011694 0.016632
4 0.796407 0.590451 0.175420 0.180184
2 0.478312 0.514912 0.010135 0.015246
7 0.447126 0.489270 0.008576 0.011088
7 0.471295 0.499666 0.007016 0.012474
7 0.565242 0.484574 0.009355 0.026024
4 0.543412 0.520070 0.038982 0.054828
3 0.392161 0.503131 0.082642 0.144147
2 0.353179 0.521842 0.017152 0.087320
2 0.863528 0.522706 0.039905 0.030835
2 0.961474 0.522668 0.055791 0.044087
8 0.325112 0.410266 0.031185 0.016632
8 0.326281 0.446996 0.016372 0.023562
2 0.902597 0.520546 0.064599 0.039843
