2 0.012128 0.463832 0.024257 0.151084
2 0.080357 0.408051 0.105306 0.147688
2 0.204384 0.442026 0.133387 0.193451
3 0.433745 0.374838 0.050313 0.066563
2 0.893231 0.360277 0.067864 0.045762
2 0.791435 0.369638 0.098285 0.060323
2 0.711285 0.375878 0.080734 0.052003
2 0.353010 0.402920 0.012870 0.014560
2 0.370327 0.401464 0.015210 0.020801
7 0.307143 0.342388 0.012870 0.037442
7 0.673375 0.191371 0.010530 0.058243
7 0.760545 0.255855 0.018721 0.070724
7 0.552156 0.331779 0.008190 0.022881
8 0.852925 0.212588 0.026788 0.066563
8 0.879775 0.325955 0.019891 0.018721
8 0.867490 0.278112 0.018721 0.022881
8 0.465570 0.359237 0.010530 0.014560
8 0.174263 0.330145 0.060690 0.042791
8 0.240449 0.333860 0.031591 0.014560
7 0.267361 0.340100 0.019891 0.014560
2 0.992485 0.355599 0.012104 0.050127
7 0.148710 0.368303 0.010546 0.018749
