8 0.232538 0.515464 0.015077 0.024742
8 0.346778 0.464948 0.032474 0.063917
8 0.466237 0.514433 0.013917 0.026804
8 0.553337 0.396907 0.017396 0.039175
8 0.560876 0.447422 0.006958 0.020618
0 0.499755 0.514433 0.012757 0.059793
0 0.489317 0.518556 0.012757 0.063917
0 0.632783 0.505154 0.039432 0.152577
2 0.527938 0.518556 0.032474 0.055670
0 0.562500 0.478350 0.016237 0.045360
6 0.577577 0.536082 0.055670 0.127835
6 0.206791 0.538144 0.017396 0.037113
6 0.089304 0.549484 0.009278 0.026804
6 0.100902 0.547422 0.011597 0.026804
6 0.109600 0.546391 0.008118 0.028865
6 0.115979 0.548453 0.011597 0.028865
6 0.128157 0.544329 0.008118 0.028865
6 0.140914 0.536082 0.015077 0.016494
6 0.141494 0.554639 0.018556 0.020618
6 0.310708 0.535051 0.019716 0.039175
1 0.309780 0.507216 0.012757 0.012371
2 0.413002 0.526804 0.091623 0.072164
2 0.771958 0.569072 0.225000 0.222680
8 0.376237 0.471134 0.025515 0.026804
2 0.679265 0.531669 0.050688 0.079911
2 0.371785 0.527418 0.047819 0.047607
6 0.331999 0.535919 0.022953 0.030604
0 0.166890 0.536429 0.012433 0.034005
