8 0.099339 0.320922 0.026778 0.019552
2 0.137786 0.543655 0.059296 0.056958
8 0.323087 0.176826 0.042559 0.035705
8 0.477305 0.045906 0.198929 0.090113
8 0.548747 0.491372 0.016258 0.013602
2 0.547360 0.519851 0.010042 0.011051
2 0.537796 0.519851 0.009085 0.005950
2 0.529667 0.523677 0.010042 0.010201
2 0.511017 0.541105 0.025344 0.050157
2 0.438093 0.532603 0.036342 0.077361
8 0.478500 0.494348 0.008129 0.012751
2 0.315674 0.538129 0.032517 0.025503
2 0.362538 0.552156 0.053557 0.070560
2 0.232468 0.567884 0.130069 0.144521
2 0.479935 0.549606 0.047341 0.084162
2 0.556446 0.523677 0.006216 0.018702
