7 0.715061 0.115168 0.021491 0.084056
7 0.742284 0.125357 0.030088 0.114622
7 0.879047 0.422764 0.020194 0.045252
8 0.854758 0.316213 0.045849 0.025471
8 0.876249 0.249986 0.040117 0.025471
3 0.678236 0.514864 0.215155 0.221972
3 0.127517 0.546877 0.200589 0.191037
2 0.299451 0.586359 0.060176 0.076415
2 0.340286 0.557066 0.024357 0.033113
2 0.452043 0.524717 0.012895 0.015283
2 0.398314 0.525991 0.011462 0.012735
2 0.387568 0.532358 0.012895 0.015283
2 0.445118 0.550189 0.020058 0.030566
2 0.427467 0.503645 0.010517 0.007746
2 0.416950 0.507251 0.006310 0.018698
2 0.408536 0.515666 0.008414 0.016828
2 0.442968 0.502354 0.009465 0.014958
2 0.437710 0.517313 0.009465 0.014958
2 0.425614 0.517313 0.012621 0.014958
2 0.005183 0.654298 0.009465 0.084141
