2 0.369939 0.449133 0.170591 0.141527
2 0.463521 0.414358 0.055564 0.067586
8 0.426965 0.295648 0.027294 0.046444
8 0.484674 0.286116 0.033533 0.066200
8 0.488378 0.337413 0.017546 0.019062
8 0.552716 0.284557 0.019496 0.038125
8 0.558564 0.327882 0.025345 0.038125
7 0.333579 0.245218 0.012087 0.032926
7 0.281232 0.270346 0.010722 0.024261
7 0.451336 0.140372 0.007798 0.020795
7 0.434764 0.083183 0.007798 0.020795
7 0.389923 0.101380 0.007798 0.019062
8 0.414780 0.248684 0.014622 0.050256
8 0.377250 0.188029 0.027294 0.019062
7 0.678368 0.233953 0.012672 0.038125
7 0.441003 0.340532 0.011697 0.019062
8 0.760252 0.254749 0.016571 0.058921
2 0.895830 0.390990 0.161904 0.155377
