2 0.085668 0.631417 0.168617 0.327401
2 0.195688 0.549567 0.125565 0.184960
2 0.114967 0.520866 0.081318 0.136063
2 0.332017 0.551693 0.037071 0.061653
2 0.459975 0.562322 0.053813 0.070157
2 0.490469 0.567637 0.019133 0.055275
2 0.513191 0.564448 0.019133 0.036141
2 0.528139 0.565511 0.020329 0.051023
2 0.543685 0.569763 0.027504 0.059527
2 0.577170 0.584645 0.075339 0.097795
2 0.770302 0.683504 0.411378 0.461338
8 0.967022 0.427322 0.032288 0.123307
8 0.803786 0.434763 0.038267 0.031889
8 0.229770 0.359291 0.071751 0.021259
7 0.298533 0.343346 0.029896 0.044645
7 0.500036 0.412441 0.011958 0.034015
7 0.041421 0.389055 0.029896 0.038267
8 0.077895 0.315708 0.028700 0.027637
8 0.094039 0.238110 0.022721 0.076535
2 0.390016 0.564448 0.086102 0.150944
4 0.394800 0.475157 0.047834 0.023385
7 0.452201 0.502795 0.009566 0.023385
7 0.327831 0.505984 0.009566 0.017007
7 0.177152 0.434763 0.031092 0.040393
8 0.631581 0.475157 0.023917 0.023385
8 0.625004 0.496417 0.027504 0.014881
3 0.251296 0.518740 0.086102 0.068031
