8 0.667136 0.301927 0.020497 0.027763
7 0.649079 0.309736 0.009760 0.039910
7 0.531464 0.353984 0.010736 0.020822
7 0.409457 0.216034 0.012688 0.046850
7 0.401648 0.217769 0.012688 0.053791
7 0.390911 0.216902 0.010736 0.045115
7 0.199116 0.152699 0.011712 0.065938
7 0.179595 0.147493 0.019521 0.072879
7 0.163001 0.147493 0.013664 0.065938
2 0.346989 0.402570 0.026353 0.034704
2 0.319659 0.401702 0.028305 0.036439
2 0.295746 0.405173 0.013664 0.029498
2 0.281593 0.407776 0.022449 0.038174
2 0.271832 0.411246 0.018545 0.038174
2 0.260119 0.417319 0.018545 0.043380
2 0.240598 0.418187 0.034162 0.052056
2 0.212293 0.438142 0.057587 0.060732
2 0.024401 0.439010 0.048802 0.076349
2 0.971185 0.693219 0.056623 0.359190
2 0.824282 0.555269 0.348453 0.385218
2 0.478757 0.585635 0.317219 0.421657
8 0.068076 0.306093 0.014501 0.046874
7 0.079941 0.363515 0.017138 0.025781
