0 0.817265 0.321533 0.044993 0.073458
7 0.829661 0.261950 0.025710 0.045707
7 0.634537 0.137887 0.028465 0.045707
7 0.223630 0.195021 0.016528 0.029383
7 0.201592 0.191756 0.016528 0.032648
7 0.236944 0.170535 0.015609 0.032648
7 0.613418 0.170535 0.024792 0.039177
7 0.217661 0.159924 0.021119 0.034280
2 0.022747 0.476611 0.045494 0.073458
2 0.578233 0.488854 0.042238 0.048972
2 0.226469 0.462787 0.044993 0.037545
2 0.297632 0.463603 0.029383 0.032648
2 0.325179 0.462787 0.022037 0.034280
2 0.268428 0.465779 0.012855 0.022853
7 0.449599 0.409733 0.008264 0.016324
7 0.486787 0.439933 0.007345 0.014691
7 0.531321 0.420344 0.010100 0.017956
7 0.543717 0.447279 0.003672 0.013059
7 0.546472 0.452176 0.003672 0.016324
2 0.517417 0.468529 0.022334 0.021176
