2 0.348749 0.735580 0.026862 0.047755
2 0.529553 0.736498 0.020663 0.031224
2 0.489260 0.735580 0.024795 0.044081
4 0.381454 0.703022 0.038547 0.034068
2 0.318788 0.742518 0.035127 0.044081
2 0.430886 0.770069 0.089885 0.135918
2 0.565714 0.764559 0.074387 0.091836
7 0.578112 0.058335 0.049591 0.115714
7 0.266833 0.548048 0.028691 0.068010
7 0.299350 0.544647 0.026778 0.068010
7 0.407395 0.652006 0.011532 0.047687
7 0.697630 0.627244 0.017563 0.027551
0 0.866345 0.798061 0.045459 0.251632
0 0.239693 0.764999 0.042359 0.218571
7 0.265877 0.466436 0.036342 0.047607
8 0.294090 0.427330 0.025822 0.044206
4 0.378253 0.737059 0.039212 0.061209
