2 0.112587 0.707316 0.223968 0.282802
2 0.298670 0.585502 0.062628 0.105154
2 0.258657 0.590657 0.015077 0.045360
2 0.355499 0.566945 0.027835 0.030927
2 0.378115 0.561791 0.015077 0.032989
2 0.407690 0.586533 0.060309 0.090721
7 0.415809 0.406121 0.011597 0.030927
7 0.309688 0.395811 0.012757 0.026804
7 0.396092 0.504059 0.009278 0.016494
7 0.437265 0.514368 0.010438 0.020618
8 0.435525 0.475193 0.011597 0.016494
8 0.415229 0.503028 0.017396 0.010309
7 0.345641 0.536018 0.005798 0.018556
7 0.367677 0.533956 0.008118 0.018556
7 0.401891 0.529832 0.009278 0.010309
