2 0.169375 0.460833 0.108750 0.075000
2 0.281406 0.450833 0.032812 0.031666
2 0.332031 0.446666 0.045937 0.026666
2 0.401406 0.440000 0.025312 0.026666
2 0.503437 0.458333 0.032812 0.038333
2 0.521718 0.446666 0.013125 0.018333
2 0.536250 0.458333 0.023437 0.025000
2 0.556875 0.452500 0.010312 0.023333
2 0.579375 0.471666 0.049687 0.071666
2 0.644765 0.480833 0.057187 0.070000
7 0.616172 0.361666 0.005625 0.021666
8 0.688359 0.373333 0.013125 0.008333
7 0.688828 0.427500 0.008437 0.016666
2 0.716015 0.471666 0.047812 0.075000
2 0.783750 0.524166 0.145312 0.128333
7 0.442500 0.352621 0.011250 0.020000
7 0.535312 0.334288 0.005625 0.026666
7 0.321562 0.759288 0.009375 0.0
8 0.437343 0.390955 0.015937 0.030000
8 0.465468 0.405121 0.010312 0.021666
7 0.529687 0.333454 0.013125 0.031666
2 0.886875 0.475121 0.037500 0.058333
0 0.800625 0.456788 0.011250 0.015000
0 0.812344 0.450955 0.008437 0.026666
7 0.144843 0.256788 0.014062 0.041666
8 0.802031 0.209288 0.019687 0.026666
8 0.802969 0.256788 0.021562 0.061666
8 0.801094 0.301788 0.019687 0.028333
