7 0.502475 0.414140 0.007910 0.030468
7 0.456992 0.391874 0.009228 0.032812
7 0.640903 0.404765 0.010546 0.021093
7 0.427988 0.364921 0.014501 0.035156
7 0.283628 0.307499 0.015820 0.037499
8 0.632993 0.367265 0.015820 0.016406
7 0.551914 0.318046 0.009228 0.025781
7 0.561142 0.319218 0.009228 0.028124
2 0.406235 0.450468 0.013183 0.014062
2 0.417441 0.471562 0.027685 0.032812
2 0.391074 0.466874 0.027685 0.032812
2 0.497202 0.445780 0.018457 0.023437
2 0.503794 0.480937 0.021093 0.060937
2 0.648813 0.485624 0.036914 0.098437
2 0.542026 0.453984 0.013183 0.021093
2 0.527524 0.456327 0.015820 0.025781
2 0.349546 0.475077 0.034277 0.044531
2 0.278354 0.490312 0.060644 0.056249
2 0.087192 0.517265 0.126562 0.091406
4 0.462925 0.478593 0.071191 0.103124
4 0.752963 0.400077 0.192480 0.424218
2 0.017229 0.531327 0.034458 0.091406
4 0.907211 0.397734 0.184570 0.794530
