2 0.314409 0.535279 0.046056 0.058912
2 0.378158 0.522298 0.012918 0.024963
2 0.349182 0.530786 0.022566 0.035946
2 0.363274 0.526792 0.013480 0.023964
2 0.336495 0.523723 0.009548 0.020968
1 0.512062 0.516203 0.014041 0.054918
6 0.510658 0.530682 0.024713 0.027958
8 0.194719 0.447805 0.014041 0.023964
8 0.242271 0.479123 0.019096 0.024963
8 0.178522 0.487610 0.005055 0.017973
8 0.415914 0.445340 0.013480 0.021967
8 0.975630 0.354706 0.046158 0.084705
8 0.981736 0.278949 0.035793 0.059889
2 0.094385 0.525508 0.027457 0.010677
2 0.147927 0.525508 0.017161 0.013728
2 0.176672 0.525508 0.035180 0.019830
2 0.465835 0.514067 0.007722 0.018305
2 0.614707 0.506440 0.020593 0.009152
2 0.664045 0.505677 0.023167 0.013728
