7 0.436616 0.376059 0.006823 0.017329
7 0.430280 0.376925 0.005848 0.022528
7 0.343522 0.372593 0.007798 0.020795
7 0.330849 0.387323 0.009748 0.019062
8 0.304871 0.411585 0.012672 0.017329
8 0.281963 0.392522 0.013647 0.013863
8 0.469126 0.418517 0.009748 0.017329
8 0.455966 0.425449 0.012672 0.010397
3 0.371036 0.459614 0.029244 0.043324
2 0.280866 0.476696 0.028269 0.050256
2 0.242361 0.474963 0.062387 0.074518
2 0.188747 0.484494 0.066286 0.083183
2 0.111737 0.502938 0.126725 0.116110
4 0.408566 0.416289 0.043866 0.060654
2 0.784842 0.475458 0.045815 0.091848
2 0.759009 0.491055 0.074085 0.074518
2 0.701008 0.492788 0.071160 0.067586
2 0.469491 0.470259 0.019496 0.019062
2 0.492887 0.467660 0.033143 0.027727
2 0.501660 0.472859 0.040941 0.034659
2 0.415877 0.452929 0.068236 0.025994
2 0.424163 0.562974 0.147195 0.214890
2 0.609864 0.532647 0.136473 0.161168
2 0.979681 0.740853 0.037042 0.188896
