7 0.329514 0.486255 0.007197 0.034123
7 0.324716 0.523577 0.011996 0.019194
7 0.594036 0.491587 0.008397 0.023459
7 0.601833 0.532108 0.011996 0.014928
8 0.174760 0.487321 0.011996 0.036255
7 0.270732 0.475592 0.009597 0.038388
7 0.730795 0.464928 0.010796 0.042654
7 0.831565 0.359359 0.017994 0.095971
8 0.738593 0.400947 0.043187 0.029857
8 0.733194 0.519312 0.013196 0.036255
8 0.890947 0.465994 0.021593 0.023459
2 0.937734 0.622748 0.122363 0.081042
2 0.812971 0.587558 0.038388 0.027725
2 0.671413 0.582227 0.033590 0.021326
2 0.636023 0.571563 0.041987 0.034123
2 0.291126 0.558767 0.045586 0.025592
2 0.193954 0.545971 0.023992 0.025592
2 0.081788 0.540639 0.049185 0.027725
2 0.244939 0.583293 0.116365 0.061848
2 0.051797 0.574762 0.097171 0.100236
2 0.459076 0.630212 0.347896 0.484122
