8 0.491466 0.556634 0.009597 0.012796
8 0.483069 0.574762 0.011996 0.014928
2 0.154366 0.591824 0.011996 0.036255
2 0.139371 0.592890 0.017994 0.042653
2 0.118377 0.588625 0.026392 0.042654
2 0.285727 0.596089 0.010796 0.019194
2 0.275530 0.597156 0.009597 0.017061
2 0.240141 0.596089 0.010796 0.014928
2 0.362504 0.604620 0.010796 0.010663
2 0.387097 0.614217 0.011996 0.025592
2 0.405092 0.620615 0.023992 0.038388
2 0.523257 0.665402 0.063581 0.076777
2 0.588637 0.672866 0.107967 0.100236
2 0.688208 0.705923 0.167950 0.157819
2 0.327715 0.605686 0.020393 0.025592
4 0.328914 0.576895 0.022793 0.040521
2 0.093184 0.593956 0.038388 0.044786
2 0.036201 0.589691 0.065980 0.066113
2 0.874152 0.729383 0.247126 0.204739
2 0.225668 0.594416 0.014622 0.017329
1 0.367502 0.611746 0.009748 0.024261
6 0.366527 0.621277 0.005848 0.029460
2 0.799342 0.672400 0.048740 0.062387
2 0.253937 0.599615 0.010722 0.017329
