7 0.301032 0.230338 0.024883 0.012203
7 0.368818 0.236440 0.021451 0.015254
7 0.436318 0.286016 0.007722 0.022881
7 0.655979 0.272135 0.011154 0.018305
7 0.733204 0.276711 0.011154 0.015254
7 0.787690 0.329338 0.008580 0.013728
8 0.202499 0.246737 0.020593 0.035084
8 0.202070 0.275720 0.018019 0.013728
8 0.503246 0.270381 0.030031 0.064067
2 0.355232 0.334830 0.027457 0.041186
2 0.264279 0.342457 0.085805 0.163220
0 0.420444 0.327966 0.010296 0.027457
0 0.463776 0.333305 0.006006 0.019830
0 0.684724 0.378305 0.015444 0.103728
2 0.333352 0.346652 0.047192 0.073220
0 0.564462 0.365827 0.022250 0.100803
2 0.510272 0.374121 0.084694 0.125047
