7 0.049042 0.390937 0.030585 0.039374
7 0.022148 0.491249 0.023203 0.033749
7 0.292675 0.105937 0.022148 0.061874
7 0.778359 0.281249 0.018984 0.041249
7 0.417128 0.527812 0.009492 0.020624
7 0.493593 0.532499 0.010546 0.022499
7 0.455097 0.561562 0.009492 0.016874
7 0.404999 0.561562 0.008437 0.020624
7 0.774140 0.527812 0.016874 0.016874
8 0.070136 0.153749 0.022148 0.108749
8 0.045351 0.464999 0.050624 0.037499
8 0.270527 0.524062 0.020039 0.043124
8 0.696093 0.519374 0.014765 0.037499
8 0.761484 0.515624 0.014765 0.029999
2 0.404472 0.597562 0.014000 0.013124
2 0.430984 0.597473 0.017929 0.012947
2 0.449969 0.596624 0.020039 0.022499
2 0.467898 0.594749 0.013710 0.026249
2 0.511668 0.604124 0.025312 0.037499
2 0.788523 0.643499 0.108632 0.078749
4 0.553855 0.579749 0.097031 0.071249
2 0.417656 0.596249 0.010546 0.022499
