8 0.164001 0.269081 0.030994 0.067959
8 0.483077 0.433862 0.008265 0.020204
2 0.444260 0.453214 0.008265 0.009183
2 0.437027 0.454132 0.008265 0.011020
2 0.427729 0.454132 0.010331 0.014693
2 0.452008 0.454132 0.007232 0.014693
2 0.460274 0.454132 0.013431 0.018367
2 0.469572 0.461479 0.015497 0.022040
2 0.416364 0.454132 0.010331 0.014693
2 0.409649 0.455050 0.009298 0.016530
2 0.402933 0.455969 0.010331 0.018367
2 0.397767 0.460561 0.010331 0.020204
2 0.391568 0.460561 0.012397 0.023877
2 0.383303 0.464234 0.012397 0.023877
2 0.375038 0.465152 0.016530 0.022040
2 0.356957 0.464234 0.027895 0.031224
2 0.344559 0.468826 0.023762 0.025714
2 0.335777 0.471581 0.022729 0.031224
2 0.320797 0.476173 0.029961 0.036734
0 0.301167 0.477091 0.013431 0.038571
0 0.271111 0.472901 0.054569 0.033061
2 0.261906 0.472040 0.060956 0.082653
2 0.183386 0.495918 0.085752 0.078979
0 0.112098 0.489489 0.023762 0.069795
2 0.648638 0.543615 0.165306 0.170816
2 0.515445 0.472959 0.013431 0.023877
2 0.528876 0.467448 0.027895 0.034897
2 0.546439 0.471122 0.032028 0.045918
2 0.552638 0.472040 0.029961 0.040408
0 0.564520 0.470203 0.018596 0.051428
2 0.586629 0.481224 0.039260 0.051428
2 0.638804 0.449081 0.052691 0.031224
2 0.687311 0.457806 0.069221 0.036734
2 0.753864 0.498673 0.119846 0.130408
2 0.875089 0.529897 0.176670 0.143265
2 0.940178 0.564795 0.074387 0.134081
