8 0.735005 0.353530 0.031193 0.076251
0 0.491303 0.509499 0.029244 0.162901
2 0.568312 0.519031 0.130624 0.171566
2 0.849545 0.573620 0.236878 0.197561
2 0.717458 0.535494 0.120876 0.138639
2 0.659944 0.516431 0.060438 0.110911
2 0.610717 0.472240 0.032168 0.032926
2 0.015596 0.520764 0.031193 0.129974
2 0.051664 0.517298 0.099430 0.112644
2 0.078959 0.485237 0.157918 0.145571
2 0.136473 0.489570 0.097480 0.112644
2 0.173515 0.492169 0.093581 0.097047
2 0.216407 0.488703 0.081883 0.083183
2 0.249550 0.499101 0.042891 0.051989
2 0.254424 0.488703 0.064337 0.055455
2 0.259786 0.480905 0.100405 0.060654
2 0.298778 0.481771 0.059463 0.055455
2 0.314862 0.480038 0.048740 0.045057
2 0.326073 0.479172 0.043866 0.046790
2 0.354342 0.473973 0.043866 0.039858
2 0.370914 0.471373 0.026319 0.027727
2 0.383586 0.473106 0.032168 0.024261
2 0.464495 0.464441 0.010722 0.027727
2 0.430865 0.466174 0.015596 0.017329
