7 0.384869 0.428385 0.013154 0.014881
8 0.404601 0.439015 0.009566 0.010629
8 0.434896 0.413504 0.011958 0.014881
8 0.431907 0.429448 0.010762 0.008503
2 0.355570 0.462401 0.023917 0.031889
2 0.333646 0.465945 0.014350 0.019133
2 0.291193 0.473031 0.025113 0.031889
2 0.266080 0.477283 0.029896 0.044645
2 0.225221 0.484724 0.055009 0.059527
2 0.166823 0.510236 0.070556 0.063779
2 0.066370 0.536811 0.132741 0.121181
2 0.445659 0.480118 0.038267 0.048897
2 0.384471 0.453897 0.015546 0.023385
2 0.395831 0.459567 0.021525 0.036141
2 0.411378 0.471259 0.026309 0.038267
2 0.429316 0.475511 0.033484 0.046771
