7 0.311313 0.279374 0.010546 0.032812
7 0.476108 0.255937 0.007910 0.032812
7 0.552573 0.301640 0.007910 0.025781
7 0.207163 0.305156 0.013183 0.023437
7 0.630356 0.217265 0.010546 0.044531
7 0.638266 0.302812 0.007910 0.032812
7 0.665293 0.130546 0.009228 0.035156
7 0.228916 0.291093 0.009228 0.028124
7 0.198594 0.221952 0.009228 0.021093
8 0.674521 0.236015 0.017138 0.039843
8 0.547959 0.252421 0.019775 0.021093
8 0.317905 0.302812 0.021093 0.014062
8 0.490610 0.254765 0.010546 0.025781
0 0.207163 0.359062 0.010546 0.051562
0 0.207822 0.362577 0.011865 0.053906
0 0.155088 0.376640 0.019775 0.086718
2 0.184092 0.361405 0.046142 0.046874
2 0.364048 0.360234 0.029003 0.039843
2 0.416782 0.354374 0.026367 0.051562
2 0.492588 0.360234 0.014501 0.039843
2 0.455014 0.330937 0.023730 0.014062
2 0.509067 0.363749 0.031640 0.051562
2 0.718027 0.353202 0.038232 0.039843
2 0.793833 0.340312 0.042187 0.023437
2 0.864365 0.336796 0.035595 0.021093
2 0.888095 0.339140 0.030322 0.030468
2 0.397007 0.364921 0.039550 0.053906
2 0.544663 0.384843 0.065917 0.079687
2 0.462925 0.384843 0.060644 0.098437
2 0.654746 0.421171 0.151611 0.175781
2 0.279673 0.403593 0.145019 0.187499
2 0.905234 0.436405 0.188525 0.290624
4 0.046233 0.330937 0.092466 0.089062
8 0.220793 0.133440 0.039967 0.017329
