8 0.350060 0.214835 0.090438 0.036036
8 0.305231 0.272356 0.178538 0.081776
8 0.514566 0.194045 0.051456 0.036036
8 0.468956 0.273742 0.144234 0.120585
8 0.440499 0.524614 0.024948 0.020790
8 0.449465 0.516991 0.008576 0.013860
8 0.395670 0.518377 0.010135 0.030492
2 0.661529 0.603618 0.215961 0.273049
2 0.422178 0.570353 0.056914 0.092864
2 0.491566 0.564809 0.047558 0.065143
2 0.942201 0.565502 0.111489 0.080390
2 0.853711 0.563423 0.088879 0.065143
2 0.789001 0.562037 0.057693 0.062371
2 0.836169 0.531544 0.044439 0.029106
2 0.464278 0.563423 0.010135 0.029106
2 0.453753 0.559265 0.009355 0.045739
