7 0.352842 0.193827 0.011865 0.044531
7 0.341636 0.194999 0.010546 0.042187
7 0.364048 0.196171 0.010546 0.044531
7 0.830087 0.253593 0.025048 0.065624
7 0.795810 0.264140 0.035595 0.063281
8 0.449741 0.225468 0.044824 0.028124
8 0.613877 0.159843 0.093603 0.168749
8 0.843271 0.119999 0.019775 0.037499
8 0.859750 0.103593 0.036914 0.028124
8 0.142563 0.344999 0.026367 0.051562
0 0.139268 0.445780 0.014501 0.042187
0 0.777353 0.400077 0.019775 0.030468
2 0.803720 0.443437 0.170068 0.103124
2 0.970891 0.469218 0.050894 0.060937
2 0.414805 0.545390 0.631493 0.550780
