7 0.473533 0.061336 0.022385 0.090306
7 0.235475 0.276387 0.012914 0.052040
7 0.885507 0.267203 0.014636 0.076530
7 0.886368 0.335315 0.021524 0.035204
7 0.214811 0.271795 0.011192 0.042857
8 0.230912 0.329081 0.018941 0.033673
8 0.225746 0.273214 0.006887 0.041326
8 0.205943 0.350510 0.012053 0.030612
8 0.344990 0.343622 0.021524 0.035204
8 0.345421 0.369643 0.010331 0.013775
8 0.376415 0.270153 0.048214 0.047448
8 0.856406 0.316836 0.018080 0.042857
8 0.891964 0.148469 0.033577 0.016836
8 0.870009 0.181377 0.049936 0.033673
8 0.849346 0.041438 0.042187 0.081122
8 0.895839 0.045264 0.040465 0.073469
0 0.037021 0.456234 0.048214 0.166836
0 0.070599 0.463122 0.036160 0.168367
0 0.755500 0.451642 0.018080 0.096428
0 0.973326 0.468479 0.023246 0.145408
0 0.907892 0.455468 0.030133 0.128571
0 0.890673 0.452407 0.028412 0.122449
0 0.084375 0.453173 0.020663 0.151530
0 0.114939 0.452407 0.047353 0.195918
0 0.175207 0.408019 0.038743 0.101020
0 0.989254 0.466183 0.018941 0.125510
0 0.571253 0.411122 0.004304 0.021428
0 0.563074 0.411122 0.006887 0.021428
2 0.435048 0.427806 0.014636 0.026020
2 0.419981 0.427806 0.015497 0.016836
2 0.545424 0.420918 0.038743 0.042857
2 0.568670 0.446173 0.030133 0.050510
2 0.587181 0.450000 0.036160 0.061224
3 0.483983 0.415532 0.061989 0.102493
2 0.647998 0.486734 0.135172 0.159183
2 0.298444 0.533418 0.359024 0.326020
8 0.239780 0.195264 0.028412 0.061224
2 0.520321 0.453813 0.068644 0.074745
