8 0.521127 0.236916 0.071729 0.127518
8 0.458722 0.328305 0.054036 0.021253
8 0.488131 0.406941 0.013389 0.010201
8 0.263698 0.395795 0.018171 0.037405
8 0.361728 0.451053 0.015302 0.028904
8 0.256286 0.428100 0.012911 0.011901
8 0.659485 0.420449 0.088944 0.025503
8 0.647052 0.378793 0.023909 0.059508
8 0.644421 0.338837 0.028213 0.022103
8 0.657811 0.360090 0.131503 0.085012
8 0.606166 0.408972 0.023431 0.016152
8 0.631988 0.432776 0.075076 0.028054
7 0.508694 0.437026 0.019127 0.022953
7 0.417119 0.310357 0.010998 0.039955
7 0.012167 0.182413 0.022953 0.078211
7 0.216117 0.445102 0.016736 0.027204
7 0.548384 0.350313 0.026778 0.045056
7 0.515149 0.352864 0.008129 0.045056
7 0.426683 0.312058 0.011954 0.034855
7 0.519559 0.127155 0.025344 0.095214
2 0.937090 0.531328 0.025344 0.042506
2 0.972190 0.513050 0.054036 0.085862
2 0.127711 0.555557 0.255422 0.330698
2 0.538755 0.496352 0.005260 0.017002
2 0.533017 0.498477 0.007172 0.014452
2 0.494044 0.506553 0.009563 0.023803
2 0.479459 0.496777 0.010998 0.019552
2 0.438061 0.497627 0.023431 0.029754
2 0.424193 0.502302 0.023431 0.025503
2 0.447864 0.503578 0.008607 0.033154
2 0.401957 0.501452 0.025822 0.037405
2 0.347545 0.486029 0.015780 0.020403
2 0.367630 0.500481 0.048297 0.052707
2 0.314106 0.502606 0.062165 0.070560
2 0.463371 0.500582 0.029648 0.045056
