7 0.340705 0.196817 0.018711 0.091478
7 0.522752 0.307700 0.011694 0.055441
7 0.498583 0.470559 0.005457 0.018018
7 0.448685 0.457392 0.003898 0.024948
7 0.848644 0.316016 0.011694 0.052669
8 0.866186 0.169096 0.029626 0.030492
8 0.865016 0.219686 0.028846 0.040195
7 0.901270 0.297997 0.042100 0.066529
8 0.589022 0.334034 0.056914 0.024948
8 0.644766 0.412345 0.023389 0.018018
8 0.520413 0.469173 0.021050 0.012474
7 0.243639 0.503824 0.011694 0.031878
2 0.286129 0.611242 0.116946 0.121971
2 0.373840 0.595302 0.061591 0.081776
2 0.413212 0.595302 0.015592 0.042967
2 0.944540 0.522535 0.109930 0.099794
2 0.440889 0.568274 0.031965 0.052669
2 0.498973 0.568274 0.037422 0.055441
2 0.521972 0.561344 0.011694 0.024948
4 0.555107 0.559265 0.053015 0.084548
2 0.473634 0.566195 0.011694 0.023562
