7 0.273655 0.544712 0.010915 0.052669
8 0.273655 0.545405 0.048338 0.079004
8 0.457067 0.602925 0.008576 0.015246
8 0.036448 0.528079 0.038982 0.020790
2 0.120260 0.586986 0.020270 0.022176
2 0.183411 0.583521 0.007796 0.015246
2 0.219275 0.580056 0.023389 0.022176
2 0.247342 0.580056 0.010915 0.013860
2 0.235258 0.582828 0.010135 0.016632
2 0.477727 0.634111 0.013253 0.008316
2 0.497998 0.629260 0.013253 0.015246
2 0.528794 0.614014 0.037422 0.067915
2 0.555692 0.628567 0.010135 0.011088
2 0.579861 0.618865 0.035084 0.047125
2 0.657825 0.632032 0.099014 0.112268
2 0.099989 0.590451 0.024948 0.029106
2 0.172886 0.585600 0.014813 0.016632
2 0.196275 0.583521 0.017931 0.020790
8 0.436082 0.582817 0.027835 0.032989
