2 0.470170 0.653148 0.013657 0.029136
2 0.433294 0.660432 0.013657 0.024280
2 0.423734 0.658004 0.013657 0.024280
2 0.483828 0.656183 0.013657 0.035206
7 0.487926 0.588804 0.010926 0.021852
7 0.054972 0.252518 0.030047 0.128687
2 0.612212 0.661646 0.043705 0.077697
2 0.638162 0.677428 0.057362 0.089838
2 0.454464 0.665288 0.031413 0.053417
2 0.406662 0.664074 0.036876 0.055845
2 0.541874 0.689568 0.118823 0.203956
4 0.759717 0.624011 0.207599 0.291367
7 0.093897 0.515962 0.034144 0.065557
7 0.395052 0.605800 0.008194 0.031564
8 0.050192 0.437050 0.080581 0.053417
8 0.393687 0.622797 0.016389 0.016996
