4 0.060032 0.352053 0.118506 0.121971
0 0.141505 0.350667 0.011694 0.041581
7 0.207775 0.302848 0.010135 0.018018
2 0.888406 0.549563 0.222198 0.547484
2 0.614360 0.435215 0.166844 0.199589
2 0.526260 0.380466 0.104472 0.151077
2 0.470905 0.372843 0.028067 0.091478
2 0.452194 0.381160 0.015592 0.049897
2 0.448296 0.371457 0.018711 0.047125
7 0.454533 0.313244 0.006237 0.022176
2 0.338755 0.347202 0.016372 0.023562
2 0.298214 0.349974 0.014813 0.026334
2 0.279600 0.349182 0.023389 0.029106
2 0.325599 0.347796 0.007796 0.020790
4 0.315464 0.338786 0.017152 0.027720
2 0.431631 0.368091 0.015592 0.030492
2 0.385242 0.386110 0.088099 0.149691
