2 0.580628 0.598343 0.066923 0.092266
2 0.483658 0.594701 0.069654 0.104406
2 0.903321 0.561922 0.193311 0.160251
2 0.784130 0.570420 0.088775 0.084982
2 0.709695 0.558280 0.087410 0.075269
2 0.338202 0.603893 0.043705 0.052029
2 0.284253 0.604500 0.039607 0.050815
2 0.314983 0.595394 0.024584 0.032952
2 0.028169 0.660258 0.054631 0.080125
2 0.045924 0.627479 0.087410 0.038848
2 0.362274 0.591232 0.024584 0.031564
2 0.555532 0.568165 0.042339 0.048561
2 0.520704 0.569379 0.019120 0.021852
2 0.425782 0.582734 0.017755 0.029136
2 0.444726 0.579092 0.017400 0.026708
8 0.113018 0.454047 0.042339 0.016996
8 0.025608 0.513534 0.025949 0.019424
8 0.013316 0.500180 0.020486 0.016996
8 0.064533 0.412770 0.016389 0.012140
8 0.636113 0.445548 0.034144 0.038848
8 0.664795 0.497752 0.012292 0.021852
8 0.713280 0.466187 0.024584 0.007284
8 0.672306 0.471043 0.010926 0.016996
8 0.373200 0.534173 0.016389 0.007284
8 0.596505 0.524460 0.012292 0.026708
7 0.674355 0.519604 0.009560 0.026708
7 0.405979 0.458903 0.010926 0.031564
7 0.600603 0.421268 0.006828 0.029136
7 0.005804 0.557239 0.010926 0.029136
7 0.453098 0.530531 0.006828 0.024280
7 0.528899 0.526888 0.005463 0.021852
7 0.554849 0.530531 0.008194 0.024280
2 0.242768 0.614299 0.036876 0.041277
8 0.539655 0.523073 0.012292 0.019424
