7 0.206864 0.369672 0.020663 0.044387
7 0.752719 0.430132 0.029272 0.042857
8 0.205909 0.437176 0.020984 0.039637
2 0.237859 0.564060 0.029272 0.038265
2 0.297697 0.551815 0.021524 0.032142
2 0.346772 0.547224 0.023246 0.032142
2 0.355382 0.562530 0.014636 0.032142
2 0.332135 0.563295 0.019802 0.030612
2 0.317499 0.550285 0.018080 0.022959
2 0.271437 0.554111 0.036160 0.045918
2 0.699107 0.555612 0.037021 0.061224
2 0.729671 0.562500 0.041326 0.044387
2 0.772720 0.559439 0.046492 0.053571
2 0.825670 0.557143 0.076626 0.067346
2 0.201897 0.564030 0.025829 0.071938
2 0.096428 0.440816 0.191996 0.502041
2 0.523469 0.529592 0.329751 0.352040
2 0.962365 0.560999 0.071460 0.075000
8 0.205909 0.483808 0.023607 0.048963
7 0.729584 0.428682 0.018361 0.032642
