2 0.626801 0.494769 0.111128 0.126508
2 0.679928 0.456643 0.034118 0.050256
4 0.602431 0.421116 0.062387 0.072785
3 0.560514 0.430648 0.019496 0.057188
2 0.476193 0.454910 0.026319 0.043324
2 0.205197 0.510366 0.133548 0.116110
4 0.064337 0.455776 0.128674 0.176765
4 0.166692 0.460975 0.076035 0.107445
2 0.300728 0.472240 0.051664 0.064120
2 0.402108 0.454043 0.024370 0.027727
2 0.437201 0.444512 0.018521 0.022528
2 0.454260 0.443645 0.015596 0.020795
2 0.499101 0.441046 0.011697 0.022528
2 0.532732 0.435847 0.014622 0.019062
