2 0.032949 0.733100 0.064191 0.075269
2 0.389418 0.757381 0.154333 0.259802
4 0.752392 0.465851 0.422676 0.755452
4 0.172259 0.672399 0.094239 0.123831
2 0.108750 0.712462 0.038241 0.058273
2 0.516436 0.677255 0.066923 0.118974
2 0.484340 0.669970 0.019120 0.065557
2 0.474097 0.661472 0.020486 0.053417
2 0.422197 0.654188 0.061460 0.048561
4 0.427660 0.609269 0.034144 0.036420
2 0.280839 0.672399 0.035510 0.041277
2 0.302008 0.666328 0.017755 0.038848
2 0.317032 0.666328 0.017755 0.038848
2 0.328641 0.659044 0.013657 0.029136
7 0.065728 0.646904 0.012292 0.019424
7 0.488438 0.544925 0.005463 0.024280
7 0.512339 0.574062 0.006828 0.024280
7 0.481609 0.546139 0.008194 0.031564
7 0.506193 0.571634 0.005463 0.029136
7 0.122408 0.578051 0.008194 0.026708
7 0.269912 0.520992 0.005463 0.038848
7 0.209818 0.556199 0.008194 0.036420
