2 0.475487 0.527343 0.015820 0.028124
2 0.524267 0.554296 0.163476 0.171093
7 0.408251 0.501562 0.010546 0.023437
7 0.459667 0.452343 0.007910 0.023437
8 0.433959 0.462890 0.017138 0.011718
2 0.143261 0.571874 0.270702 0.178124
7 0.218847 0.356249 0.021093 0.037499
2 0.420116 0.532030 0.023730 0.037499
2 0.708837 0.587108 0.308495 0.180468
0 0.834081 0.547265 0.015820 0.072656
7 0.974926 0.210937 0.022412 0.103124
7 0.951195 0.198046 0.017138 0.077343
7 0.933397 0.205077 0.013183 0.072656
7 0.341125 0.442382 0.013183 0.021093
8 0.450549 0.452929 0.007910 0.018749
7 0.190564 0.437452 0.013875 0.029152
7 0.206332 0.438573 0.010091 0.031395
