2 0.145371 0.455667 0.015302 0.020403
2 0.107594 0.469269 0.081293 0.047607
2 0.041603 0.467569 0.083206 0.078211
2 0.759375 0.493073 0.188409 0.202330
2 0.676647 0.445466 0.040168 0.039105
2 0.508800 0.439090 0.006694 0.013602
2 0.499236 0.439940 0.012433 0.015302
2 0.489672 0.448441 0.020084 0.028904
2 0.475326 0.431439 0.014345 0.018702
2 0.582442 0.443340 0.033473 0.025503
2 0.414596 0.442490 0.024866 0.020403
2 0.396424 0.442490 0.013389 0.013602
2 0.381122 0.440790 0.011476 0.013602
2 0.367732 0.440790 0.013389 0.017002
2 0.349083 0.441640 0.008607 0.015302
2 0.340475 0.441640 0.006694 0.018702
2 0.323260 0.443340 0.018171 0.025503
2 0.298872 0.446741 0.019127 0.018702
2 0.260138 0.464594 0.043037 0.044206
2 0.191409 0.501574 0.179801 0.119017
2 0.894453 0.555132 0.209449 0.358753
1 0.619072 0.441215 0.006694 0.059508
1 0.606161 0.447166 0.009563 0.051007
1 0.534431 0.439515 0.005738 0.032304
2 0.453425 0.445466 0.052219 0.051007
8 0.537492 0.346001 0.017215 0.013602
8 0.061591 0.273740 0.011476 0.037405
8 0.355682 0.389357 0.008607 0.020403
8 0.615725 0.363854 0.007651 0.010201
8 0.574600 0.383407 0.011476 0.008501
8 0.582251 0.365554 0.013389 0.006801
8 0.885714 0.264389 0.023909 0.035705
8 0.562549 0.402109 0.007651 0.008501
8 0.056586 0.327582 0.016258 0.017002
7 0.208971 0.390774 0.004781 0.022103
7 0.216144 0.388224 0.007651 0.027204
7 0.423522 0.355919 0.004781 0.017002
7 0.509597 0.347418 0.004781 0.020403
7 0.429707 0.352632 0.005164 0.020403
7 0.517025 0.345831 0.005738 0.023803
7 0.607117 0.353482 0.007651 0.028904
8 0.396424 0.361133 0.010520 0.020403
2 0.618307 0.384937 0.010520 0.020403
8 0.884981 0.156139 0.055470 0.086712
7 0.634406 0.419112 0.022953 0.035705
