7 0.482573 0.170009 0.024968 0.096428
7 0.356441 0.238121 0.017219 0.076530
7 0.733115 0.456999 0.016358 0.033673
7 0.228156 0.453938 0.012053 0.030612
8 0.484295 0.085825 0.019802 0.029081
8 0.761097 0.375111 0.030994 0.056632
8 0.759805 0.158530 0.066294 0.048979
7 0.786065 0.374346 0.017219 0.048979
7 0.714604 0.460060 0.008609 0.030612
2 0.540258 0.582509 0.059406 0.153061
2 0.654337 0.646030 0.189413 0.273979
2 0.375813 0.683530 0.343526 0.508163
2 0.820856 0.773071 0.357146 0.442347
8 0.191996 0.481489 0.013775 0.036734
