2 0.112638 0.598681 0.223093 0.460677
2 0.378634 0.440036 0.101249 0.122033
2 0.412078 0.421779 0.068644 0.106779
2 0.447687 0.417966 0.028315 0.071694
2 0.460558 0.414915 0.019735 0.059491
2 0.470426 0.410338 0.013728 0.050338
2 0.481151 0.402711 0.014586 0.041186
2 0.488016 0.401949 0.009438 0.039661
2 0.496167 0.402711 0.008580 0.022881
2 0.533922 0.399660 0.020593 0.022881
0 0.660484 0.398898 0.012870 0.064067
8 0.555373 0.370677 0.006864 0.010677
0 0.764952 0.405381 0.026599 0.120508
0 0.800561 0.412245 0.025741 0.100677
8 0.474502 0.348177 0.008580 0.021355
8 0.474931 0.368008 0.009438 0.006101
8 0.559449 0.360381 0.006864 0.009152
2 0.508395 0.390889 0.011154 0.015254
