2 0.029738 0.595955 0.059114 0.072804
4 0.118969 0.579314 0.084245 0.068644
2 0.185078 0.581394 0.045632 0.047842
2 0.221350 0.581394 0.029251 0.035362
2 0.072166 0.588675 0.032761 0.049922
2 0.388670 0.588675 0.052653 0.074884
2 0.475818 0.588675 0.025786 0.045762
2 0.512697 0.586595 0.029251 0.033281
2 0.421432 0.588675 0.022231 0.045762
4 0.430207 0.574114 0.037442 0.074884
4 0.498657 0.561633 0.017551 0.033281
4 0.474670 0.553313 0.021061 0.024961
4 0.454194 0.560593 0.012870 0.039522
4 0.519614 0.553593 0.021093 0.042187
0 0.585532 0.574687 0.007910 0.037499
0 0.580258 0.581718 0.007910 0.037499
0 0.574326 0.579374 0.006591 0.032812
