2 0.453285 0.528975 0.032761 0.052003
2 0.517639 0.501934 0.014040 0.027041
2 0.537530 0.504014 0.021061 0.035362
2 0.615456 0.495763 0.023401 0.016640
2 0.634178 0.509283 0.049142 0.039522
2 0.667525 0.502003 0.017551 0.016640
2 0.688001 0.509283 0.021061 0.035362
2 0.716667 0.511364 0.012870 0.014560
2 0.739484 0.498883 0.023401 0.022881
2 0.769906 0.493682 0.032761 0.024961
2 0.787457 0.524884 0.098285 0.049922
2 0.902319 0.495763 0.047972 0.016640
2 0.950291 0.493682 0.050313 0.029121
2 0.988904 0.495763 0.019891 0.037442
2 0.807543 0.489522 0.050313 0.024961
2 0.408549 0.533205 0.069034 0.079044
2 0.225384 0.547072 0.168490 0.112326
0 0.477271 0.511294 0.008190 0.029121
2 0.575557 0.530223 0.087755 0.122727
8 0.260808 0.443898 0.019891 0.037442
7 0.109869 0.429129 0.022231 0.027041
7 0.243842 0.131671 0.014040 0.081124
7 0.232141 0.084869 0.051483 0.166409
2 0.858363 0.489661 0.018721 0.016641
