7 0.396275 0.194491 0.011700 0.072804
7 0.968440 0.431625 0.009360 0.035362
7 0.811650 0.437866 0.014040 0.022881
7 0.942113 0.453467 0.012870 0.016640
7 0.892970 0.453467 0.008190 0.020801
7 0.102588 0.382742 0.021061 0.033281
7 0.410901 0.198651 0.017551 0.068644
7 0.384575 0.199691 0.011700 0.058243
8 0.481691 0.354661 0.021061 0.010400
8 0.490466 0.370262 0.024571 0.016640
8 0.510942 0.335940 0.039782 0.047842
2 0.857868 0.475308 0.019891 0.027041
2 0.878344 0.495069 0.021061 0.029121
2 0.841487 0.487789 0.026911 0.043682
2 0.828031 0.495069 0.032761 0.049922
2 0.950304 0.480508 0.015210 0.033281
2 0.967270 0.499229 0.021061 0.033281
2 0.934508 0.491949 0.023401 0.043682
2 0.773038 0.508590 0.032761 0.031201
2 0.744956 0.511710 0.037442 0.033281
2 0.715120 0.511710 0.029251 0.049922
2 0.690548 0.508590 0.017551 0.043682
2 0.673582 0.512750 0.030421 0.060323
2 0.650766 0.515870 0.040952 0.058243
2 0.804630 0.518991 0.056163 0.043682
2 0.908766 0.511710 0.044462 0.049922
2 0.986576 0.516910 0.024571 0.035362
2 0.984821 0.499229 0.028081 0.024961
2 0.576466 0.497149 0.105306 0.120647
2 0.205554 0.542912 0.117007 0.079044
2 0.057540 0.551233 0.113496 0.083204
0 0.376969 0.514830 0.010530 0.072804
0 0.396860 0.516911 0.010530 0.068644
2 0.856113 0.497149 0.018721 0.020801
7 0.766603 0.460747 0.010530 0.014560
7 0.788249 0.456587 0.014040 0.014560
8 0.547800 0.335940 0.015210 0.085285
8 0.822766 0.027041 0.085415 0.054083
8 0.129499 0.323459 0.030421 0.027041
