2 0.482975 0.577704 0.008194 0.026708
2 0.504827 0.578918 0.013657 0.019424
2 0.493901 0.605627 0.027315 0.048561
2 0.541703 0.587416 0.013657 0.026708
2 0.553313 0.588630 0.023218 0.043705
2 0.579945 0.592273 0.040973 0.065557
2 0.451562 0.604413 0.068289 0.089838
2 0.523948 0.599557 0.043705 0.065557
0 0.239165 0.536266 0.031378 0.100531
0 0.198209 0.535213 0.034144 0.101978
8 0.545118 0.529143 0.017755 0.016996
8 0.560824 0.514575 0.019120 0.055845
2 0.614773 0.611697 0.047802 0.036420
2 0.650966 0.616553 0.030047 0.036420
