8 0.029975 0.393594 0.043122 0.041135
7 0.047329 0.479605 0.018931 0.067313
7 0.042070 0.552527 0.021035 0.037396
7 0.213578 0.481854 0.012761 0.077772
8 0.244535 0.480540 0.024190 0.046745
8 0.245587 0.532894 0.024190 0.046745
8 0.329202 0.571226 0.010517 0.033656
4 0.988660 0.562308 0.022087 0.163680
8 0.603188 0.522611 0.019983 0.048614
8 0.560065 0.555332 0.009465 0.031786
8 0.610024 0.401073 0.021035 0.041135
8 0.639999 0.413227 0.032604 0.013088
7 0.591092 0.345914 0.012621 0.057964
7 0.631585 0.449688 0.013672 0.048614
7 0.650517 0.516066 0.011569 0.028047
7 0.866655 0.427250 0.019983 0.071052
2 0.466458 0.624515 0.013672 0.020567
2 0.422810 0.629190 0.018931 0.029916
2 0.343927 0.623580 0.023138 0.029916
2 0.315529 0.646953 0.065209 0.061703
2 0.516943 0.611426 0.015776 0.028047
2 0.534823 0.619841 0.030501 0.056094
2 0.540082 0.619841 0.026294 0.059833
2 0.570583 0.620775 0.053640 0.069182
2 0.495381 0.625450 0.046277 0.067313
2 0.449104 0.625450 0.023138 0.033656
2 0.380213 0.630124 0.070468 0.084141
8 0.229285 0.543178 0.014724 0.041135
8 0.228759 0.573095 0.013672 0.022437
0 0.699424 0.606752 0.018931 0.067313
0 0.676811 0.611426 0.015776 0.080401
0 0.661178 0.614231 0.017593 0.082271
0 0.196154 0.605817 0.009465 0.043005
0 0.204042 0.606752 0.010517 0.052354
