7 0.230894 0.103124 0.013183 0.084374
7 0.244077 0.106640 0.015820 0.077343
7 0.614536 0.427734 0.013183 0.044531
7 0.632993 0.426562 0.015820 0.037499
8 0.026548 0.295312 0.036914 0.023437
8 0.053574 0.263671 0.035595 0.025781
8 0.843271 0.352734 0.038232 0.035156
7 0.435239 0.464062 0.005273 0.023437
7 0.398984 0.458202 0.006591 0.025781
7 0.409531 0.483984 0.006591 0.021093
7 0.065440 0.369140 0.017138 0.044531
2 0.446445 0.498046 0.017138 0.025781
2 0.459629 0.516796 0.014501 0.067968
2 0.503135 0.524999 0.077783 0.131249
2 0.363389 0.651562 0.267626 0.370312
2 0.965878 0.596483 0.061962 0.096093
