7 0.323223 0.549980 0.009789 0.022375
2 0.284940 0.583011 0.009789 0.022375
2 0.275151 0.587983 0.009789 0.022375
2 0.263963 0.592955 0.015383 0.032320
2 0.249279 0.595441 0.011187 0.047237
2 0.220610 0.589226 0.051743 0.089502
2 0.140197 0.610359 0.123066 0.206353
2 0.086356 0.655110 0.172013 0.261049
2 0.303193 0.586614 0.018035 0.029582
2 0.317105 0.593574 0.015383 0.048475
2 0.355563 0.596685 0.061533 0.084530
2 0.542960 0.633977 0.061533 0.114364
2 0.453457 0.614088 0.139848 0.228729
2 0.814964 0.694889 0.300673 0.216298
2 0.678476 0.648280 0.077783 0.093749
