1 0.459621 0.435847 0.026319 0.102246
6 0.459743 0.467474 0.026563 0.082317
2 0.946538 0.557156 0.103329 0.202760
2 0.029731 0.559756 0.059463 0.273812
2 0.116976 0.473106 0.116976 0.097047
2 0.318762 0.442779 0.044841 0.053722
2 0.625826 0.446245 0.054589 0.064120
2 0.601456 0.441046 0.033143 0.057188
2 0.587321 0.430648 0.039967 0.064120
2 0.568312 0.430648 0.023395 0.050256
2 0.553203 0.427182 0.020470 0.032926
2 0.542967 0.424582 0.013647 0.027727
2 0.534682 0.425449 0.010722 0.022528
2 0.362141 0.434980 0.034118 0.041591
2 0.428915 0.425449 0.019496 0.025994
2 0.506900 0.430648 0.035093 0.053722
2 0.478874 0.420250 0.009748 0.017329
8 0.716168 0.390789 0.009748 0.029460
8 0.576771 0.378658 0.007798 0.012130
8 0.590906 0.379525 0.006823 0.017329
8 0.560319 0.385590 0.007798 0.012130
8 0.566168 0.393389 0.005848 0.013863
8 0.549109 0.396855 0.006823 0.013863
2 0.492570 0.416784 0.008773 0.012130
7 0.478315 0.393389 0.005848 0.017329
7 0.522182 0.363928 0.007798 0.013863
7 0.389608 0.398588 0.007798 0.013863
8 0.405692 0.396855 0.010722 0.010397
2 0.912225 0.452310 0.058488 0.055455
7 0.517866 0.384724 0.004874 0.015596
7 0.449426 0.367458 0.008609 0.019897
