2 0.150739 0.483559 0.108114 0.103728
2 0.220670 0.469830 0.074650 0.100677
2 0.267434 0.475169 0.051483 0.065593
2 0.534717 0.469830 0.024883 0.048813
2 0.396023 0.468304 0.019114 0.018305
2 0.320204 0.466016 0.016302 0.016779
2 0.444813 0.468304 0.024025 0.036610
2 0.498441 0.473643 0.057489 0.102203
2 0.622344 0.498050 0.076366 0.096101
2 0.426880 0.465254 0.012870 0.030508
7 0.455539 0.370677 0.007722 0.015254
7 0.523325 0.408813 0.006006 0.012203
7 0.556789 0.409576 0.007722 0.010677
7 0.500157 0.411864 0.006006 0.012203
8 0.604839 0.399660 0.009438 0.015254
7 0.405343 0.435508 0.006864 0.016779
7 0.569230 0.437796 0.005148 0.018305
8 0.569659 0.416440 0.007722 0.015254
8 0.404056 0.383643 0.009438 0.016779
8 0.383891 0.408813 0.015444 0.024406
8 0.383462 0.430932 0.019735 0.016779
8 0.375311 0.446949 0.008580 0.015254
8 0.301519 0.468304 0.013728 0.021355
8 0.429177 0.357711 0.014586 0.013728
8 0.783266 0.408813 0.007722 0.024406
8 0.886661 0.389745 0.017161 0.028983
2 0.722487 0.483559 0.082944 0.064067
3 0.911973 0.501101 0.172468 0.166271
