7 0.433417 0.384622 0.010029 0.030566
7 0.471386 0.454670 0.008596 0.028018
7 0.443446 0.458490 0.007163 0.030566
7 0.394732 0.415189 0.010029 0.035660
2 0.419232 0.500519 0.011462 0.022924
2 0.450037 0.500519 0.012895 0.028018
2 0.459350 0.501792 0.011462 0.020377
2 0.379114 0.496698 0.008596 0.025471
2 0.145427 0.514528 0.067340 0.066226
2 0.329253 0.503066 0.068773 0.068773
2 0.392439 0.511981 0.024357 0.040754
2 0.434706 0.501792 0.020058 0.030566
2 0.484137 0.505613 0.018626 0.033113
2 0.798163 0.563834 0.190560 0.170660
8 0.538583 0.459764 0.012895 0.017830
8 0.537867 0.485236 0.011462 0.028018
8 0.502764 0.486509 0.007163 0.020377
8 0.393872 0.455943 0.015760 0.025471
7 0.146860 0.355330 0.012895 0.038207
