7 0.483188 0.565472 0.007163 0.020377
7 0.500382 0.564198 0.010029 0.022924
7 0.460980 0.580755 0.005731 0.020377
7 0.226720 0.252170 0.027222 0.091698
7 0.425877 0.263632 0.024357 0.089151
7 0.594945 0.301839 0.024357 0.094245
8 0.664435 0.374434 0.063042 0.035660
8 0.280449 0.250896 0.042983 0.063679
2 0.450950 0.607500 0.014327 0.033113
2 0.466711 0.621509 0.031521 0.050943
2 0.324865 0.625330 0.031521 0.063679
2 0.246779 0.631698 0.030088 0.050943
2 0.213825 0.638066 0.030088 0.043301
2 0.127858 0.649528 0.067340 0.081509
2 0.269703 0.630425 0.041550 0.053490
2 0.173707 0.653349 0.075937 0.089151
2 0.489636 0.632972 0.051580 0.073867
2 0.381460 0.690283 0.156173 0.219056
2 0.860727 0.770519 0.275094 0.455943
3 0.741089 0.546368 0.348166 0.364245
8 0.076277 0.607500 0.010029 0.028018
