0 0.247959 0.452296 0.014636 0.022959
0 0.219547 0.450765 0.016358 0.022959
2 0.082222 0.482143 0.027551 0.045918
2 0.096428 0.493622 0.055963 0.071938
2 0.108912 0.498214 0.065433 0.081122
2 0.137755 0.495918 0.050797 0.076530
2 0.166167 0.498214 0.061128 0.075000
2 0.199314 0.502806 0.053380 0.081122
2 0.241071 0.498214 0.069738 0.102551
2 0.261734 0.498979 0.066294 0.101020
2 0.297034 0.493622 0.074904 0.114795
2 0.341805 0.479081 0.109343 0.140816
2 0.435220 0.468367 0.194579 0.162244
2 0.613871 0.438520 0.176498 0.117857
2 0.697385 0.425510 0.138616 0.101020
2 0.773150 0.420153 0.128284 0.084183
2 0.851929 0.410204 0.142920 0.079591
3 0.037691 0.489142 0.075382 0.590816
8 0.481760 0.285740 0.022385 0.055102
