8 0.757948 0.603801 0.018556 0.032989
8 0.756788 0.550193 0.037113 0.065979
8 0.630951 0.605863 0.008118 0.024742
8 0.287072 0.118234 0.044072 0.068041
8 0.441324 0.274935 0.064948 0.167010
8 0.477556 0.591076 0.013360 0.015786
8 0.227922 0.597616 0.032474 0.020618
8 0.270255 0.583183 0.010438 0.004123
8 0.264456 0.600708 0.026675 0.026804
8 0.306208 0.338853 0.126417 0.047422
8 0.305628 0.236791 0.201804 0.177319
2 0.501610 0.614433 0.017396 0.018556
2 0.486533 0.611340 0.010438 0.020618
2 0.476675 0.614433 0.020876 0.022680
2 0.443041 0.617525 0.016237 0.020618
2 0.334600 0.645360 0.008118 0.022680
2 0.374613 0.632989 0.011597 0.030927
2 0.325902 0.635051 0.013917 0.022680
2 0.400708 0.631958 0.056829 0.057731
2 0.220940 0.642268 0.024355 0.016494
2 0.201804 0.646391 0.011597 0.016494
2 0.188466 0.648453 0.015077 0.020618
2 0.174548 0.653608 0.015077 0.018556
2 0.158311 0.652577 0.012757 0.024742
2 0.125837 0.659793 0.022036 0.035051
2 0.103221 0.658762 0.020876 0.032989
2 0.075966 0.657732 0.035953 0.018556
2 0.052190 0.658762 0.013917 0.024742
2 0.033634 0.667010 0.032474 0.037113
2 0.011097 0.661237 0.022195 0.039175
2 0.349257 0.648866 0.030154 0.051546
2 0.421744 0.729278 0.135695 0.195876
2 0.288948 0.680824 0.092783 0.131958
3 0.892041 0.626185 0.104381 0.072164
