7 0.200124 0.123033 0.017406 0.067313
2 0.490612 0.396920 0.029586 0.040092
2 0.524726 0.388919 0.024190 0.033656
2 0.544183 0.386670 0.016828 0.029158
2 0.460370 0.397499 0.032695 0.059999
2 0.390234 0.408749 0.059062 0.082499
2 0.296096 0.420856 0.087537 0.100522
8 0.177187 0.302812 0.029531 0.061874
8 0.160312 0.125624 0.040078 0.071249
8 0.713495 0.330937 0.028476 0.035624
7 0.928912 0.168691 0.017929 0.035624
7 0.053114 0.307770 0.013672 0.027673
7 0.024716 0.304778 0.013672 0.026177
7 0.476555 0.175761 0.011569 0.018698
8 0.573212 0.340304 0.010517 0.014958
8 0.947963 0.246826 0.034680 0.019133
8 0.221952 0.323362 0.021525 0.040393
7 0.078927 0.305291 0.009566 0.017007
