2 0.154260 0.409784 0.308520 0.399383
2 0.961737 0.642758 0.075519 0.436826
2 0.440738 0.543952 0.339320 0.451387
2 0.317881 0.393143 0.060843 0.087365
2 0.520303 0.366101 0.128707 0.149768
8 0.190343 0.224653 0.044462 0.016640
7 0.261132 0.221533 0.008190 0.035362
7 0.519133 0.173690 0.007020 0.031201
8 0.241826 0.222573 0.021061 0.033281
8 0.581147 0.213212 0.023401 0.027041
8 0.544289 0.184091 0.026911 0.035362
8 0.737936 0.087365 0.037442 0.024961
7 0.694058 0.162249 0.015210 0.054083
7 0.619759 0.221533 0.014040 0.047842
2 0.588167 0.400424 0.021061 0.106086
5 0.776548 0.501310 0.397823 0.744684
1 0.602208 0.366101 0.044462 0.183050
8 0.749637 0.179930 0.021061 0.027041
7 0.501816 0.172499 0.011865 0.056249
5 0.620468 0.460780 0.080419 0.374999
