2 0.053959 0.551063 0.074046 0.071421
2 0.544454 0.536358 0.089013 0.120435
2 0.325858 0.530757 0.061443 0.092427
2 0.280564 0.527255 0.022844 0.029408
2 0.226210 0.536358 0.043325 0.053215
2 0.185642 0.534258 0.051990 0.065819
2 0.150982 0.544060 0.022056 0.037811
2 0.132864 0.546861 0.018905 0.029408
2 0.477129 0.528236 0.014966 0.028008
2 0.385989 0.525855 0.006301 0.016804
2 0.397805 0.527956 0.018905 0.023807
2 0.378505 0.525155 0.005514 0.012603
3 0.436404 0.496446 0.031509 0.019605
2 0.366295 0.523754 0.011028 0.016804
2 0.795172 0.576669 0.166999 0.112033
7 0.336099 0.471939 0.004726 0.011203
7 0.440456 0.562638 0.092952 0.126037
7 0.321788 0.473340 0.005514 0.012603
7 0.364832 0.481342 0.004726 0.014004
