8 0.746215 0.573100 0.014622 0.039858
8 0.747190 0.624223 0.014622 0.062387
8 0.434764 0.491649 0.015596 0.050256
8 0.372376 0.652817 0.005848 0.019062
0 0.356292 0.687477 0.016571 0.053722
8 0.237853 0.702208 0.025345 0.045057
8 0.215919 0.716072 0.039967 0.058921
2 0.212508 0.682278 0.037042 0.025994
8 0.381149 0.670147 0.025345 0.022528
2 0.615103 0.635488 0.072135 0.064120
2 0.622414 0.645019 0.067261 0.058921
2 0.674079 0.630289 0.104304 0.074518
2 0.683827 0.636354 0.112102 0.065853
2 0.894873 0.615558 0.029244 0.041591
2 0.944101 0.603427 0.059463 0.062387
2 0.986018 0.606027 0.026319 0.053722
2 0.044841 0.730802 0.038992 0.039858
2 0.105279 0.719538 0.027294 0.017329
2 0.016084 0.733402 0.026319 0.038125
2 0.168154 0.739467 0.077009 0.112644
