2 0.473269 0.478305 0.147195 0.228754
0 0.754501 0.440179 0.023395 0.107445
0 0.781795 0.439313 0.023395 0.102246
0 0.868553 0.445378 0.029244 0.097047
0 0.967496 0.441912 0.036067 0.124775
0 0.930941 0.450577 0.025345 0.103979
0 0.730131 0.407253 0.015596 0.076251
0 0.596094 0.395988 0.012672 0.050256
0 0.849057 0.410719 0.017546 0.058921
0 0.989429 0.483504 0.017546 0.142105
8 0.661894 0.163767 0.072135 0.025994
8 0.485454 0.307606 0.011697 0.025994
7 0.718433 0.227021 0.013647 0.045057
7 0.614128 0.124775 0.015596 0.069319
7 0.600481 0.123042 0.011697 0.058921
7 0.626801 0.126508 0.013647 0.048523
7 0.720382 0.325802 0.013647 0.024261
8 0.704298 0.268613 0.016571 0.031193
0 0.382612 0.407253 0.055564 0.086649
0 0.567825 0.405520 0.014622 0.055455
0 0.576598 0.407253 0.008773 0.062387
2 0.546867 0.412452 0.029244 0.069319
2 0.411368 0.389056 0.019496 0.050256
2 0.355317 0.388190 0.022420 0.045057
4 0.318274 0.375192 0.061412 0.091848
2 0.248088 0.391656 0.036067 0.055455
2 0.275383 0.389056 0.018521 0.057188
0 0.209096 0.390789 0.014622 0.060654
0 0.185213 0.391656 0.011697 0.048523
7 0.431839 0.338799 0.009748 0.019062
8 0.715996 0.290276 0.024370 0.015596
