2 0.504384 0.623486 0.007993 0.021315
2 0.496391 0.624375 0.015986 0.033750
2 0.487398 0.631480 0.011990 0.026644
2 0.480404 0.625263 0.015986 0.035526
2 0.468914 0.637697 0.032972 0.067500
2 0.448930 0.643026 0.038967 0.085263
2 0.434442 0.650131 0.035970 0.106578
2 0.310044 0.645690 0.224814 0.310855
2 0.542853 0.621710 0.014987 0.024868
2 0.549847 0.627039 0.014987 0.024868
2 0.561837 0.628815 0.010990 0.028421
2 0.571329 0.630592 0.021981 0.031973
2 0.580322 0.634144 0.015986 0.028421
2 0.591313 0.635032 0.027976 0.044407
2 0.608798 0.637697 0.030974 0.046184
2 0.618291 0.644802 0.027976 0.049736
2 0.643270 0.655460 0.061949 0.067500
2 0.716210 0.670559 0.101916 0.111907
2 0.520371 0.626151 0.013988 0.019539
2 0.793646 0.698980 0.154872 0.143881
2 0.120700 0.773585 0.239802 0.449407
8 0.578324 0.596842 0.011990 0.021315
8 0.137935 0.272079 0.045815 0.069319
