0 0.020768 0.500269 0.012285 0.024961
0 0.033054 0.496109 0.011115 0.027041
0 0.093313 0.502869 0.015795 0.042642
0 0.160299 0.525231 0.028081 0.097765
0 0.455741 0.490909 0.015210 0.060323
0 0.141812 0.529807 0.028081 0.104006
2 0.005996 0.564753 0.011700 0.084244
2 0.054408 0.559379 0.108816 0.115446
2 0.351605 0.514726 0.012870 0.032241
2 0.336394 0.512126 0.022231 0.039522
2 0.331129 0.514206 0.012870 0.035362
2 0.260925 0.520446 0.032761 0.037442
2 0.470660 0.520724 0.028666 0.137288
2 0.301000 0.505989 0.052068 0.063443
2 0.555431 0.507030 0.161469 0.269375
7 0.208711 0.223613 0.013455 0.053043
7 0.420201 0.320859 0.009360 0.037442
7 0.429707 0.319298 0.008775 0.035362
7 0.413619 0.321899 0.008190 0.036402
7 0.130170 0.408744 0.011115 0.033281
7 0.105891 0.407184 0.009360 0.030161
7 0.109342 0.442026 0.013455 0.020801
7 0.197975 0.229333 0.015210 0.048882
7 0.217574 0.228813 0.007605 0.049922
8 0.116714 0.383782 0.022816 0.012480
8 0.121687 0.368181 0.009360 0.006240
8 0.106183 0.357261 0.014625 0.009360
8 0.223483 0.409784 0.011700 0.020801
8 0.223775 0.426945 0.011115 0.011440
8 0.352190 0.471667 0.008190 0.013520
8 0.489673 0.347900 0.043292 0.015600
8 0.630813 0.203505 0.025741 0.041602
8 0.698823 0.238867 0.031006 0.054083
8 0.691803 0.181664 0.009945 0.064483
8 0.713157 0.273189 0.021061 0.012480
8 0.703504 0.288790 0.008775 0.016640
8 0.813490 0.195011 0.083659 0.069684
8 0.138558 0.233840 0.026722 0.060670
8 0.809596 0.083204 0.143333 0.164329
2 0.275258 0.492885 0.015795 0.017681
8 0.090680 0.240947 0.039782 0.039522
