2 0.441712 0.336626 0.021794 0.030589
2 0.089971 0.362537 0.178220 0.102985
2 0.904349 0.354889 0.155740 0.108081
2 0.971013 0.368089 0.052766 0.099924
2 0.058501 0.537102 0.113562 0.353286
8 0.863186 0.128474 0.034412 0.044864
8 0.297670 0.230438 0.025236 0.044864
8 0.139705 0.139867 0.031451 0.017999
8 0.875192 0.052847 0.049075 0.104081
8 0.949792 0.101827 0.097502 0.198979
8 0.647615 0.220678 0.029824 0.018353
7 0.268419 0.032628 0.012618 0.065256
7 0.288493 0.033648 0.020647 0.063217
7 0.536895 0.019118 0.014798 0.035176
0 0.573546 0.352794 0.021794 0.101963
0 0.601076 0.345657 0.019500 0.095845
0 0.817303 0.392560 0.045883 0.254909
7 0.899747 0.163071 0.027237 0.069193
0 0.340194 0.327449 0.013765 0.044864
7 0.555612 0.017091 0.018941 0.032142
7 0.525909 0.017346 0.009470 0.034693
4 0.581872 0.325255 0.033577 0.084183
8 0.164445 0.231122 0.012053 0.032142
8 0.475624 0.325145 0.010331 0.024489
