8 0.080716 0.595553 0.016007 0.037351
8 0.190271 0.633794 0.011005 0.024901
8 0.584556 0.087916 0.077038 0.170751
8 0.611069 0.280011 0.054026 0.209881
8 0.394462 0.590005 0.011005 0.014229
7 0.141694 0.578190 0.014006 0.048023
7 0.308777 0.532834 0.010004 0.039130
7 0.357801 0.571075 0.012005 0.019565
7 0.416830 0.591530 0.010004 0.014229
7 0.363804 0.587083 0.008003 0.016007
7 0.322784 0.592419 0.010004 0.016007
7 0.313279 0.596866 0.009004 0.014229
7 0.341293 0.600423 0.007003 0.017786
7 0.305275 0.582637 0.009004 0.014229
2 0.348297 0.632058 0.017008 0.019565
2 0.363304 0.632058 0.015007 0.019565
2 0.332289 0.628501 0.015007 0.019565
2 0.318282 0.645398 0.023011 0.028458
2 0.238742 0.672967 0.022010 0.040909
2 0.225236 0.678303 0.023011 0.044466
2 0.184216 0.716798 0.087043 0.099604
2 0.140194 0.710573 0.031015 0.055138
2 0.108678 0.731917 0.088043 0.094268
2 0.277762 0.680336 0.074036 0.112055
2 0.405325 0.659881 0.073036 0.131620
2 0.434839 0.691897 0.110054 0.170751
2 0.039832 0.753261 0.079664 0.140513
0 0.944739 0.543324 0.060029 0.256126
0 0.711624 0.580675 0.056027 0.192094
0 0.656597 0.626920 0.060029 0.256126
