8 0.896035 0.252430 0.022953 0.023803
8 0.803049 0.268072 0.014027 0.018136
8 0.382738 0.350089 0.006375 0.011335
8 0.497004 0.372355 0.005100 0.006801
7 0.510713 0.362720 0.005100 0.007934
7 0.488397 0.373488 0.002550 0.009068
7 0.491266 0.374622 0.003187 0.011335
2 0.457155 0.417808 0.006375 0.013602
2 0.451416 0.418941 0.011476 0.020403
2 0.441215 0.423475 0.015302 0.036272
2 0.431013 0.424042 0.014027 0.041939
2 0.256950 0.455780 0.030604 0.062342
2 0.228577 0.465982 0.050369 0.069143
2 0.579764 0.431750 0.013389 0.032871
2 0.587096 0.432317 0.017852 0.040806
2 0.600167 0.429483 0.024866 0.048740
2 0.615788 0.434017 0.034430 0.060075
2 0.642567 0.435717 0.049732 0.072544
2 0.656594 0.448186 0.024228 0.068010
4 0.727282 0.405415 0.133894 0.185894
4 0.106000 0.421775 0.212000 0.304004
2 0.028141 0.578312 0.056108 0.303778
2 0.310370 0.457238 0.095187 0.131907
2 0.411339 0.429677 0.035705 0.060075
2 0.516018 0.482628 0.142593 0.213583
2 0.904640 0.480037 0.188090 0.187027
