8 0.064142 0.422755 0.012914 0.027551
8 0.374123 0.336122 0.015497 0.061224
8 0.042187 0.386479 0.017219 0.038265
8 0.039604 0.414030 0.008609 0.016836
8 0.231457 0.399489 0.016358 0.036734
8 0.230165 0.422449 0.006887 0.012244
8 0.901291 0.221938 0.055963 0.140816
3 0.217886 0.484001 0.045631 0.044387
3 0.163645 0.472522 0.033577 0.048979
2 0.607598 0.541837 0.030994 0.036734
2 0.663131 0.549490 0.023246 0.027551
4 0.705749 0.542602 0.027551 0.059693
0 0.299760 0.518112 0.014636 0.093367
0 0.267474 0.515051 0.018941 0.090306
0 0.249394 0.512755 0.015497 0.091836
0 0.638983 0.579847 0.028412 0.166836
0 0.808163 0.606122 0.039604 0.202040
0 0.747465 0.593367 0.047353 0.195918
0 0.730676 0.595663 0.043048 0.194387
0 0.871588 0.595663 0.027551 0.163775
0 0.920663 0.609439 0.022385 0.145408
5 0.738353 0.617092 0.062133 0.059693
