2 0.250340 0.613422 0.063938 0.088466
2 0.457843 0.592354 0.060261 0.085021
2 0.402280 0.577968 0.034277 0.051562
2 0.313291 0.604699 0.030322 0.063724
2 0.335645 0.598378 0.030206 0.051081
2 0.361802 0.591080 0.027149 0.040135
2 0.044023 0.666790 0.088046 0.187905
8 0.577535 0.148682 0.036942 0.089391
8 0.600624 0.208454 0.027706 0.059341
8 0.568812 0.211621 0.021549 0.021891
8 0.513398 0.435101 0.013340 0.023716
7 0.410780 0.537503 0.007183 0.026883
7 0.447723 0.530339 0.009235 0.026617
2 0.290879 0.606093 0.030322 0.051562
