7 0.437482 0.153807 0.011996 0.056365
7 0.606632 0.278292 0.014395 0.033461
7 0.262934 0.307819 0.010796 0.025592
7 0.277330 0.354739 0.013196 0.025592
7 0.795576 0.276895 0.017994 0.027725
7 0.768584 0.271563 0.021593 0.029857
7 0.646220 0.144668 0.011996 0.049052
8 0.388340 0.179857 0.014308 0.042654
8 0.667814 0.144668 0.011996 0.044786
8 0.785979 0.061492 0.029991 0.057582
8 0.783579 0.187322 0.022793 0.019194
8 0.791977 0.209715 0.027591 0.017061
0 0.699604 0.390994 0.022793 0.098104
0 0.681010 0.366468 0.014395 0.057582
0 0.340911 0.403791 0.020393 0.089573
0 0.321845 0.398459 0.015851 0.091706
0 0.256336 0.414454 0.023992 0.110900
0 0.228144 0.412321 0.020393 0.106635
0 0.195154 0.433974 0.031190 0.128612
0 0.176560 0.411255 0.017994 0.108767
0 0.210150 0.414454 0.017994 0.093838
2 0.130373 0.412321 0.062381 0.038388
2 0.469273 0.491231 0.217135 0.341231
8 0.068592 0.167061 0.017994 0.059715
0 0.093125 0.395155 0.011865 0.037499
7 0.272422 0.202968 0.014501 0.037499
8 0.699570 0.147890 0.027685 0.049218
7 0.215073 0.234843 0.013183 0.046874
7 0.304722 0.251249 0.013183 0.042187
7 0.197935 0.236015 0.015820 0.044531
7 0.292856 0.248906 0.010546 0.037499
