7 0.372604 0.361631 0.008412 0.021752
7 0.488460 0.341918 0.010706 0.025830
7 0.209334 0.373187 0.016824 0.025830
7 0.380251 0.359592 0.008412 0.025830
7 0.475842 0.428247 0.009941 0.019033
7 0.110940 0.448543 0.008412 0.014954
7 0.396384 0.396525 0.007647 0.019033
7 0.391413 0.393126 0.005353 0.020392
8 0.469160 0.407854 0.016824 0.012235
8 0.760479 0.247984 0.038236 0.118277
2 0.373378 0.470732 0.025236 0.038066
2 0.363819 0.484327 0.022941 0.027190
2 0.319082 0.465294 0.016059 0.016314
2 0.318700 0.484327 0.013765 0.024471
2 0.313347 0.489086 0.015294 0.017673
2 0.303651 0.490105 0.013000 0.023111
2 0.292945 0.494184 0.019118 0.042145
2 0.178564 0.509546 0.035942 0.076132
4 0.151798 0.491873 0.057354 0.059818
2 0.416012 0.475830 0.018353 0.032628
2 0.464954 0.474471 0.013765 0.024471
2 0.440483 0.479909 0.038236 0.046223
2 0.238467 0.481268 0.127709 0.266465
2 0.338392 0.484667 0.038236 0.058459
2 0.395236 0.477643 0.026765 0.043504
2 0.487375 0.496057 0.037471 0.085649
2 0.520725 0.492242 0.065001 0.120996
2 0.594958 0.496676 0.137651 0.184894
2 0.739279 0.542999 0.266890 0.243353
2 0.930689 0.672734 0.136121 0.341238
