2 0.094556 0.816239 0.189112 0.363928
2 0.343619 0.636007 0.137447 0.131707
2 0.494714 0.627343 0.116002 0.124775
2 0.451336 0.586617 0.054589 0.067586
2 0.579035 0.590083 0.054589 0.060654
2 0.554665 0.585751 0.015596 0.041591
2 0.622414 0.575353 0.032168 0.045057
2 0.639473 0.566688 0.017546 0.038125
2 0.601943 0.571887 0.008773 0.013863
2 0.671155 0.578819 0.036067 0.051989
4 0.831023 0.642073 0.180339 0.230487
4 0.989429 0.712259 0.019496 0.138639
4 0.727206 0.577952 0.038992 0.060654
2 0.705760 0.571887 0.009748 0.017329
4 0.754501 0.570154 0.031193 0.051989
2 0.913446 0.592835 0.030421 0.041602
7 0.689378 0.527311 0.005850 0.018721
7 0.629119 0.528351 0.004680 0.016640
