2 0.487072 0.521859 0.106531 0.177248
2 0.788206 0.501220 0.072429 0.038848
2 0.586091 0.489080 0.023218 0.038848
2 0.556727 0.489080 0.010926 0.019424
2 0.572433 0.486652 0.015023 0.024280
2 0.548532 0.480582 0.010926 0.026708
2 0.534874 0.481796 0.016389 0.024280
0 0.719255 0.504862 0.019120 0.084982
0 0.618187 0.484224 0.010926 0.029136
8 0.380541 0.356751 0.019120 0.012140
8 0.708262 0.347395 0.013791 0.017709
8 0.689891 0.407740 0.012292 0.012140
7 0.472048 0.364035 0.005463 0.026708
7 0.655746 0.343396 0.009560 0.033992
7 0.474780 0.365249 0.005463 0.024280
7 0.662575 0.345825 0.004097 0.033992
7 0.646869 0.344611 0.005463 0.031564
7 0.466585 0.360393 0.005463 0.029136
7 0.689208 0.451445 0.010926 0.016996
7 0.775935 0.432368 0.020486 0.026708
7 0.374395 0.411729 0.017755 0.019424
8 0.817382 0.363749 0.018984 0.041249
