7 0.525519 0.375994 0.006042 0.017904
7 0.378479 0.369728 0.006042 0.023275
2 0.497823 0.471783 0.013092 0.023275
2 0.541130 0.478050 0.007049 0.025066
2 0.548683 0.478945 0.016114 0.030437
2 0.456531 0.478945 0.023163 0.034018
2 0.482213 0.487897 0.028199 0.037599
2 0.519477 0.487002 0.050356 0.093103
2 0.344236 0.503116 0.145026 0.161140
2 0.211799 0.507592 0.053377 0.062665
2 0.130221 0.513859 0.065463 0.082360
4 0.051162 0.410908 0.100712 0.352718
3 0.768194 0.405537 0.328410 0.456565
0 0.202231 0.497745 0.020142 0.085941
6 0.175542 0.508488 0.035249 0.068037
8 0.235466 0.420756 0.042299 0.057294
0 0.966138 0.457460 0.037263 0.091313
