2 0.140217 0.452922 0.184681 0.173338
2 0.792913 0.500641 0.212212 0.234516
3 0.457116 0.390521 0.035559 0.034667
2 0.431880 0.399697 0.014912 0.024471
2 0.424424 0.400717 0.013765 0.030589
2 0.403202 0.404796 0.033265 0.046903
8 0.387717 0.357892 0.032118 0.030589
2 0.517338 0.397658 0.013765 0.024471
2 0.527891 0.399697 0.016059 0.028549
2 0.539362 0.405815 0.016059 0.028549
2 0.557716 0.411933 0.032118 0.040785
2 0.584099 0.428247 0.036706 0.065256
2 0.603370 0.434875 0.043589 0.073413
2 0.635489 0.435640 0.071119 0.111650
2 0.688714 0.455777 0.096355 0.144788
2 0.341532 0.411933 0.050472 0.081570
2 0.318016 0.428247 0.049324 0.081570
2 0.260088 0.425188 0.084884 0.124395
7 0.465463 0.355439 0.012614 0.026910
7 0.502675 0.350954 0.011352 0.022425
