3 0.031640 0.498303 0.061533 0.218784
2 0.109256 0.507004 0.104886 0.131767
2 0.208548 0.492087 0.076916 0.101933
2 0.365178 0.559214 0.202779 0.290883
2 0.660257 0.514463 0.233546 0.295856
2 0.252600 0.474684 0.025172 0.047237
2 0.542785 0.505761 0.060134 0.144198
2 0.522507 0.475927 0.078314 0.129281
2 0.484748 0.475927 0.025172 0.069613
2 0.472161 0.468468 0.030766 0.064640
2 0.458177 0.469711 0.019578 0.052209
2 0.437199 0.442363 0.022375 0.042265
2 0.291757 0.468468 0.011187 0.034806
7 0.156804 0.398855 0.018180 0.029834
7 0.149112 0.424072 0.016781 0.019889
7 0.299449 0.290706 0.006992 0.042265
7 0.429508 0.325512 0.006992 0.022375
7 0.412726 0.396369 0.004195 0.029834
7 0.351892 0.396369 0.008390 0.019889
8 0.153308 0.283247 0.030766 0.017403
8 0.156105 0.323026 0.025172 0.012430
8 0.172887 0.335457 0.022375 0.017403
8 0.508522 0.342916 0.022375 0.007458
8 0.502229 0.357833 0.026571 0.012430
8 0.508522 0.375236 0.013984 0.012430
8 0.518311 0.390153 0.025172 0.042265
8 0.257670 0.431353 0.013984 0.027348
8 0.775107 0.050966 0.039157 0.077071
8 0.687702 0.288397 0.026571 0.099447
8 0.764171 0.122565 0.027976 0.039078
8 0.804138 0.111907 0.039967 0.074605
