2 0.851132 0.569999 0.054843 0.093749
2 0.910550 0.561562 0.139218 0.099374
2 0.037968 0.698437 0.073828 0.118124
2 0.109687 0.679687 0.069609 0.091874
2 0.176132 0.649687 0.044296 0.061874
2 0.219902 0.642187 0.039023 0.065624
2 0.249960 0.631874 0.037968 0.056249
2 0.328535 0.620624 0.053789 0.063749
7 0.095449 0.579374 0.015820 0.022499
7 0.455097 0.408749 0.024257 0.063749
7 0.470917 0.405937 0.011601 0.069374
8 0.428202 0.594374 0.010546 0.022499
8 0.467226 0.552187 0.006328 0.016874
2 0.434003 0.614999 0.020039 0.022499
2 0.447187 0.612187 0.016874 0.031874
2 0.539999 0.606562 0.033749 0.065624
2 0.584824 0.606562 0.074882 0.099374
7 0.609081 0.527812 0.017929 0.031874
2 0.702421 0.599999 0.196171 0.292499
2 0.293730 0.620624 0.017929 0.063749
2 0.503613 0.598124 0.036914 0.056249
2 0.525234 0.614062 0.033749 0.058124
2 0.477773 0.601874 0.014765 0.044999
2 0.941308 0.895312 0.114960 0.204374
2 0.384960 0.605624 0.031640 0.037499
7 0.977694 0.049687 0.042187 0.095624
0 0.985077 0.556874 0.027421 0.281249
