8 0.435739 0.494769 0.011697 0.019062
8 0.685777 0.484371 0.020470 0.039858
8 0.628263 0.529428 0.030219 0.036392
8 0.514211 0.585751 0.010722 0.013863
8 0.699424 0.493036 0.020470 0.046790
2 0.406982 0.578819 0.010722 0.038125
0 0.497152 0.628209 0.007798 0.025994
2 0.481555 0.635141 0.025345 0.043324
2 0.374326 0.626476 0.011697 0.032926
2 0.365552 0.630808 0.013647 0.034659
2 0.343619 0.628209 0.016571 0.043324
2 0.292442 0.635141 0.019496 0.043324
2 0.268559 0.633408 0.020470 0.039858
2 0.237853 0.621277 0.029244 0.039858
2 0.162792 0.626476 0.013647 0.036392
2 0.135498 0.636007 0.062387 0.072785
2 0.049227 0.635141 0.014622 0.050256
2 0.011697 0.621277 0.019496 0.029460
0 0.081883 0.587484 0.019496 0.097047
0 0.065799 0.642073 0.026319 0.192362
2 0.587809 0.651604 0.046790 0.131707
2 0.444999 0.641711 0.051664 0.085640
0 0.536144 0.621277 0.011697 0.053722
1 0.580010 0.630808 0.019496 0.041591
2 0.224205 0.623877 0.019496 0.034659
0 0.926437 0.654932 0.016418 0.098513
