7 0.345248 0.409438 0.006887 0.030612
7 0.256138 0.456122 0.011192 0.032142
7 0.383562 0.480612 0.006026 0.019897
7 0.318128 0.501275 0.006026 0.018367
7 0.485156 0.440051 0.009470 0.024489
0 0.167089 0.513301 0.007748 0.041326
0 0.139969 0.511006 0.012053 0.067346
0 0.129206 0.505648 0.007748 0.084183
0 0.214442 0.524016 0.009470 0.044387
0 0.062850 0.520408 0.018941 0.076530
0 0.032716 0.511990 0.015497 0.099489
0 0.227583 0.521428 0.012053 0.055102
0 0.295169 0.522959 0.009470 0.039795
2 0.356441 0.531122 0.010331 0.019897
2 0.394754 0.528826 0.012914 0.033673
2 0.383562 0.530357 0.011192 0.027551
2 0.404225 0.534183 0.024968 0.041326
2 0.424458 0.538775 0.036160 0.053571
2 0.470806 0.532398 0.073182 0.139285
2 0.819761 0.600918 0.141199 0.128571
2 0.975478 0.662696 0.045631 0.107025
2 0.370421 0.530357 0.014636 0.026020
0 0.509037 0.511990 0.014636 0.038265
2 0.623649 0.582726 0.260873 0.308309
8 0.671412 0.359438 0.012914 0.038265
4 0.339222 0.513520 0.030994 0.056632
