7 0.467937 0.365816 0.008609 0.027551
7 0.551881 0.396428 0.018080 0.027551
8 0.482635 0.382434 0.018941 0.009183
8 0.506311 0.391618 0.014636 0.012244
7 0.551943 0.334985 0.019802 0.024489
7 0.384884 0.262828 0.014574 0.045918
7 0.263456 0.270153 0.012914 0.044387
8 0.340944 0.276275 0.033577 0.022959
2 0.472528 0.457908 0.006026 0.016836
2 0.482860 0.463265 0.019802 0.027551
2 0.574984 0.467092 0.019802 0.026020
2 0.612006 0.469387 0.007748 0.027551
2 0.467793 0.424234 0.013775 0.013775
2 0.431632 0.421173 0.013775 0.016836
2 0.397194 0.449490 0.018941 0.018367
2 0.395902 0.484694 0.014636 0.048979
2 0.388153 0.484694 0.018080 0.064285
2 0.370504 0.488520 0.037882 0.081122
2 0.241932 0.462245 0.024968 0.022959
2 0.238488 0.469132 0.023246 0.018367
2 0.178651 0.471428 0.048214 0.038265
2 0.106475 0.691990 0.212950 0.540306
2 0.317697 0.510459 0.103316 0.140816
2 0.448134 0.495153 0.062850 0.104081
