8 0.923100 0.073459 0.028067 0.027720
8 0.922710 0.108110 0.027287 0.027720
8 0.926998 0.142068 0.034304 0.026334
8 0.490397 0.024948 0.029626 0.036036
8 0.508718 0.259881 0.019491 0.034650
8 0.514955 0.311165 0.031965 0.029106
7 0.561734 0.409573 0.024169 0.037422
7 0.537955 0.410266 0.018711 0.041581
8 0.534057 0.359676 0.021830 0.034650
8 0.540684 0.231468 0.019491 0.055441
8 0.543412 0.305621 0.018711 0.040195
2 0.349281 0.610549 0.101353 0.123357
2 0.299383 0.601539 0.063930 0.113654
2 0.270147 0.602925 0.038202 0.083162
2 0.243249 0.597381 0.029626 0.063757
2 0.221029 0.592530 0.016372 0.048511
2 0.210504 0.586293 0.017152 0.036036
2 0.201148 0.576591 0.014033 0.030492
2 0.099404 0.598767 0.036643 0.063757
2 0.061202 0.600153 0.027287 0.044353
2 0.142675 0.589065 0.023389 0.030492
2 0.166454 0.584214 0.022609 0.029106
