2 0.497176 0.498821 0.022924 0.028018
2 0.567382 0.534481 0.031521 0.048396
2 0.595083 0.542123 0.045849 0.053490
2 0.659558 0.559953 0.091698 0.124811
2 0.754122 0.599434 0.160471 0.203773
2 0.299451 0.540425 0.083101 0.145188
0 0.425775 0.544245 0.038685 0.122264
0 0.432700 0.546368 0.037252 0.127358
7 0.564517 0.420283 0.008596 0.020377
7 0.535861 0.416972 0.008596 0.022924
4 0.883265 0.502599 0.231337 0.964443
2 0.158322 0.559104 0.216350 0.234339
2 0.521729 0.525674 0.049168 0.041277
2 0.477614 0.530531 0.034144 0.041277
8 0.700399 0.356129 0.030219 0.053722
