8 0.531270 0.291142 0.017546 0.006931
8 0.519085 0.301540 0.016571 0.013863
8 0.456697 0.305873 0.006823 0.019062
2 0.609742 0.448844 0.125750 0.149037
2 0.529320 0.405520 0.062387 0.076251
2 0.499101 0.397721 0.025345 0.057188
2 0.483992 0.389056 0.014622 0.050256
2 0.455722 0.364794 0.026319 0.043324
2 0.439638 0.363928 0.009748 0.027727
4 0.440125 0.348331 0.028269 0.045057
4 0.134036 0.374326 0.096505 0.114377
3 0.258324 0.332734 0.165717 0.204493
3 0.358729 0.337933 0.035093 0.048523
2 0.386023 0.348331 0.019496 0.024261
2 0.074085 0.331867 0.050690 0.036392
8 0.770761 0.230156 0.027685 0.074999
