7 0.172309 0.209414 0.021997 0.042506
7 0.195263 0.214515 0.014345 0.032304
7 0.157964 0.375189 0.014345 0.044206
7 0.500830 0.344584 0.009563 0.040806
7 0.571125 0.377172 0.012433 0.037972
7 0.365023 0.399842 0.009563 0.022103
7 0.287077 0.397292 0.006694 0.017002
7 0.172309 0.371788 0.010520 0.040806
7 0.493657 0.346001 0.010520 0.042506
7 0.509438 0.348835 0.007651 0.035705
7 0.147443 0.448299 0.012433 0.017002
7 0.973926 0.435264 0.021040 0.034005
7 0.929932 0.302644 0.021040 0.057808
8 0.571125 0.435264 0.021997 0.030604
8 0.394671 0.404660 0.007651 0.020403
8 0.914151 0.394458 0.025822 0.030604
0 0.874939 0.557682 0.029648 0.115617
0 0.765432 0.537279 0.024866 0.102015
2 0.331549 0.457084 0.011476 0.015302
2 0.302857 0.454534 0.019127 0.020403
2 0.319594 0.476637 0.021997 0.023803
2 0.262689 0.497040 0.038255 0.064609
2 0.266992 0.452833 0.021997 0.023803
2 0.327723 0.440082 0.011476 0.018702
2 0.393236 0.468136 0.025822 0.020403
2 0.382238 0.447733 0.015302 0.020403
3 0.352111 0.457934 0.037299 0.064609
2 0.533348 0.514326 0.065034 0.042506
2 0.774996 0.538980 0.070773 0.051007
2 0.834770 0.537279 0.111897 0.061209
2 0.891676 0.516026 0.091813 0.056108
2 0.986359 0.544080 0.026778 0.054408
2 0.288511 0.551732 0.116679 0.134319
2 0.201958 0.515176 0.048776 0.057808
2 0.082409 0.530478 0.146328 0.102015
2 0.426710 0.644395 0.247705 0.343451
2 0.634885 0.572135 0.165455 0.188728
8 0.029296 0.193750 0.058592 0.043298
