2 0.608705 0.470816 0.006887 0.006122
2 0.598804 0.472347 0.009470 0.009183
2 0.551451 0.486887 0.004304 0.013775
2 0.578141 0.470051 0.007748 0.007653
2 0.322433 0.514668 0.052519 0.042857
2 0.617315 0.474107 0.010331 0.010714
2 0.569961 0.480229 0.010331 0.007653
2 0.561352 0.494770 0.013775 0.015306
2 0.585459 0.497066 0.012053 0.010714
2 0.600095 0.485586 0.010331 0.015306
2 0.532509 0.515433 0.021524 0.022959
2 0.569244 0.532908 0.033003 0.045408
8 0.360746 0.069642 0.487308 0.133163
8 0.791661 0.057397 0.343526 0.111734
