2 0.442319 0.356996 0.012672 0.022528
2 0.435495 0.354396 0.012672 0.027727
2 0.421360 0.355263 0.029244 0.039858
2 0.415999 0.369127 0.018521 0.032926
2 0.396503 0.375192 0.039967 0.045057
2 0.292076 0.387199 0.103329 0.131707
2 0.240411 0.417527 0.144271 0.157702
2 0.124409 0.453053 0.204709 0.256482
2 0.040088 0.490312 0.078959 0.355263
4 0.484601 0.342142 0.043866 0.097047
2 0.493374 0.358605 0.043866 0.091848
7 0.368111 0.136411 0.009748 0.048523
7 0.376885 0.142476 0.009748 0.046790
7 0.489962 0.178002 0.013647 0.034659
7 0.553325 0.309710 0.013647 0.024261
0 0.451945 0.357738 0.009748 0.024261
0 0.455357 0.385466 0.020470 0.079717
0 0.564048 0.385466 0.021445 0.079717
0 0.574771 0.385466 0.017546 0.079717
8 0.173688 0.227021 0.030219 0.024261
8 0.180024 0.252150 0.019496 0.025994
8 0.542165 0.286810 0.022420 0.019062
7 0.153654 0.265890 0.025345 0.038125
7 0.251134 0.303149 0.021445 0.029460
8 0.165473 0.186296 0.014622 0.027727
0 0.796052 0.402796 0.038992 0.159435
