2 0.467396 0.443299 0.032474 0.030927
2 0.444781 0.444329 0.022036 0.045360
2 0.422165 0.445360 0.034793 0.051546
2 0.398389 0.459793 0.031314 0.051546
2 0.205283 0.501031 0.136855 0.134020
2 0.330541 0.480412 0.120618 0.138144
2 0.517848 0.434147 0.038273 0.073972
2 0.549742 0.434020 0.020876 0.028865
2 0.561340 0.447422 0.018556 0.047422
2 0.581056 0.447422 0.030154 0.055670
2 0.622809 0.446391 0.060309 0.086597
0 0.645425 0.423711 0.015077 0.086597
0 0.633247 0.459793 0.018556 0.154639
2 0.702255 0.482474 0.135695 0.158762
7 0.031314 0.321649 0.013917 0.043298
7 0.004639 0.320618 0.009278 0.049484
7 0.481314 0.365979 0.006958 0.020618
7 0.532345 0.369072 0.009278 0.018556
7 0.858827 0.294845 0.011597 0.035051
7 0.909858 0.282474 0.018556 0.043298
8 0.874955 0.026708 0.040973 0.024280
