2 0.069398 0.710033 0.138797 0.407913
2 0.511656 0.618981 0.245841 0.405485
2 0.071447 0.483010 0.142895 0.075269
2 0.304740 0.521859 0.083312 0.114118
2 0.361420 0.523073 0.032778 0.067985
2 0.383955 0.530357 0.053265 0.092266
4 0.144982 0.534519 0.255324 0.246273
7 0.422197 0.419765 0.009560 0.030468
7 0.394199 0.456509 0.008194 0.031980
0 0.808714 0.544925 0.028681 0.126259
0 0.828518 0.510933 0.016389 0.043705
0 0.855151 0.535213 0.017755 0.121402
0 0.951386 0.552147 0.035615 0.140703
0 0.708329 0.518217 0.019120 0.063129
0 0.784813 0.509719 0.016389 0.070413
0 0.988997 0.620195 0.020486 0.213669
8 0.373712 0.429593 0.010926 0.007284
8 0.365366 0.444609 0.015820 0.011718
