2 0.420334 0.539830 0.322304 0.365554
2 0.624524 0.427613 0.072685 0.130919
2 0.657997 0.432714 0.011476 0.059508
2 0.666127 0.421662 0.008607 0.020403
2 0.682385 0.425063 0.023909 0.037405
2 0.692427 0.436964 0.028691 0.047607
2 0.699122 0.443765 0.024866 0.054408
2 0.719206 0.461618 0.040168 0.100314
2 0.776137 0.469519 0.115774 0.176327
4 0.918136 0.351952 0.162586 0.251637
2 0.901399 0.600189 0.196060 0.608690
8 0.744739 0.356091 0.012055 0.015080
8 0.680951 0.368104 0.007651 0.018702
7 0.729727 0.331549 0.007651 0.020403
7 0.732596 0.401259 0.009563 0.017002
7 0.654172 0.397009 0.009563 0.011901
7 0.692906 0.352802 0.006694 0.018702
7 0.660388 0.357053 0.010520 0.017002
7 0.674925 0.394458 0.010520 0.013602
8 0.728810 0.365051 0.010331 0.024489
