0 0.123939 0.297279 0.024919 0.111917
0 0.217057 0.305440 0.017049 0.095595
0 0.140989 0.284455 0.014426 0.081606
0 0.150825 0.300777 0.015738 0.086269
0 0.187548 0.292616 0.015738 0.093264
0 0.080003 0.278626 0.015738 0.074611
0 0.845280 0.371891 0.020984 0.102590
0 0.728554 0.355569 0.015738 0.083937
0 0.718717 0.356735 0.014426 0.095595
0 0.708225 0.368393 0.017049 0.104922
0 0.064264 0.299611 0.031476 0.111917
2 0.321324 0.283290 0.010492 0.023316
2 0.331160 0.291450 0.011803 0.030310
2 0.350833 0.296113 0.030165 0.053626
2 0.382310 0.305440 0.043280 0.058290
2 0.422312 0.321761 0.041968 0.062953
2 0.573137 0.412694 0.259682 0.394041
2 0.301651 0.286787 0.026230 0.030310
8 0.329193 0.233160 0.015738 0.011658
8 0.386245 0.250647 0.009180 0.018652
8 0.464936 0.134067 0.017049 0.032642
8 0.464281 0.173704 0.013115 0.041968
7 0.291815 0.018652 0.019672 0.030310
7 0.448542 0.110751 0.015738 0.041968
7 0.441985 0.031476 0.018361 0.041968
7 0.179679 0.197020 0.020984 0.023316
7 0.300270 0.222331 0.011462 0.025471
