2 0.092646 0.651079 0.183693 0.295377
2 0.210234 0.643798 0.051483 0.097765
2 0.650766 0.676040 0.162639 0.220493
2 0.327241 0.613636 0.084245 0.095685
2 0.564181 0.651079 0.057333 0.095685
2 0.536684 0.644838 0.039782 0.074884
2 0.523228 0.640678 0.036272 0.083204
2 0.505092 0.634438 0.032761 0.070724
2 0.492221 0.622997 0.035102 0.064483
2 0.474085 0.615716 0.022231 0.041602
2 0.465310 0.599075 0.018721 0.037442
2 0.368779 0.602196 0.029251 0.072804
2 0.393935 0.606356 0.021061 0.060323
2 0.437813 0.601156 0.024571 0.029121
0 0.841487 0.646918 0.029251 0.153929
0 0.805215 0.642758 0.031591 0.145608
0 0.782399 0.637558 0.025741 0.131047
8 0.649265 0.475164 0.017985 0.023092
