7 0.396847 0.358185 0.007348 0.028306
7 0.344793 0.361451 0.006123 0.026129
7 0.338057 0.361451 0.007348 0.026129
7 0.390723 0.357096 0.004899 0.034838
8 0.304987 0.370161 0.022046 0.013064
7 0.341119 0.395201 0.006123 0.023951
7 0.391335 0.396290 0.008573 0.017419
2 0.324584 0.463790 0.024495 0.039193
2 0.284166 0.453073 0.017147 0.025787
4 0.241910 0.437661 0.020821 0.056612
0 0.225988 0.455080 0.011023 0.039193
2 0.014097 0.462701 0.025720 0.076209
2 0.095540 0.480121 0.191081 0.241693
2 0.417669 0.553064 0.200866 0.313548
8 0.504629 0.408266 0.017147 0.050080
8 0.506466 0.363601 0.023271 0.030539
2 0.940212 0.622641 0.116022 0.182702
