8 0.961840 0.525415 0.009465 0.033656
8 0.882432 0.545048 0.010517 0.028047
8 0.658931 0.540374 0.013672 0.029916
8 0.445948 0.496433 0.010517 0.020567
8 0.524831 0.542244 0.006310 0.014958
8 0.173015 0.637604 0.007362 0.018698
8 0.194576 0.635734 0.006310 0.029916
8 0.243483 0.634799 0.005258 0.020567
8 0.243483 0.654432 0.003155 0.014958
0 0.088874 0.719875 0.026294 0.100969
7 0.339194 0.590859 0.009465 0.029916
7 0.382317 0.592728 0.007362 0.033656
7 0.418603 0.506717 0.008414 0.033656
7 0.458570 0.499238 0.008414 0.033656
7 0.515365 0.544113 0.006310 0.029916
7 0.573212 0.583379 0.006310 0.022437
7 0.604239 0.562811 0.007362 0.033656
8 0.411240 0.612361 0.006310 0.016828
8 0.437008 0.610491 0.009465 0.013088
8 0.801446 0.554397 0.008414 0.020567
2 0.145669 0.707721 0.068364 0.061703
2 0.458570 0.637604 0.012621 0.029916
2 0.491174 0.641343 0.061002 0.123407
2 0.368644 0.660976 0.024190 0.043005
2 0.585308 0.622645 0.015776 0.022437
2 0.599506 0.627320 0.018931 0.020567
2 0.615809 0.624515 0.022087 0.029916
2 0.629482 0.626385 0.036811 0.029916
2 0.649465 0.624515 0.043122 0.037396
2 0.666819 0.622645 0.048381 0.033656
2 0.714149 0.612361 0.065209 0.043005
2 0.776729 0.600208 0.070468 0.074792
2 0.792506 0.607687 0.041018 0.056094
2 0.840361 0.604882 0.073623 0.069182
2 0.348134 0.665651 0.039967 0.044875
2 0.296072 0.684349 0.066261 0.067313
2 0.537452 0.709591 0.145143 0.211288
0 0.629482 0.621710 0.036811 0.039265
0 0.635792 0.628255 0.011569 0.044875
2 0.443319 0.644148 0.024190 0.037396
