2 0.022543 0.352325 0.042902 0.126610
2 0.050859 0.343172 0.049766 0.089999
2 0.073168 0.325630 0.044618 0.073220
2 0.095906 0.329443 0.026599 0.056440
2 0.129370 0.321816 0.035180 0.041186
2 0.143957 0.310376 0.019735 0.030508
2 0.150392 0.301986 0.022309 0.025932
2 0.159402 0.297409 0.019735 0.025932
2 0.179137 0.299698 0.021451 0.021355
2 0.191579 0.293596 0.018877 0.021355
7 0.119235 0.174165 0.014264 0.043324
7 0.192745 0.219613 0.013113 0.028983
8 0.248210 0.275291 0.013728 0.027457
8 0.219465 0.201308 0.011154 0.022881
8 0.224185 0.274528 0.006864 0.019830
8 0.277820 0.254749 0.011697 0.027727
