7 0.545118 0.175860 0.012292 0.053417
7 0.532143 0.180716 0.010926 0.053417
7 0.426295 0.357965 0.009560 0.019424
2 0.452927 0.411382 0.010926 0.019424
2 0.444050 0.407740 0.012292 0.021852
2 0.420149 0.412596 0.010926 0.021852
2 0.414003 0.415024 0.012292 0.026708
2 0.402393 0.417452 0.016389 0.026708
2 0.389418 0.416238 0.020486 0.029136
2 0.378492 0.417452 0.015023 0.036420
2 0.366200 0.422308 0.023218 0.036420
2 0.342982 0.419880 0.028681 0.046133
2 0.309520 0.421094 0.013657 0.048561
2 0.255572 0.413810 0.102433 0.121402
3 0.467268 0.402884 0.015023 0.031564
2 0.465902 0.412596 0.015023 0.021852
2 0.478194 0.412596 0.012292 0.021852
2 0.117201 0.498792 0.234402 0.475899
2 0.827835 0.537641 0.342811 0.728417
0 0.528046 0.438091 0.016389 0.082554
0 0.497998 0.434449 0.027315 0.094694
0 0.514388 0.439305 0.021852 0.084982
1 0.323178 0.424736 0.019120 0.060701
6 0.321812 0.440519 0.021852 0.043705
0 0.622967 0.427165 0.020486 0.080125
0 0.638674 0.419880 0.013657 0.084982
0 0.644137 0.416238 0.013657 0.058273
0 0.672819 0.428379 0.013657 0.072841
0 0.661892 0.435663 0.013657 0.072841
0 0.686476 0.416238 0.013657 0.058273
0 0.698086 0.399242 0.015023 0.033992
0 0.698086 0.417452 0.015023 0.050989
8 0.319764 0.372533 0.015023 0.029136
8 0.631845 0.257200 0.019120 0.021852
8 0.644820 0.279053 0.020486 0.021852
8 0.631845 0.296049 0.030047 0.021852
7 0.622285 0.339754 0.016389 0.026708
8 0.535557 0.345825 0.012292 0.024280
8 0.536240 0.361607 0.010926 0.016996
