8 0.274322 0.463387 0.015975 0.035212
8 0.331748 0.469218 0.014501 0.028124
8 0.530820 0.464530 0.011865 0.028124
8 0.543344 0.466874 0.010546 0.023437
2 0.418760 0.499687 0.009228 0.023437
2 0.410190 0.497343 0.013183 0.023437
2 0.399643 0.503202 0.010546 0.021093
2 0.497861 0.503202 0.017138 0.021093
2 0.484018 0.500859 0.010546 0.011718
2 0.515000 0.509062 0.022412 0.032812
2 0.468198 0.498515 0.015820 0.025781
2 0.428647 0.503202 0.018457 0.025781
2 0.387119 0.507890 0.019775 0.025781
2 0.363389 0.514921 0.027685 0.044531
2 0.040959 0.575858 0.081919 0.147656
