0 0.872153 0.501874 0.038666 0.238684
0 0.503743 0.574434 0.079481 0.253960
0 0.285705 0.539109 0.047259 0.179490
0 0.099173 0.534971 0.049407 0.154667
2 0.394545 0.489144 0.017185 0.028642
2 0.381119 0.492963 0.016111 0.036280
2 0.346212 0.480551 0.010740 0.034370
2 0.763671 0.507284 0.118148 0.087835
2 0.859801 0.513012 0.175075 0.110749
2 0.055673 0.573797 0.110630 0.322701
2 0.428916 0.500601 0.049407 0.082107
2 0.358564 0.492963 0.035444 0.059193
3 0.316137 0.475778 0.053704 0.089745
4 0.237192 0.483416 0.061222 0.105021
7 0.341915 0.262553 0.010740 0.047736
7 0.491213 0.418175 0.019333 0.034370
7 0.356952 0.263507 0.010740 0.045827
7 0.414953 0.423903 0.004296 0.015275
7 0.341378 0.423267 0.003222 0.019094
7 0.346749 0.423267 0.005370 0.026732
7 0.561028 0.329066 0.049407 0.080198
8 0.477249 0.283239 0.017185 0.042008
8 0.527731 0.263189 0.060148 0.036280
8 0.490675 0.345615 0.016111 0.011456
8 0.477249 0.368529 0.032222 0.019094
7 0.382730 0.449363 0.006444 0.015275
