8 0.629559 0.266733 0.026945 0.050080
8 0.373576 0.317903 0.022046 0.043548
8 0.314785 0.304838 0.019596 0.043548
8 0.314785 0.346209 0.019596 0.030483
8 0.485645 0.276532 0.013472 0.021774
8 0.601388 0.310282 0.014697 0.023951
8 0.617311 0.309193 0.012247 0.021774
8 0.600776 0.339677 0.008573 0.043548
2 0.723256 0.300483 0.018371 0.017419
2 0.709783 0.300483 0.006123 0.021774
2 0.653442 0.307016 0.030619 0.021774
2 0.557908 0.327701 0.013472 0.019596
2 0.537699 0.335322 0.019596 0.026129
2 0.486257 0.339677 0.019596 0.021774
2 0.495443 0.354919 0.025720 0.034838
2 0.459312 0.358185 0.029395 0.037016
2 0.390723 0.363629 0.073487 0.056612
2 0.565257 0.362540 0.060015 0.041370
2 0.643031 0.369072 0.093084 0.080564
2 0.712845 0.363629 0.063689 0.047903
