2 0.384410 0.475845 0.017563 0.020204
2 0.368396 0.473090 0.014464 0.025714
2 0.343083 0.479518 0.036160 0.034897
2 0.308989 0.488702 0.034094 0.031224
2 0.265080 0.496049 0.055790 0.056938
2 0.216004 0.509168 0.034094 0.049591
2 0.175194 0.527536 0.051658 0.056938
2 0.494442 0.466005 0.014464 0.022040
2 0.481527 0.468760 0.013431 0.016530
2 0.515105 0.471515 0.016530 0.025714
2 0.528020 0.473352 0.011364 0.014693
2 0.536801 0.477026 0.012397 0.025714
2 0.556432 0.475189 0.026862 0.040408
2 0.566247 0.480699 0.029961 0.025714
2 0.584844 0.487128 0.027895 0.031224
2 0.602407 0.498148 0.048558 0.045918
2 0.122191 0.545545 0.092984 0.073469
2 0.864428 0.545799 0.252942 0.220914
7 0.409894 0.422448 0.010331 0.029387
7 0.484282 0.425203 0.010331 0.023877
8 0.392330 0.421530 0.016530 0.012857
8 0.555570 0.435489 0.012397 0.023877
8 0.743089 0.366612 0.013431 0.022040
2 0.448536 0.469540 0.032222 0.028642
2 0.412554 0.473359 0.013963 0.013366
2 0.424369 0.473359 0.013963 0.017185
