7 0.362580 0.404786 0.007018 0.009981
7 0.417322 0.404162 0.005614 0.011229
7 0.393460 0.442840 0.007018 0.008733
8 0.896819 0.244636 0.034389 0.046164
2 0.278010 0.478310 0.030178 0.053650
2 0.254148 0.480182 0.035793 0.064879
2 0.216249 0.485172 0.062462 0.084842
2 0.165367 0.501392 0.084219 0.097319
2 0.095535 0.515117 0.101764 0.117282
2 0.030397 0.515117 0.060795 0.144731
2 0.476012 0.457278 0.010527 0.016219
2 0.481627 0.462268 0.009825 0.031192
2 0.490049 0.464764 0.022458 0.031192
2 0.506191 0.465388 0.025265 0.027449
2 0.419515 0.471002 0.011931 0.013724
2 0.399163 0.471002 0.013334 0.014972
2 0.381968 0.471002 0.021054 0.024953
2 0.458818 0.466011 0.032985 0.052402
7 0.312436 0.441681 0.009123 0.014972
