7 0.396424 0.397859 0.008607 0.025503
7 0.318478 0.490522 0.007651 0.017002
7 0.523146 0.289893 0.017215 0.068010
7 0.581964 0.435689 0.008607 0.019552
7 0.674256 0.378306 0.013389 0.040806
7 0.764120 0.447978 0.017288 0.039858
7 0.576226 0.512626 0.009563 0.017002
7 0.504018 0.298394 0.019127 0.057808
7 0.050210 0.403810 0.012433 0.023803
7 0.445200 0.530478 0.004781 0.015302
8 0.225708 0.321347 0.021040 0.044206
8 0.295525 0.450566 0.017215 0.037405
8 0.582921 0.475220 0.016258 0.035705
8 0.629784 0.493923 0.020084 0.039105
8 0.688602 0.457367 0.019127 0.051007
8 0.739769 0.320497 0.020084 0.032304
8 0.748855 0.348551 0.040168 0.027204
8 0.946190 0.337500 0.107115 0.144521
2 0.892553 0.607415 0.131982 0.081612
2 0.775873 0.585312 0.059296 0.057808
2 0.719924 0.584461 0.037299 0.066309
0 0.086553 0.570009 0.037299 0.170025
2 0.417465 0.559808 0.021997 0.020403
2 0.490629 0.569159 0.019127 0.028904
2 0.442809 0.563208 0.013389 0.020403
0 0.688124 0.607840 0.040168 0.170025
