2 0.450717 0.314540 0.007232 0.014693
2 0.459499 0.318214 0.010331 0.022040
2 0.442968 0.318214 0.020663 0.025714
2 0.429020 0.319132 0.017563 0.023877
2 0.415073 0.325561 0.016530 0.018367
2 0.427626 0.312244 0.013431 0.014693
2 0.411457 0.309948 0.011364 0.016530
2 0.403191 0.315459 0.015497 0.023877
2 0.392576 0.326249 0.016995 0.023418
2 0.343268 0.348520 0.025829 0.060612
2 0.369614 0.337499 0.033061 0.042244
2 0.364448 0.348520 0.030994 0.042244
2 0.513223 0.371479 0.035127 0.058775
2 0.432120 0.361377 0.042359 0.078979
2 0.494471 0.324183 0.008265 0.020204
2 0.499637 0.318306 0.008265 0.023877
2 0.504286 0.317387 0.011364 0.025714
2 0.515651 0.326571 0.025829 0.029387
2 0.545337 0.340408 0.021696 0.033061
2 0.553086 0.346836 0.024795 0.038571
8 0.377001 0.283775 0.009298 0.012857
2 0.419877 0.306734 0.010331 0.014693
8 0.416158 0.279183 0.008265 0.018367
7 0.559457 0.302142 0.009298 0.016530
7 0.547576 0.268163 0.008265 0.014693
7 0.504183 0.262653 0.006198 0.014693
7 0.502117 0.263571 0.006198 0.016530
7 0.291765 0.098265 0.012397 0.056938
7 0.151255 0.280101 0.028928 0.038571
7 0.280090 0.091836 0.017563 0.069795
7 0.617211 0.158877 0.012397 0.045918
2 0.406756 0.341632 0.029961 0.051428
8 0.540964 0.282857 0.008265 0.011020
8 0.537864 0.292959 0.012397 0.009183
8 0.671039 0.293877 0.017563 0.029387
8 0.670522 0.312244 0.016530 0.014693
8 0.801114 0.232346 0.020663 0.016530
7 0.808863 0.312244 0.011364 0.025714
8 0.787166 0.245204 0.029961 0.023877
8 0.171815 0.187346 0.036160 0.033061
8 0.178013 0.207550 0.015497 0.022040
7 0.798015 0.308387 0.016530 0.034897
4 0.476598 0.313163 0.034094 0.067959
4 0.287012 0.327857 0.095051 0.145102
2 0.305093 0.419693 0.116747 0.137755
2 0.581980 0.348979 0.044426 0.062448
2 0.470399 0.420612 0.108482 0.165306
2 0.658744 0.411428 0.103316 0.121224
0 0.706476 0.366428 0.014464 0.064285
0 0.822707 0.407755 0.025829 0.088163
0 0.647689 0.343469 0.009298 0.025714
0 0.632709 0.351734 0.014464 0.034897
0 0.243206 0.348979 0.014464 0.066122
0 0.199813 0.343469 0.018596 0.066122
0 0.225126 0.353571 0.019630 0.071632
0 0.727346 0.364591 0.014464 0.060612
0 0.836345 0.422448 0.019630 0.099183
0 0.989081 0.428571 0.020663 0.117550
