2 0.513104 0.393268 0.018171 0.035705
2 0.525537 0.400069 0.016258 0.042506
2 0.413161 0.396668 0.015302 0.028904
2 0.355299 0.391568 0.020084 0.022103
2 0.338084 0.395818 0.016258 0.023803
2 0.667561 0.409420 0.118592 0.139420
2 0.252009 0.401769 0.054514 0.073110
2 0.316565 0.393268 0.026778 0.035705
2 0.388295 0.403469 0.045906 0.069710
2 0.452373 0.422172 0.082249 0.141120
2 0.567140 0.419622 0.082249 0.115617
2 0.753445 0.440025 0.133894 0.146221
2 0.149675 0.402619 0.079380 0.078211
2 0.207058 0.393268 0.035386 0.066309
2 0.032722 0.411012 0.065445 0.115833
7 0.477239 0.340560 0.005738 0.015302
7 0.338562 0.371165 0.007651 0.011901
8 0.519129 0.345661 0.009563 0.015302
8 0.416317 0.345661 0.008607 0.015302
8 0.388773 0.317607 0.010520 0.027204
8 0.105449 0.323775 0.026669 0.031192
