8 0.433903 0.349976 0.016843 0.039926
8 0.507244 0.379297 0.016141 0.036182
8 0.505138 0.306931 0.021756 0.011229
8 0.505489 0.336876 0.021054 0.031192
8 0.153875 0.419847 0.012632 0.027449
8 0.159489 0.475993 0.009825 0.009981
8 0.772183 0.061136 0.047022 0.076109
0 0.163805 0.538377 0.007018 0.028696
0 0.155384 0.539625 0.005614 0.028696
0 0.136434 0.547111 0.007018 0.031192
0 0.130118 0.543992 0.005614 0.024953
0 0.124503 0.539001 0.007018 0.019963
0 0.035021 0.578927 0.020352 0.089833
0 0.266974 0.546487 0.022458 0.074861
0 0.495418 0.504690 0.017545 0.071118
7 0.513314 0.427333 0.009825 0.018715
0 0.460327 0.511552 0.013334 0.069870
2 0.344876 0.514671 0.012632 0.026201
2 0.382775 0.511552 0.021054 0.019963
2 0.325927 0.517167 0.028073 0.031192
2 0.365229 0.511552 0.021054 0.029944
2 0.219601 0.545240 0.055444 0.049907
2 0.097132 0.572065 0.084219 0.063632
2 0.650521 0.466011 0.037196 0.068622
0 0.441026 0.503317 0.008421 0.057393
