7 0.154994 0.171566 0.013647 0.055455
7 0.590246 0.060654 0.008773 0.055455
7 0.735979 0.073652 0.009748 0.057188
7 0.914857 0.116110 0.012672 0.065853
7 0.168154 0.176765 0.006823 0.055455
8 0.684607 0.231007 0.008773 0.019062
8 0.827286 0.261970 0.019496 0.022528
8 0.831186 0.235109 0.017546 0.020795
8 0.709335 0.240308 0.005848 0.013863
8 0.605518 0.227310 0.012672 0.022528
2 0.407079 0.291142 0.042891 0.058921
2 0.321784 0.295475 0.051664 0.057188
2 0.455820 0.239152 0.021445 0.027727
2 0.493350 0.239152 0.016571 0.024261
2 0.608767 0.348331 0.205684 0.190629
2 0.034240 0.423592 0.067261 0.242618
2 0.266731 0.288419 0.064337 0.072785
2 0.616200 0.238162 0.010722 0.017329
2 0.565193 0.228061 0.007798 0.013863
2 0.573966 0.234127 0.009748 0.015596
2 0.583714 0.230661 0.007798 0.012130
2 0.583714 0.248857 0.015596 0.020795
2 0.478923 0.232394 0.016571 0.019062
8 0.609864 0.061397 0.017546 0.031193
8 0.968791 0.179851 0.053733 0.040738
8 0.163190 0.210756 0.015013 0.018262
