7 0.185147 0.171414 0.016986 0.065723
7 0.315040 0.340164 0.008992 0.019539
7 0.342518 0.333947 0.011990 0.010657
7 0.161818 0.277863 0.007798 0.033490
7 0.168161 0.177631 0.014987 0.060394
7 0.436440 0.314407 0.021981 0.067500
7 0.461919 0.309967 0.020982 0.062171
8 0.445932 0.140328 0.026977 0.017763
8 0.361502 0.191842 0.071940 0.039078
8 0.374491 0.331282 0.015986 0.012434
8 0.164664 0.347269 0.013988 0.026644
8 0.166662 0.372138 0.011990 0.019539
2 0.335523 0.371250 0.009991 0.017763
2 0.332526 0.381019 0.007993 0.015986
2 0.306048 0.381019 0.018984 0.023092
2 0.195638 0.392565 0.019983 0.031973
2 0.159668 0.410328 0.033972 0.039078
2 0.127694 0.417434 0.025978 0.046184
2 0.105712 0.428092 0.013988 0.039078
2 0.042265 0.430756 0.034971 0.040855
2 0.078235 0.424539 0.042964 0.063947
2 0.285065 0.376578 0.014987 0.021315
2 0.266080 0.383684 0.020982 0.024868
2 0.321535 0.378355 0.009991 0.024868
4 0.353509 0.367697 0.017985 0.046184
2 0.799142 0.407664 0.151875 0.104802
2 0.608798 0.416546 0.144880 0.090592
0 0.398971 0.404111 0.012989 0.051513
7 0.171566 0.281611 0.009748 0.039858
7 0.374326 0.361328 0.011697 0.022528
2 0.969446 0.336200 0.022420 0.031193
2 0.991866 0.335333 0.014622 0.029460
