8 0.488866 0.331001 0.014622 0.031193
8 0.458159 0.348331 0.007798 0.034659
8 0.396746 0.362195 0.005848 0.013863
2 0.102445 0.484371 0.204528 0.556290
2 0.192524 0.474839 0.117951 0.221822
2 0.295366 0.411585 0.074085 0.109178
2 0.330947 0.411585 0.020470 0.071052
2 0.336796 0.402054 0.041916 0.069319
2 0.363115 0.398588 0.012672 0.051989
2 0.371889 0.395988 0.010722 0.046790
2 0.378712 0.397721 0.010722 0.029460
2 0.417217 0.395122 0.027294 0.038125
2 0.450361 0.383857 0.015596 0.025994
0 0.391872 0.392522 0.007798 0.029460
