7 0.295546 0.113684 0.018931 0.059833
8 0.321314 0.107513 0.022087 0.050484
8 0.373377 0.144910 0.054691 0.028047
8 0.459096 0.264577 0.019983 0.020567
7 0.472243 0.307583 0.018931 0.031786
8 0.307641 0.353393 0.009465 0.018698
7 0.295020 0.327216 0.009465 0.011218
7 0.266096 0.332825 0.010517 0.014958
2 0.300805 0.387050 0.016828 0.018698
2 0.280821 0.387984 0.018931 0.024307
2 0.258734 0.387050 0.025242 0.029916
4 0.333409 0.376766 0.042070 0.069182
1 0.340772 0.387050 0.014724 0.033656
5 0.340772 0.408552 0.012621 0.031786
2 0.038915 0.356198 0.077830 0.136495
2 0.129893 0.473996 0.259786 0.334695
7 0.870862 0.270187 0.012621 0.043005
7 0.739917 0.363677 0.011569 0.016828
2 0.694165 0.415097 0.119901 0.104709
2 0.986031 0.397333 0.024190 0.024307
2 0.962366 0.397333 0.025242 0.035526
2 0.886113 0.401073 0.024190 0.028047
2 0.923976 0.403878 0.051536 0.071052
2 0.566290 0.411877 0.084534 0.058584
