8 0.353959 0.176719 0.081083 0.148305
8 0.353179 0.295918 0.029626 0.054055
8 0.730527 0.225230 0.162166 0.123357
8 0.732087 0.137217 0.073286 0.049897
8 0.919202 0.203054 0.079523 0.139989
8 0.920761 0.307700 0.031185 0.049897
8 0.869304 0.214835 0.042100 0.024948
8 0.868525 0.240477 0.037422 0.023562
8 0.868525 0.278593 0.037422 0.044353
2 0.803814 0.632725 0.265079 0.239784
2 0.510667 0.616786 0.163725 0.232854
2 0.025728 0.544019 0.048338 0.062371
2 0.155149 0.547484 0.185555 0.127515
2 0.590581 0.560651 0.049117 0.079004
2 0.378128 0.535010 0.020270 0.036036
2 0.409313 0.531544 0.018711 0.040195
2 0.436211 0.525307 0.027287 0.033264
