7 0.535234 0.225923 0.010135 0.019404
8 0.644255 0.239784 0.024948 0.019404
8 0.623984 0.226616 0.012474 0.018018
8 0.567849 0.239091 0.006237 0.023562
2 0.511642 0.265425 0.012474 0.016632
2 0.503066 0.269584 0.010915 0.016632
2 0.494879 0.274435 0.010135 0.018018
2 0.540489 0.263346 0.018711 0.018018
2 0.458236 0.286216 0.017931 0.033264
2 0.396254 0.277207 0.037422 0.034650
2 0.405610 0.309086 0.028067 0.054055
2 0.186530 0.316709 0.060812 0.105338
2 0.438862 0.291760 0.035084 0.051283
2 0.482132 0.276514 0.017152 0.023562
2 0.539826 0.294532 0.035863 0.051283
2 0.367914 0.308393 0.061591 0.084548
2 0.336728 0.273049 0.016372 0.027720
