8 0.678476 0.315702 0.009228 0.021093
7 0.445786 0.367265 0.010546 0.016406
0 0.229575 0.410624 0.015820 0.056249
0 0.219687 0.425859 0.019775 0.058593
0 0.891391 0.373124 0.026367 0.131249
0 0.863706 0.428202 0.039550 0.278906
0 0.801084 0.455155 0.030322 0.262499
0 0.766147 0.403593 0.023730 0.168749
0 0.784604 0.450468 0.058007 0.267187
0 0.689023 0.407109 0.019775 0.100781
0 0.733847 0.398905 0.017138 0.074999
0 0.672544 0.381327 0.010546 0.049218
0 0.942148 0.493827 0.114697 0.682030
3 0.832724 0.347343 0.233349 0.271874
2 0.709458 0.388359 0.021093 0.058593
2 0.653427 0.386015 0.017138 0.021093
2 0.539389 0.455155 0.210937 0.318749
2 0.315268 0.492655 0.232031 0.234374
4 0.106968 0.315702 0.213574 0.578905
