7 0.411758 0.084916 0.023395 0.097047
7 0.388363 0.084050 0.017546 0.071052
7 0.276747 0.238286 0.016571 0.057188
7 0.248478 0.381258 0.012672 0.041591
7 0.904914 0.358729 0.020470 0.034659
8 0.294781 0.342265 0.015596 0.043324
8 0.235318 0.284210 0.025345 0.020795
8 0.288445 0.372593 0.018521 0.024261
2 0.401815 0.485237 0.050690 0.038125
2 0.444707 0.487837 0.048740 0.043324
2 0.718628 0.470507 0.023395 0.032926
2 0.745533 0.473106 0.031193 0.048523
2 0.584202 0.471373 0.006823 0.013863
2 0.590538 0.479172 0.007798 0.019062
2 0.596874 0.482638 0.014622 0.022528
2 0.612959 0.487837 0.021445 0.039858
2 0.626119 0.492169 0.034118 0.048523
2 0.646102 0.498235 0.025345 0.071052
2 0.676906 0.495635 0.074085 0.103979
2 0.511189 0.489570 0.027294 0.039858
2 0.526298 0.489570 0.014622 0.039858
2 0.538483 0.483504 0.011697 0.024261
2 0.547257 0.482638 0.005848 0.022528
2 0.551643 0.482638 0.004874 0.015596
2 0.557005 0.478305 0.005848 0.013863
2 0.565291 0.464441 0.006823 0.013863
2 0.491693 0.488703 0.021445 0.034659
2 0.280647 0.472240 0.030219 0.015596
