8 0.110019 0.145629 0.031092 0.040393
8 0.401412 0.268582 0.014350 0.034015
8 0.470772 0.320669 0.014350 0.019133
2 0.309729 0.311811 0.009566 0.012755
2 0.351186 0.313937 0.011958 0.008503
2 0.393041 0.327755 0.011958 0.019133
2 0.403804 0.326693 0.009566 0.021259
4 0.416958 0.329881 0.019133 0.023385
2 0.433501 0.349724 0.017937 0.023385
2 0.456223 0.345472 0.017937 0.023385
2 0.495686 0.353976 0.013154 0.019133
2 0.473563 0.372047 0.026309 0.029763
2 0.512428 0.353976 0.015546 0.014881
2 0.512030 0.370275 0.025113 0.023385
