8 0.371729 0.271795 0.008264 0.024486
8 0.365761 0.292583 0.014691 0.013824
2 0.505441 0.379106 0.076912 0.048661
2 0.658662 0.335408 0.052339 0.035912
2 0.650398 0.415396 0.090904 0.124062
2 0.747438 0.532164 0.223129 0.313422
2 0.873482 0.601573 0.247921 0.510943
2 0.036065 0.455924 0.072131 0.136218
8 0.778136 0.031764 0.041691 0.031764
8 0.796748 0.111176 0.081893 0.121764
8 0.797493 0.189264 0.047647 0.039705
8 0.763246 0.174706 0.026801 0.037058
2 0.087849 0.459265 0.086360 0.071470
2 0.166764 0.438088 0.023823 0.034411
