2 0.252735 0.551233 0.009360 0.012480
2 0.241034 0.555393 0.009360 0.012480
2 0.230503 0.556433 0.011700 0.014560
2 0.219856 0.569954 0.015210 0.020801
2 0.205230 0.565793 0.011700 0.020801
2 0.190019 0.562673 0.016380 0.027041
2 0.178903 0.575154 0.015210 0.031201
2 0.146960 0.587635 0.042122 0.052003
2 0.100626 0.585555 0.077224 0.081124
2 0.370678 0.541872 0.014040 0.018721
2 0.398174 0.528351 0.026911 0.049922
2 0.422746 0.545824 0.047972 0.058243
2 0.669676 0.560801 0.099833 0.114822
2 0.510150 0.540208 0.035102 0.047842
2 0.538232 0.542288 0.025741 0.043682
2 0.569824 0.536048 0.065523 0.093605
2 0.807348 0.567250 0.126367 0.160169
7 0.392704 0.483480 0.009360 0.016640
7 0.317905 0.485298 0.014190 0.013741
0 0.149633 0.575353 0.014622 0.097047
2 0.272458 0.549358 0.020470 0.020795
2 0.292929 0.545025 0.016571 0.015596
2 0.323051 0.543292 0.027294 0.022528
7 0.271386 0.531161 0.007798 0.008664
7 0.241167 0.541559 0.007798 0.008664
8 0.302190 0.486537 0.007798 0.008664
8 0.424041 0.503867 0.005848 0.025994
8 0.442562 0.489136 0.007798 0.017329
