2 0.493067 0.453259 0.009360 0.014560
2 0.505938 0.457419 0.016380 0.031201
2 0.491312 0.466779 0.015210 0.033281
2 0.457380 0.483420 0.076054 0.133127
3 0.535687 0.448162 0.050137 0.083413
2 0.366114 0.464699 0.015210 0.020801
2 0.354999 0.466779 0.014040 0.016640
2 0.333938 0.478220 0.060843 0.052003
2 0.280114 0.475100 0.021061 0.024961
2 0.190019 0.474060 0.039782 0.035362
2 0.587667 0.470108 0.025741 0.043682
2 0.664892 0.544992 0.208272 0.214252
0 0.073597 0.490909 0.015210 0.058243
0 0.776926 0.443066 0.014040 0.037442
0 0.792137 0.446186 0.011700 0.035362
0 0.798572 0.466988 0.012870 0.039522
0 0.580939 0.448266 0.005850 0.022881
0 0.585620 0.446186 0.008190 0.018721
0 0.594395 0.444106 0.009360 0.014560
0 0.387878 0.458667 0.005850 0.018721
8 0.081027 0.398343 0.014040 0.016640
8 0.262973 0.331779 0.031591 0.020801
8 0.264728 0.364021 0.025741 0.043682
8 0.379980 0.386383 0.015210 0.012480
8 0.403674 0.429025 0.011700 0.016640
8 0.629497 0.366621 0.016380 0.012480
8 0.719008 0.325019 0.017551 0.012480
8 0.706722 0.342700 0.009360 0.014560
7 0.053121 0.328659 0.011700 0.033281
7 0.042005 0.331779 0.008190 0.035362
7 0.636986 0.413944 0.011700 0.016640
7 0.560346 0.333339 0.005850 0.028081
7 0.378225 0.361941 0.009360 0.022881
7 0.568361 0.335940 0.008190 0.029121
