8 0.636332 0.062031 0.044993 0.029383
7 0.532790 0.197031 0.015609 0.044074
8 0.446018 0.228863 0.066112 0.084885
8 0.443263 0.232128 0.058766 0.052237
8 0.028989 0.173501 0.011018 0.022853
8 0.176299 0.278325 0.009182 0.022853
2 0.304851 0.332194 0.018364 0.026118
2 0.289701 0.337908 0.021119 0.031015
2 0.232770 0.345335 0.039483 0.052073
2 0.337449 0.327297 0.015609 0.019588
2 0.576035 0.389873 0.268122 0.308524
2 0.011783 0.486185 0.022955 0.230169
2 0.801205 0.568049 0.394838 0.566445
2 0.352905 0.330290 0.020201 0.029383
2 0.382748 0.340846 0.037647 0.052889
2 0.269653 0.344029 0.039177 0.048155
2 0.324134 0.333827 0.009182 0.013059
