8 0.598716 0.139921 0.031640 0.063281
2 0.339658 0.402421 0.027685 0.049218
2 0.315268 0.401249 0.021093 0.051562
2 0.280991 0.400077 0.071191 0.096093
2 0.244077 0.427030 0.100195 0.112499
2 0.128062 0.472734 0.187206 0.199218
2 0.449082 0.398905 0.017138 0.051562
2 0.466880 0.396562 0.039550 0.060937
2 0.503135 0.404765 0.054052 0.082031
2 0.392392 0.362577 0.054052 0.025781
2 0.551914 0.432890 0.080419 0.105468
2 0.612558 0.464530 0.133154 0.149999
2 0.798447 0.541874 0.328271 0.295312
2 0.393052 0.465702 0.129199 0.199218
2 0.054143 0.509062 0.108286 0.276562
2 0.969174 0.632108 0.060644 0.302343
