8 0.041429 0.293742 0.080909 0.025994
7 0.079934 0.263414 0.009748 0.058921
7 0.584397 0.298941 0.010722 0.053722
7 0.095043 0.265147 0.012672 0.051989
7 0.594145 0.408986 0.018521 0.027727
2 0.898772 0.464441 0.154019 0.103979
2 0.451823 0.486970 0.022420 0.024261
2 0.436226 0.485237 0.010722 0.017329
2 0.428428 0.482638 0.008773 0.019062
2 0.221768 0.509499 0.049715 0.041591
2 0.259298 0.505167 0.025345 0.032926
2 0.281719 0.499101 0.019496 0.034659
2 0.296341 0.493902 0.011697 0.024261
2 0.306089 0.493036 0.007798 0.022528
2 0.314862 0.491303 0.011697 0.025994
2 0.328022 0.486970 0.010722 0.020795
2 0.335333 0.480905 0.011697 0.025994
2 0.358241 0.490436 0.020470 0.024261
2 0.388843 0.481771 0.017336 0.024261
2 0.141347 0.526829 0.054589 0.062387
2 0.193011 0.499968 0.023395 0.025994
2 0.107228 0.530295 0.015596 0.041591
2 0.099917 0.519031 0.024370 0.032926
