7 0.375490 0.426315 0.009991 0.049736
7 0.446932 0.436973 0.006994 0.042631
7 0.523868 0.537335 0.006994 0.026644
8 0.590813 0.334835 0.024979 0.047960
8 0.549347 0.338388 0.033972 0.058618
8 0.328529 0.537335 0.015986 0.033750
8 0.349512 0.523125 0.013988 0.026644
2 0.500388 0.578190 0.043963 0.065723
2 0.545850 0.621710 0.100916 0.120789
2 0.282567 0.586184 0.093922 0.113684
2 0.221617 0.562203 0.023980 0.051513
2 0.162666 0.559539 0.027976 0.039078
2 0.121699 0.561315 0.061949 0.056842
2 0.408963 0.626151 0.180851 0.285986
2 0.081732 0.629703 0.161866 0.374802
7 0.574327 0.538223 0.011990 0.017763
2 0.203247 0.564088 0.014622 0.022528
8 0.596582 0.406386 0.011697 0.022528
8 0.603893 0.439313 0.008773 0.032926
8 0.590733 0.434980 0.007798 0.017329
