8 0.041063 0.695796 0.016571 0.046790
8 0.220915 0.618678 0.011697 0.024261
2 0.045937 0.682427 0.036067 0.025994
2 0.146830 0.679827 0.062387 0.027727
2 0.427366 0.679827 0.045815 0.020795
2 0.507370 0.676361 0.025345 0.020795
2 0.628733 0.676361 0.041916 0.017329
2 0.828081 0.673762 0.029244 0.019062
2 0.918738 0.802003 0.046790 0.032926
2 0.329467 0.780341 0.073110 0.041591
2 0.221263 0.781207 0.154994 0.109178
2 0.063832 0.779474 0.101380 0.039858
2 0.840266 0.823666 0.141347 0.218356
2 0.961630 0.824532 0.074085 0.064120
2 0.977742 0.843966 0.042891 0.086649
2 0.734690 0.859563 0.163767 0.235686
2 0.481240 0.837901 0.319736 0.320603
