8 0.703324 0.066355 0.022309 0.050338
8 0.517985 0.148728 0.017161 0.013728
8 0.381555 0.159406 0.018877 0.019830
7 0.117704 0.163220 0.014586 0.021355
7 0.400861 0.154067 0.011154 0.021355
7 0.499537 0.141864 0.009438 0.015254
7 0.708043 0.125084 0.009438 0.018305
7 0.420596 0.197542 0.007722 0.010677
7 0.439044 0.171610 0.006864 0.013728
7 0.485379 0.176949 0.006864 0.012203
7 0.495247 0.173135 0.011154 0.019830
7 0.378123 0.199067 0.008580 0.016779
2 0.471842 0.205169 0.009438 0.013728
2 0.463690 0.208983 0.006864 0.015254
2 0.446529 0.205932 0.012012 0.015254
2 0.431942 0.206694 0.012012 0.016779
2 0.421646 0.211271 0.013728 0.016779
2 0.409204 0.213559 0.014586 0.021355
2 0.399336 0.218135 0.012012 0.018305
2 0.356005 0.224237 0.016302 0.021355
2 0.482138 0.207457 0.007722 0.012203
2 0.500157 0.206694 0.009438 0.016779
2 0.531047 0.213559 0.009438 0.024406
2 0.536624 0.213559 0.012012 0.030508
2 0.545634 0.209745 0.012870 0.035084
2 0.553356 0.212033 0.007722 0.033559
2 0.568801 0.216610 0.026599 0.045762
2 0.620284 0.227288 0.064353 0.070169
2 0.715785 0.226525 0.125275 0.144915
2 0.905762 0.251486 0.187214 0.246702
7 0.784944 0.118220 0.015444 0.019830
2 0.249092 0.268474 0.186196 0.231864
7 0.957824 0.024249 0.013672 0.043005
