2 0.296894 0.492053 0.030585 0.048749
2 0.323788 0.488303 0.027421 0.033749
2 0.228339 0.506115 0.043242 0.050624
2 0.266835 0.499285 0.044296 0.071249
2 0.408691 0.492990 0.015820 0.020624
2 0.355429 0.510535 0.069609 0.104999
3 0.440859 0.477053 0.046406 0.067499
8 0.479355 0.429910 0.013710 0.018749
8 0.509413 0.416785 0.014765 0.029999
7 0.289511 0.428035 0.009492 0.022499
7 0.400253 0.409285 0.011601 0.022499
0 0.590097 0.492723 0.013710 0.061874
0 0.577441 0.495535 0.009492 0.067499
0 0.891511 0.498348 0.025312 0.103124
0 0.854070 0.499285 0.020039 0.123749
0 0.826648 0.497410 0.022148 0.119999
8 0.219374 0.386517 0.031640 0.014999
8 0.313242 0.423080 0.014765 0.013124
