8 0.311451 0.151636 0.061412 0.105712
8 0.309988 0.239152 0.023395 0.041591
8 0.380175 0.326668 0.015596 0.029460
8 0.380175 0.351797 0.007798 0.017329
8 0.737442 0.356996 0.018521 0.027727
8 0.737929 0.377792 0.007798 0.013863
8 0.590733 0.379525 0.007798 0.017329
8 0.475706 0.386457 0.011697 0.017329
8 0.429402 0.385590 0.034118 0.012130
8 0.459134 0.384724 0.021445 0.013863
2 0.065312 0.464441 0.130624 0.201027
2 0.251013 0.411585 0.082858 0.071052
2 0.310476 0.426315 0.038017 0.041591
2 0.343619 0.415918 0.030219 0.038125
2 0.383099 0.402920 0.013647 0.019062
2 0.365552 0.404653 0.005848 0.015596
2 0.372376 0.404653 0.007798 0.022528
2 0.406982 0.412452 0.016571 0.024261
2 0.428915 0.414185 0.011697 0.024261
2 0.439150 0.408119 0.008773 0.015596
2 0.563926 0.430648 0.032168 0.032926
2 0.522984 0.424582 0.020470 0.027727
2 0.485454 0.411585 0.015596 0.019062
2 0.470832 0.407253 0.009748 0.013863
2 0.910470 0.461842 0.068236 0.046790
2 0.827611 0.441912 0.040941 0.031193
2 0.864654 0.444512 0.029244 0.039858
2 0.890974 0.428048 0.023395 0.024261
2 0.934353 0.430648 0.024370 0.015596
2 0.992841 0.458376 0.012672 0.053722
2 0.683827 0.428915 0.032168 0.029460
2 0.664818 0.428048 0.021445 0.024261
2 0.641910 0.428915 0.022420 0.022528
2 0.610229 0.424582 0.023395 0.020795
2 0.596582 0.419383 0.011697 0.020795
2 0.582935 0.415918 0.015596 0.020795
2 0.549304 0.412452 0.010722 0.013863
