8 0.774057 0.231327 0.065917 0.025781
8 0.776035 0.274687 0.061962 0.028124
8 0.040959 0.325077 0.081919 0.058593
8 0.038982 0.284062 0.077964 0.032812
7 0.532138 0.364921 0.006591 0.021093
7 0.502475 0.353202 0.007910 0.021093
7 0.474131 0.348515 0.006591 0.021093
7 0.442490 0.344999 0.006591 0.018749
7 0.410190 0.339140 0.005273 0.021093
7 0.364707 0.344999 0.006591 0.023437
7 0.310654 0.383671 0.006591 0.021093
8 0.390415 0.346171 0.015820 0.011718
8 0.456992 0.350859 0.011865 0.011718
2 0.510385 0.391874 0.010546 0.023437
2 0.501816 0.398905 0.014501 0.023437
2 0.358774 0.411796 0.015820 0.021093
2 0.390415 0.408280 0.015820 0.018749
2 0.462265 0.403593 0.011865 0.018749
2 0.485337 0.401249 0.023730 0.028124
3 0.441172 0.396562 0.022412 0.042187
2 0.403570 0.410719 0.007798 0.010397
