2 0.441978 0.353901 0.012474 0.016632
4 0.379086 0.326950 0.100834 0.182032
3 0.430543 0.335729 0.010395 0.092402
0 0.359676 0.379745 0.017671 0.104414
0 0.258582 0.395915 0.025468 0.079466
0 0.492164 0.350667 0.006756 0.026796
0 0.452922 0.344669 0.004158 0.018496
0 0.924111 0.367315 0.029626 0.124743
0 0.818079 0.371474 0.023389 0.121971
8 0.669726 0.061293 0.072247 0.077618
8 0.549401 0.266427 0.017671 0.022176
8 0.139827 0.264579 0.010395 0.025872
8 0.456883 0.301540 0.015592 0.009240
7 0.437132 0.295533 0.007276 0.013860
7 0.489108 0.295071 0.005197 0.011088
7 0.734437 0.253028 0.007276 0.039733
7 0.609693 0.031724 0.017671 0.057289
7 0.263011 0.024794 0.018711 0.047125
7 0.764843 0.251642 0.020270 0.038809
7 0.582667 0.034225 0.019751 0.059137
