7 0.595310 0.084375 0.009991 0.047960
7 0.612795 0.188289 0.008992 0.017763
8 0.591812 0.031973 0.024979 0.014210
0 0.872082 0.222039 0.029975 0.046184
0 0.832614 0.244243 0.038967 0.104802
0 0.806136 0.243355 0.019983 0.088815
0 0.789650 0.246019 0.012989 0.069276
0 0.774662 0.248684 0.012989 0.078157
0 0.752680 0.254617 0.018984 0.093577
0 0.736194 0.241578 0.015986 0.067499
0 0.714711 0.226480 0.012989 0.047960
0 0.703720 0.235361 0.012989 0.019539
0 0.693729 0.227368 0.010990 0.035526
2 0.084830 0.365032 0.169660 0.243355
2 0.038868 0.515230 0.077736 0.327039
4 0.544851 0.216710 0.092923 0.184736
2 0.666251 0.342828 0.253791 0.326842
2 0.852598 0.475164 0.294757 0.559539
2 0.883572 0.258453 0.192841 0.204276
4 0.295057 0.271776 0.444634 0.543552
