8 0.171037 0.326579 0.031591 0.070724
8 0.276343 0.320339 0.141578 0.116486
8 0.374044 0.323459 0.032761 0.064483
8 0.467650 0.321379 0.138068 0.118567
8 0.417922 0.595955 0.038612 0.022881
8 0.462969 0.593875 0.032761 0.027041
8 0.303840 0.595955 0.023401 0.047842
8 0.529663 0.594915 0.025741 0.045762
8 0.505677 0.638598 0.015210 0.016640
8 0.355908 0.603236 0.015210 0.016640
8 0.124819 0.529391 0.021061 0.043682
7 0.454194 0.633397 0.005850 0.018721
7 0.416752 0.631317 0.005850 0.018721
2 0.049539 0.775886 0.099078 0.316178
2 0.143540 0.742604 0.187211 0.220493
2 0.262302 0.723883 0.099455 0.141448
2 0.315541 0.705162 0.049142 0.079044
2 0.378724 0.754045 0.117007 0.156009
2 0.563595 0.759245 0.159129 0.199691
2 0.384575 0.661479 0.058503 0.024961
2 0.427867 0.709322 0.023401 0.058243
2 0.440738 0.696841 0.014040 0.045762
2 0.502167 0.713482 0.066693 0.124807
2 0.464140 0.715562 0.011700 0.066563
4 0.700494 0.696841 0.147428 0.099845
