7 0.020615 0.087187 0.014501 0.074999
7 0.511045 0.202031 0.009228 0.056249
7 0.004704 0.093046 0.009409 0.067968
7 0.041709 0.101249 0.011865 0.070312
7 0.431284 0.282890 0.015820 0.058593
7 0.503135 0.204374 0.009228 0.051562
7 0.652768 0.291093 0.013183 0.060937
0 0.041709 0.475077 0.017138 0.072656
0 0.028525 0.475077 0.019775 0.077343
0 0.350205 0.518437 0.059326 0.229687
0 0.215732 0.512577 0.059326 0.194531
5 0.092944 0.487499 0.019775 0.035156
5 0.109423 0.489843 0.018457 0.039843
0 0.124611 0.457836 0.010546 0.039843
0 0.064625 0.490649 0.077783 0.213281
2 0.300585 0.473437 0.010546 0.042187
2 0.293993 0.479296 0.013183 0.049218
2 0.332226 0.468749 0.015820 0.023437
4 0.305199 0.458202 0.035595 0.067968
4 0.226783 0.455492 0.048779 0.077343
2 0.270948 0.480102 0.050097 0.065624
2 0.145045 0.483617 0.056689 0.067968
4 0.833383 0.396118 0.332226 0.792236
2 0.544663 0.562968 0.387597 0.520312
