3 0.119675 0.428285 0.214402 0.332648
2 0.289248 0.477489 0.056134 0.098408
2 0.429194 0.478875 0.024169 0.062371
2 0.415940 0.473331 0.013253 0.048511
2 0.406974 0.471945 0.014033 0.045739
2 0.354738 0.488577 0.088879 0.142761
2 0.467397 0.498280 0.089659 0.117813
2 0.690765 0.446303 0.056134 0.047125
2 0.642427 0.467787 0.118506 0.070687
2 0.749629 0.458778 0.014813 0.049897
7 0.190623 0.264732 0.013253 0.049897
7 0.437770 0.299383 0.010135 0.041581
7 0.203097 0.264732 0.011694 0.044353
7 0.429194 0.302155 0.008576 0.033264
7 0.446736 0.301462 0.006237 0.040195
7 0.178538 0.259881 0.007796 0.031878
7 0.570700 0.361062 0.028067 0.034650
7 0.485740 0.408187 0.013990 0.029106
8 0.562514 0.251565 0.021050 0.045739
8 0.566022 0.287602 0.029626 0.031878
8 0.474804 0.316016 0.010915 0.030492
8 0.744171 0.307007 0.016372 0.037422
