2 0.842176 0.785367 0.314130 0.335200
2 0.227573 0.606841 0.114725 0.123831
2 0.319081 0.603199 0.060094 0.072841
2 0.371663 0.599557 0.036876 0.046133
2 0.415368 0.599557 0.034144 0.041277
2 0.558776 0.640834 0.058728 0.070413
2 0.504144 0.610483 0.031413 0.048561
2 0.530777 0.634764 0.030047 0.063129
2 0.665990 0.683325 0.133846 0.150539
2 0.488438 0.605627 0.021852 0.033992
2 0.476146 0.608055 0.013657 0.033992
2 0.465902 0.601985 0.009560 0.026708
2 0.433806 0.601985 0.010926 0.031564
2 0.385321 0.598343 0.015023 0.043705
2 0.396930 0.605627 0.019120 0.038848
2 0.444733 0.598343 0.008194 0.019424
