2 0.403417 0.454687 0.044824 0.046874
2 0.462084 0.460546 0.025048 0.039843
2 0.495702 0.457030 0.031640 0.042187
2 0.537231 0.455859 0.046142 0.077343
2 0.589306 0.461249 0.013183 0.028124
2 0.595238 0.462421 0.017138 0.035156
2 0.611059 0.460077 0.014501 0.035156
2 0.634130 0.453046 0.042187 0.039843
2 0.067895 0.458905 0.135790 0.126562
2 0.752123 0.466405 0.083056 0.121874
2 0.821996 0.475780 0.146337 0.154687
2 0.930456 0.510937 0.136136 0.168749
8 0.367162 0.420702 0.009228 0.021093
8 0.564916 0.408984 0.011865 0.016406
8 0.638744 0.318749 0.019775 0.023437
8 0.685546 0.333984 0.018457 0.016406
8 0.690160 0.380859 0.017138 0.030468
8 0.780468 0.276562 0.021093 0.018749
8 0.768602 0.329296 0.029003 0.025781
8 0.863195 0.300585 0.011865 0.023437
7 0.102172 0.348046 0.017138 0.025781
7 0.366503 0.314062 0.015820 0.023437
7 0.450878 0.417187 0.013183 0.023437
7 0.485155 0.417187 0.010546 0.018749
7 0.506249 0.400780 0.010546 0.023437
7 0.574804 0.319921 0.013183 0.030468
7 0.098876 0.386484 0.015820 0.021093
7 0.377709 0.296249 0.011865 0.028124
7 0.430444 0.423984 0.011865 0.016406
7 0.597216 0.438046 0.010546 0.021093
7 0.784423 0.357187 0.021093 0.028124
0 0.275536 0.455859 0.015820 0.049218
0 0.434399 0.458202 0.014501 0.049218
