3 0.320713 0.504981 0.057847 0.102839
2 0.267599 0.536768 0.063105 0.087880
0 0.112714 0.525104 0.022087 0.080401
0 0.544990 0.536634 0.051536 0.107202
0 0.563922 0.536011 0.036811 0.104709
0 0.748507 0.508899 0.035760 0.140235
0 0.359879 0.513573 0.007362 0.033656
0 0.138482 0.524792 0.014724 0.078531
0 0.185812 0.513573 0.012621 0.048614
1 0.149526 0.521364 0.028397 0.076662
5 0.150577 0.546918 0.028397 0.080401
6 0.199485 0.524480 0.018931 0.039265
0 0.436132 0.522611 0.012621 0.046745
8 0.593340 0.354702 0.029449 0.057964
