2 0.412835 0.394438 0.019802 0.019897
2 0.432637 0.386020 0.011192 0.018367
2 0.452009 0.390612 0.008609 0.024489
2 0.510555 0.384949 0.012053 0.018367
2 0.495488 0.387245 0.016358 0.022959
2 0.520025 0.390306 0.010331 0.026020
2 0.551020 0.393367 0.018941 0.035204
2 0.566087 0.381122 0.012914 0.035204
2 0.559630 0.421683 0.018941 0.067346
2 0.715465 0.416326 0.056824 0.059693
2 0.038313 0.428571 0.076626 0.078061
2 0.625494 0.432398 0.128284 0.192857
7 0.544993 0.278954 0.005165 0.024489
7 0.589764 0.291199 0.005165 0.021428
7 0.554464 0.345535 0.005165 0.016836
7 0.547576 0.326403 0.005165 0.015306
7 0.525191 0.327168 0.005165 0.016836
7 0.516581 0.338648 0.005165 0.015306
7 0.493766 0.340944 0.004304 0.013775
7 0.444690 0.358546 0.006026 0.012244
8 0.117091 0.337882 0.015497 0.010714
8 0.462340 0.336352 0.012053 0.007653
8 0.805867 0.295790 0.013775 0.018367
8 0.877973 0.213137 0.019802 0.036734
8 0.880126 0.238392 0.034438 0.010714
2 0.531218 0.391454 0.015497 0.026020
0 0.795536 0.403316 0.017219 0.078061
0 0.779608 0.405612 0.012914 0.058163
0 0.761527 0.405153 0.012914 0.056632
0 0.960555 0.412245 0.032716 0.122449
0 0.903300 0.396173 0.018080 0.099489
