2 0.942912 0.563573 0.111340 0.218556
0 0.625515 0.372508 0.018556 0.045360
2 0.721971 0.505498 0.337500 0.270103
2 0.511469 0.439862 0.151546 0.151202
2 0.381456 0.386804 0.066108 0.094845
2 0.350141 0.383711 0.026675 0.072164
2 0.337963 0.379587 0.025515 0.059793
2 0.318827 0.379587 0.019716 0.051546
2 0.261417 0.360000 0.011597 0.020618
2 0.242280 0.361030 0.010438 0.018556
2 0.232422 0.357938 0.009278 0.016494
2 0.221984 0.355876 0.011597 0.024742
2 0.206327 0.357938 0.010438 0.020618
2 0.186610 0.362061 0.008118 0.020618
2 0.195425 0.362543 0.010438 0.018556
2 0.158891 0.364604 0.020876 0.026804
2 0.174548 0.363573 0.010438 0.020618
2 0.081185 0.380068 0.039432 0.045360
2 0.122358 0.372852 0.022036 0.039175
2 0.107280 0.372852 0.017396 0.035051
2 0.051610 0.382130 0.028994 0.049484
2 0.021456 0.379037 0.042912 0.072164
0 0.731060 0.359151 0.024357 0.076415
8 0.728911 0.151556 0.031521 0.048396
