0 0.205004 0.380624 0.017138 0.060937
0 0.220165 0.368906 0.018457 0.037499
0 0.308100 0.372421 0.011865 0.039843
0 0.320624 0.368906 0.010546 0.028124
1 0.788246 0.404062 0.030322 0.074999
0 0.292939 0.385546 0.015820 0.063281
0 0.360966 0.379687 0.009492 0.042187
1 0.337763 0.394921 0.026367 0.086718
0 0.942494 0.417187 0.025048 0.117187
0 0.240468 0.387890 0.010546 0.044531
2 0.328930 0.403124 0.056689 0.070312
2 0.573617 0.399140 0.035595 0.072656
2 0.615805 0.415312 0.077783 0.117187
2 0.609213 0.355546 0.032958 0.025781
2 0.935902 0.415312 0.019775 0.056249
0 0.390893 0.378984 0.011865 0.044531
4 0.061962 0.364218 0.123925 0.501562
4 0.572431 0.344296 0.047460 0.058593
4 0.453119 0.316171 0.051415 0.035156
3 0.738280 0.358359 0.116015 0.142968
5 0.805517 0.519140 0.013183 0.044531
2 0.486474 0.465234 0.174023 0.307031
2 0.704662 0.471093 0.199072 0.281249
7 0.338290 0.305859 0.007910 0.030468
7 0.422006 0.236718 0.009228 0.037499
7 0.836102 0.319921 0.023730 0.030468
7 0.603808 0.264257 0.009228 0.030468
8 0.232031 0.180468 0.029003 0.060937
8 0.232690 0.240234 0.027685 0.021093
8 0.229394 0.274218 0.026367 0.037499
8 0.223461 0.295312 0.017138 0.018749
7 0.219506 0.309374 0.014501 0.023437
8 0.851395 0.228515 0.015820 0.030468
8 0.827006 0.208593 0.009228 0.018749
8 0.823710 0.224999 0.029003 0.018749
8 0.845463 0.382030 0.009228 0.037499
8 0.851395 0.258984 0.026367 0.035156
0 0.850209 0.411327 0.014501 0.082031
8 0.653510 0.273046 0.014501 0.058593
8 0.662738 0.338671 0.006591 0.021093
8 0.376786 0.317343 0.007910 0.023437
8 0.401176 0.327890 0.011865 0.021093
7 0.330644 0.326718 0.010546 0.018749
7 0.431235 0.240234 0.009228 0.030468
7 0.282260 0.206249 0.014501 0.042187
8 0.805894 0.456614 0.055881 0.130645
