8 0.164505 0.230775 0.109150 0.256416
2 0.082642 0.483726 0.060812 0.058213
2 0.013643 0.503824 0.025728 0.037422
2 0.708132 0.504574 0.139206 0.163667
2 0.612021 0.486498 0.065490 0.105338
2 0.550039 0.477489 0.056914 0.065143
2 0.517684 0.465708 0.029626 0.072073
2 0.488837 0.471252 0.029626 0.049897
2 0.474804 0.474024 0.015592 0.047125
2 0.458431 0.469866 0.029626 0.044353
2 0.440889 0.463629 0.022609 0.037422
2 0.409313 0.461550 0.020270 0.049897
2 0.387483 0.459471 0.010915 0.015246
2 0.375009 0.455312 0.017152 0.020790
2 0.360586 0.456005 0.016372 0.019404
1 0.422567 0.473331 0.020270 0.059599
6 0.424516 0.496894 0.017931 0.045739
