7 0.426478 0.415051 0.008773 0.019062
7 0.599994 0.419383 0.018521 0.041591
7 0.403570 0.287676 0.009748 0.055455
7 0.323148 0.352663 0.008773 0.043324
7 0.541993 0.460975 0.007798 0.020795
7 0.530782 0.460975 0.004874 0.020795
7 0.331922 0.488703 0.012672 0.027727
7 0.333384 0.421116 0.007798 0.065853
7 0.489840 0.478305 0.012672 0.020795
8 0.575624 0.298074 0.024370 0.020795
8 0.584397 0.363061 0.026319 0.025994
8 0.763274 0.118709 0.044841 0.081450
8 0.628263 0.421983 0.012672 0.015596
8 0.627776 0.437580 0.009748 0.019062
8 0.601456 0.452310 0.011697 0.017329
8 0.276845 0.441046 0.019496 0.015596
8 0.261735 0.415051 0.020470 0.012130
8 0.279282 0.460109 0.016571 0.012130
7 0.257836 0.484371 0.012672 0.029460
7 0.614128 0.504300 0.007798 0.013863
8 0.475706 0.447111 0.007798 0.024261
2 0.399671 0.614345 0.185213 0.275545
2 0.094068 0.661136 0.188137 0.459242
7 0.336308 0.353530 0.011697 0.045057
7 0.420142 0.286810 0.013647 0.053722
0 0.284156 0.540693 0.018521 0.090115
0 0.767661 0.537227 0.038017 0.232220
