8 0.696987 0.332214 0.019496 0.043324
8 0.563926 0.355609 0.008773 0.017329
7 0.544917 0.312285 0.009748 0.027727
2 0.467907 0.383337 0.019496 0.031193
2 0.518597 0.381604 0.021445 0.034659
2 0.545892 0.391136 0.015596 0.025994
2 0.561489 0.392869 0.013647 0.022528
2 0.534682 0.389403 0.010722 0.019062
2 0.579523 0.396335 0.016571 0.036392
2 0.593657 0.402400 0.017546 0.041591
2 0.611204 0.402400 0.023395 0.048523
2 0.629725 0.405866 0.031193 0.055455
2 0.662381 0.411932 0.057513 0.067586
2 0.745728 0.422330 0.072135 0.050256
2 0.966681 0.496940 0.065631 0.133256
2 0.283669 0.364274 0.038992 0.027727
2 0.221281 0.366007 0.037042 0.017329
2 0.115514 0.343478 0.077009 0.045057
7 0.433262 0.314296 0.006591 0.025781
8 0.234849 0.294609 0.010546 0.025781
