2 0.362945 0.520866 0.027504 0.025511
2 0.346801 0.521929 0.014350 0.019133
2 0.338430 0.528307 0.023917 0.031889
2 0.333048 0.551693 0.027504 0.065905
2 0.283420 0.571889 0.119586 0.140314
2 0.452635 0.496630 0.046638 0.017007
2 0.524387 0.530645 0.015546 0.051023
2 0.553088 0.540212 0.063380 0.108425
2 0.584778 0.558283 0.098061 0.119055
2 0.455625 0.598464 0.145895 0.208346
2 0.124968 0.718582 0.249936 0.380551
0 0.691808 0.519803 0.020329 0.095669
0 0.670881 0.520866 0.026309 0.097795
0 0.649355 0.502795 0.014350 0.044645
0 0.651747 0.560197 0.057401 0.180708
8 0.586572 0.352913 0.025113 0.059527
8 0.591953 0.419882 0.014350 0.031889
8 0.591953 0.397559 0.011958 0.012755
7 0.350388 0.440078 0.007175 0.017007
7 0.358759 0.440078 0.007175 0.021259
7 0.456820 0.427322 0.004783 0.017007
7 0.452635 0.426259 0.005979 0.023385
7 0.448449 0.430511 0.007175 0.027637
2 0.067132 0.534047 0.081318 0.051023
