4 0.518187 0.404555 0.034272 0.060850
2 0.548816 0.408119 0.021445 0.029460
2 0.570262 0.408119 0.031193 0.036392
2 0.576111 0.415918 0.013647 0.034659
2 0.594632 0.429781 0.037042 0.058921
2 0.610229 0.449711 0.038992 0.074518
2 0.632650 0.456643 0.054589 0.084916
2 0.637524 0.486104 0.038992 0.102246
2 0.698937 0.490436 0.122825 0.176765
2 0.793493 0.537227 0.226155 0.256482
2 0.524446 0.444512 0.040941 0.067586
7 0.544430 0.337933 0.006823 0.017329
7 0.541993 0.340532 0.003899 0.022528
8 0.725744 0.308472 0.034118 0.055455
7 0.484479 0.344865 0.005848 0.017329
0 0.905109 0.475706 0.043866 0.143838
