7 0.389479 0.292203 0.007993 0.033750
7 0.480404 0.301973 0.005995 0.028421
7 0.248095 0.389013 0.008992 0.024868
7 0.682738 0.355263 0.020982 0.028421
8 0.679740 0.304638 0.024979 0.012434
8 0.593811 0.342828 0.014987 0.010657
2 0.411960 0.425427 0.008992 0.019539
2 0.405466 0.438750 0.005995 0.024868
2 0.398472 0.439638 0.011990 0.033750
2 0.386481 0.438750 0.017985 0.031973
2 0.379987 0.442302 0.016986 0.031973
2 0.420953 0.437861 0.026977 0.047960
2 0.429946 0.440526 0.030974 0.046184
2 0.611796 0.436085 0.024979 0.062171
2 0.648766 0.436973 0.072939 0.095921
2 0.685735 0.476940 0.120900 0.150986
2 0.862590 0.518684 0.256788 0.230921
2 0.914547 0.392565 0.066944 0.039078
2 0.967503 0.403223 0.022981 0.046184
2 0.989985 0.410328 0.017985 0.046184
2 0.072340 0.522236 0.144680 0.142105
2 0.975996 0.613717 0.047960 0.275328
2 0.359504 0.451184 0.037968 0.042631
4 0.259586 0.462730 0.079934 0.101249
4 0.186646 0.479605 0.129893 0.127894
4 0.500388 0.389901 0.081932 0.044407
2 0.524868 0.574638 0.248795 0.346381
0 0.812131 0.497368 0.065945 0.255789
