0 0.434563 0.547642 0.018626 0.076415
0 0.731293 0.528538 0.020058 0.073867
7 0.365359 0.473774 0.017193 0.045849
7 0.479982 0.481415 0.011462 0.045849
7 0.492161 0.481415 0.012895 0.045849
7 0.639594 0.441934 0.011462 0.048396
7 0.711234 0.398632 0.020058 0.058584
7 0.305326 0.552736 0.018626 0.096792
7 0.383413 0.494151 0.014327 0.040754
2 0.477117 0.534906 0.014327 0.020377
2 0.468520 0.533632 0.014327 0.022924
2 0.457058 0.533632 0.017193 0.022924
2 0.444879 0.536179 0.015760 0.022924
2 0.428402 0.534906 0.025790 0.035660
2 0.416940 0.541274 0.025790 0.038207
2 0.406910 0.550189 0.022924 0.045849
2 0.393299 0.555283 0.030088 0.061132
2 0.368655 0.562925 0.053013 0.091698
2 0.322089 0.573113 0.080235 0.122264
2 0.487719 0.541274 0.017193 0.043301
7 0.501331 0.546368 0.038685 0.053490
2 0.527551 0.556557 0.048714 0.063679
2 0.542595 0.573113 0.041550 0.066226
2 0.257184 0.615142 0.133248 0.175754
2 0.025790 0.585849 0.042983 0.050943
2 0.598617 0.573113 0.096283 0.142641
5 0.745764 0.620236 0.032954 0.099339
8 0.742038 0.388443 0.024357 0.058584
8 0.877437 0.249622 0.045849 0.076415
8 0.011462 0.253443 0.022924 0.048396
8 0.011462 0.318396 0.022924 0.050943
2 0.705073 0.589670 0.070206 0.084056
2 0.660943 0.574387 0.044416 0.099339
7 0.948549 0.379622 0.016380 0.047842
7 0.908766 0.369222 0.016380 0.047842
7 0.307350 0.496109 0.011700 0.018721
