8 0.050290 0.356712 0.078049 0.171402
2 0.575576 0.532708 0.008264 0.009794
2 0.583840 0.527811 0.010100 0.019588
2 0.468602 0.527811 0.009182 0.013059
2 0.408458 0.519649 0.044993 0.042442
2 0.376320 0.537605 0.019282 0.013059
2 0.083864 0.542503 0.095495 0.078355
2 0.326277 0.509038 0.077131 0.086517
2 0.528287 0.525362 0.011018 0.040810
8 0.757079 0.424425 0.067948 0.081620
2 0.505484 0.534613 0.044074 0.063663
2 0.605112 0.537061 0.041320 0.065296
2 0.560578 0.526451 0.018364 0.021221
2 0.742387 0.577871 0.189155 0.238331
