7 0.410906 0.366423 0.011569 0.024307
8 0.456657 0.344920 0.008414 0.022437
8 0.413535 0.410364 0.010517 0.018698
2 0.472769 0.461842 0.017880 0.026177
2 0.491174 0.462777 0.016828 0.031786
2 0.501692 0.472126 0.016828 0.054224
2 0.452259 0.475865 0.031552 0.080401
2 0.425965 0.485214 0.037863 0.099099
2 0.370221 0.502043 0.126211 0.155193
2 0.167932 0.515755 0.334461 0.465581
7 0.486441 0.435665 0.011569 0.011218
8 0.362333 0.375363 0.013672 0.017763
8 0.261889 0.304778 0.027345 0.033656
2 0.372550 0.416232 0.035309 0.015359
8 0.361732 0.396799 0.015776 0.016828
2 0.762680 0.488153 0.115694 0.117797
2 0.957783 0.699040 0.083089 0.310387
3 0.586551 0.422347 0.160920 0.327216
