8 0.777154 0.669229 0.022941 0.053021
8 0.776868 0.719701 0.021221 0.043844
8 0.778301 0.764055 0.022941 0.044864
8 0.779449 0.793624 0.025236 0.016314
8 0.713491 0.642605 0.019500 0.026510
8 0.718366 0.668605 0.038427 0.023451
8 0.721807 0.588054 0.015485 0.025490
8 0.730124 0.608957 0.039001 0.022432
8 0.713618 0.480992 0.028677 0.088708
8 0.552930 0.722760 0.021221 0.017333
7 0.185573 0.623288 0.010323 0.043844
7 0.564082 0.775271 0.021221 0.024471
7 0.733342 0.748760 0.036133 0.040785
0 0.511029 0.821155 0.018353 0.050981
0 0.541427 0.828802 0.014912 0.035687
0 0.595627 0.832880 0.022368 0.049962
0 0.716645 0.858371 0.018927 0.074433
0 0.750198 0.852254 0.022941 0.064237
0 0.770272 0.861940 0.022941 0.093806
0 0.786331 0.846136 0.012618 0.035687
0 0.796655 0.858881 0.026383 0.087688
0 0.814148 0.854803 0.020074 0.055060
0 0.656996 0.843587 0.006309 0.024471
0 0.667894 0.843587 0.008603 0.022432
0 0.682806 0.841038 0.009750 0.027530
0 0.646386 0.861430 0.018353 0.072394
0 0.697782 0.862960 0.015485 0.085649
2 0.207368 0.799232 0.019500 0.025490
2 0.182993 0.811978 0.043015 0.057099
2 0.074592 0.899667 0.147401 0.195770
2 0.016377 0.968492 0.032118 0.058119
4 0.085203 0.736525 0.167475 0.224320
4 0.342438 0.763035 0.221962 0.471072
2 0.224575 0.794644 0.014912 0.018353
2 0.463170 0.838998 0.044736 0.078512
2 0.205361 0.918530 0.341259 0.160083
2 0.558665 0.946906 0.186402 0.101291
2 0.850383 0.899490 0.296726 0.196790
