2 0.383407 0.575184 0.100360 0.139741
0 0.380248 0.608872 0.001403 0.044916
2 0.174965 0.583294 0.167736 0.183410
2 0.024072 0.614611 0.047022 0.137245
2 0.034319 0.562208 0.068638 0.122273
2 0.276957 0.538288 0.081411 0.104805
2 0.481840 0.553350 0.049829 0.086090
2 0.525353 0.560212 0.056847 0.107301
2 0.609221 0.565868 0.147383 0.220567
2 0.822539 0.651198 0.350912 0.426709
7 0.096360 0.087338 0.040004 0.059889
7 0.073200 0.201501 0.017545 0.023706
7 0.423060 0.214602 0.014036 0.014972
7 0.367265 0.322527 0.014738 0.021210
7 0.469380 0.401132 0.011229 0.016219
7 0.168999 0.401132 0.016843 0.018715
8 0.465520 0.330013 0.020352 0.036182
8 0.463766 0.261390 0.033687 0.018715
8 0.465169 0.285096 0.011229 0.018715
8 0.580970 0.409242 0.018247 0.069870
