2 0.060032 0.491349 0.118506 0.209291
2 0.850983 0.539861 0.293926 0.353439
2 0.520413 0.451154 0.035084 0.051283
2 0.351620 0.446303 0.040541 0.049897
2 0.165284 0.485112 0.121624 0.146919
2 0.243249 0.470559 0.057693 0.112268
2 0.688816 0.499666 0.158268 0.181570
2 0.620987 0.487884 0.088099 0.121971
2 0.576547 0.469866 0.070947 0.108110
2 0.502481 0.434522 0.021050 0.031878
2 0.494685 0.427592 0.017931 0.029106
2 0.363704 0.431750 0.038202 0.040195
2 0.383585 0.427592 0.020270 0.037422
2 0.406585 0.424127 0.022609 0.036036
2 0.455702 0.413731 0.013253 0.020790
7 0.441669 0.376308 0.007016 0.018018
7 0.468956 0.394327 0.005457 0.023562
8 0.616309 0.358290 0.027287 0.056827
