7 0.190725 0.225888 0.012974 0.043859
7 0.136473 0.132573 0.011697 0.001732
7 0.482042 0.275622 0.006823 0.031347
7 0.381637 0.398588 0.010722 0.020795
7 0.413805 0.405520 0.006823 0.017329
7 0.653121 0.094448 0.023395 0.091848
7 0.553203 0.331867 0.008773 0.064120
7 0.685289 0.102246 0.011697 0.083183
2 0.455332 0.538093 0.123020 0.178498
2 0.380954 0.493036 0.046010 0.053722
2 0.407664 0.457509 0.011697 0.020795
2 0.365260 0.448844 0.016571 0.020795
2 0.377445 0.447978 0.015596 0.029460
2 0.391580 0.454910 0.010722 0.019062
2 0.332994 0.483504 0.048740 0.058921
2 0.221378 0.513832 0.151095 0.157702
2 0.287665 0.486970 0.024370 0.048523
8 0.518232 0.258958 0.054589 0.020795
8 0.732202 0.254625 0.026319 0.025994
8 0.181436 0.323079 0.020470 0.010397
8 0.180461 0.375068 0.024370 0.010397
2 0.912107 0.494719 0.069660 0.068044
