7 0.263144 0.247499 0.011601 0.041249
7 0.214101 0.177187 0.010546 0.043124
7 0.682382 0.192187 0.010546 0.046874
7 0.815273 0.290624 0.010546 0.022499
7 0.581659 0.298124 0.009492 0.026249
7 0.469863 0.297187 0.007382 0.024374
7 0.485683 0.324374 0.007382 0.022499
7 0.258925 0.316874 0.011601 0.026249
7 0.269999 0.315937 0.008437 0.020624
7 0.803144 0.288749 0.007382 0.018749
8 0.796288 0.240937 0.018984 0.054374
8 0.719296 0.298124 0.014765 0.029999
8 0.739863 0.199687 0.049570 0.024374
8 0.451933 0.301874 0.020039 0.011249
8 0.600116 0.299062 0.014765 0.013124
8 0.568476 0.320624 0.012656 0.007499
7 0.441913 0.333749 0.006328 0.018749
8 0.208300 0.337499 0.020039 0.018749
7 0.673945 0.194999 0.012656 0.041249
0 0.129726 0.418124 0.021093 0.086249
0 0.103886 0.423749 0.026367 0.112499
0 0.866952 0.381562 0.023203 0.110624
0 0.564257 0.386249 0.010546 0.059999
2 0.487265 0.357723 0.012656 0.020624
2 0.475663 0.359598 0.012656 0.024374
2 0.442968 0.369910 0.014765 0.029999
2 0.435058 0.369910 0.013710 0.026249
2 0.430312 0.373660 0.008437 0.033749
2 0.423456 0.371785 0.011601 0.037499
2 0.401835 0.368973 0.035859 0.058124
2 0.561620 0.359598 0.017929 0.039374
2 0.545800 0.350223 0.017929 0.024374
2 0.617519 0.356785 0.032695 0.048749
2 0.361375 0.396937 0.068554 0.065624
2 0.461043 0.367874 0.021093 0.022499
2 0.529597 0.365062 0.018984 0.031874
2 0.583914 0.380062 0.043242 0.061874
2 0.664070 0.430687 0.117070 0.140624
2 0.737421 0.378592 0.048416 0.057315
4 0.652996 0.332249 0.069609 0.071249
2 0.508886 0.361874 0.024257 0.026249
2 0.052734 0.421874 0.105468 0.108749
5 0.264432 0.414819 0.016286 0.051611
