2 0.348046 0.451757 0.013183 0.009374
2 0.333544 0.450585 0.010546 0.011718
2 0.320361 0.450585 0.010546 0.011718
2 0.305859 0.452929 0.010546 0.011718
2 0.293993 0.454101 0.007910 0.018749
2 0.279491 0.454101 0.015820 0.018749
2 0.269604 0.457616 0.011865 0.016406
2 0.253784 0.457616 0.014501 0.011718
2 0.238622 0.459960 0.010546 0.011718
2 0.225439 0.457616 0.013183 0.011718
2 0.211596 0.461132 0.011865 0.014062
2 0.057810 0.458358 0.068024 0.025422
2 0.014520 0.452512 0.027835 0.020618
2 0.110203 0.461475 0.038273 0.022048
2 0.144417 0.462822 0.027835 0.020618
2 0.173992 0.466945 0.026675 0.024742
2 0.197767 0.456636 0.013917 0.012371
2 0.265615 0.475193 0.019716 0.024742
2 0.241260 0.475193 0.017396 0.020618
2 0.204625 0.486855 0.046189 0.031851
2 0.463360 0.590657 0.211082 0.358762
2 0.338875 0.502045 0.020102 0.024646
2 0.295770 0.476224 0.012757 0.022680
2 0.280693 0.473131 0.012757 0.020618
2 0.309688 0.473131 0.008118 0.020618
2 0.320706 0.477255 0.011597 0.020618
2 0.151376 0.459729 0.009278 0.026804
2 0.624939 0.550157 0.098157 0.137557
2 0.570061 0.521585 0.023195 0.026804
2 0.692144 0.554408 0.047000 0.084204
2 0.853681 0.617067 0.288687 0.383471
8 0.378695 0.436018 0.044072 0.045360
8 0.392033 0.433956 0.015077 0.020618
2 0.371249 0.487499 0.018984 0.022499
2 0.037968 0.452812 0.014765 0.024374
2 0.097031 0.461249 0.012656 0.022499
