2 0.722254 0.573848 0.023762 0.044081
2 0.707273 0.566501 0.012397 0.025714
2 0.624104 0.571093 0.027895 0.031224
2 0.607189 0.567550 0.015497 0.025714
2 0.595308 0.567550 0.014464 0.025714
2 0.579811 0.567550 0.024795 0.029387
2 0.560181 0.564795 0.018596 0.034897
2 0.542100 0.565714 0.027895 0.044081
2 0.520920 0.567550 0.033061 0.047755
2 0.493025 0.568469 0.039260 0.049591
2 0.463580 0.570306 0.040293 0.049591
2 0.420187 0.568469 0.060956 0.060612
2 0.678478 0.590510 0.073354 0.097346
8 0.650066 0.507857 0.024795 0.056938
2 0.762990 0.545050 0.014464 0.016530
2 0.750076 0.558826 0.015497 0.018367
0 0.811587 0.579446 0.009470 0.036734
