2 0.414689 0.317772 0.033590 0.038388
2 0.235942 0.332701 0.059982 0.034123
2 0.152567 0.347630 0.051584 0.038388
2 0.634823 0.296445 0.008397 0.017061
2 0.609031 0.296445 0.019194 0.029857
2 0.653418 0.317772 0.040787 0.055450
2 0.721198 0.324170 0.085174 0.102369
2 0.532254 0.343364 0.158352 0.277251
8 0.182558 0.285781 0.013196 0.025592
2 0.778181 0.301777 0.028791 0.036255
2 0.804573 0.300710 0.021593 0.029857
2 0.456333 0.316640 0.023730 0.053906
2 0.323838 0.322499 0.014501 0.023437
4 0.982358 0.247734 0.034277 0.339843
