2 0.122970 0.734714 0.244342 0.421402
2 0.138665 0.593355 0.125197 0.086325
2 0.927536 0.759247 0.142882 0.463872
2 0.809992 0.717761 0.325864 0.422503
2 0.596162 0.662519 0.074884 0.195531
2 0.437939 0.619934 0.012989 0.049736
2 0.479855 0.642722 0.034872 0.056234
4 0.474475 0.627677 0.052653 0.073844
2 0.213842 0.588674 0.035687 0.027041
2 0.237536 0.596475 0.009360 0.019761
2 0.244849 0.600635 0.009945 0.019761
2 0.368584 0.680720 0.159129 0.213212
8 0.380577 0.561633 0.013455 0.033281
8 0.430012 0.594395 0.008190 0.015600
7 0.591482 0.527831 0.004680 0.023921
8 0.628046 0.472707 0.015795 0.071764
0 0.257719 0.634957 0.016966 0.102966
0 0.277026 0.636517 0.020476 0.106086
0 0.298964 0.629757 0.018721 0.080084
0 0.293407 0.597515 0.011115 0.028081
8 0.014053 0.495589 0.009360 0.032241
8 0.080746 0.513790 0.004680 0.035362
2 0.556841 0.673223 0.032972 0.092368
2 0.554343 0.652796 0.057952 0.097697
