8 0.311427 0.191430 0.020876 0.016494
8 0.301569 0.170811 0.022036 0.016494
8 0.499314 0.242976 0.016237 0.024742
8 0.547422 0.212665 0.009278 0.012371
8 0.563079 0.206480 0.010438 0.020618
2 0.425180 0.288866 0.011597 0.026804
2 0.418221 0.294020 0.013917 0.024742
2 0.408363 0.295051 0.017396 0.035051
2 0.335296 0.300206 0.052190 0.103092
2 0.542899 0.280618 0.035953 0.101030
2 0.583492 0.291958 0.082345 0.119587
4 0.462177 0.288316 0.015077 0.030927
3 0.440251 0.286687 0.019936 0.021813
2 0.469716 0.300687 0.016237 0.030927
2 0.386211 0.293470 0.039432 0.049484
2 0.294587 0.306872 0.102061 0.134020
2 0.671242 0.334707 0.151330 0.148453
