7 0.367024 0.382742 0.014040 0.024961
7 0.467650 0.391063 0.014040 0.029121
7 0.276928 0.444106 0.011700 0.018721
7 0.570031 0.458667 0.012870 0.018721
8 0.478180 0.433706 0.011700 0.027041
8 0.775963 0.235054 0.050313 0.095685
8 0.781229 0.304738 0.032761 0.039522
8 0.251187 0.426425 0.021061 0.045762
8 0.278098 0.396263 0.016380 0.018721
8 0.492221 0.428505 0.014040 0.016640
7 0.417337 0.458667 0.007020 0.018721
2 0.429622 0.474268 0.012870 0.020801
2 0.434888 0.476348 0.009360 0.020801
2 0.443078 0.484669 0.011700 0.020801
2 0.449514 0.490909 0.017551 0.024961
2 0.458874 0.502350 0.022231 0.027041
2 0.503337 0.511710 0.026911 0.066563
2 0.520303 0.511710 0.039782 0.083204
2 0.529078 0.517951 0.031591 0.095685
2 0.563010 0.532511 0.080734 0.124807
2 0.605133 0.564753 0.111156 0.143528
2 0.752562 0.598035 0.260925 0.301618
2 0.418507 0.476348 0.014040 0.020801
2 0.406221 0.478428 0.008190 0.024961
2 0.398031 0.484669 0.010530 0.020801
2 0.389840 0.487789 0.010530 0.027041
2 0.379894 0.489869 0.011700 0.031201
2 0.372289 0.491949 0.017551 0.031201
2 0.362343 0.497149 0.028081 0.037442
2 0.296234 0.515870 0.047972 0.054083
2 0.161676 0.540832 0.101796 0.120647
2 0.054030 0.556433 0.106476 0.214252
2 0.914031 0.693721 0.167320 0.359861
