7 0.264218 0.180367 0.022729 0.146938
7 0.674384 0.083938 0.020663 0.086326
7 0.659403 0.092204 0.015497 0.073469
7 0.692464 0.088530 0.013431 0.066122
8 0.268867 0.072918 0.054757 0.064285
7 0.281265 0.281387 0.017563 0.036734
7 0.134556 0.311693 0.007232 0.027551
7 0.209977 0.310775 0.009298 0.022040
7 0.200679 0.308938 0.007232 0.025714
8 0.268351 0.294244 0.024795 0.051428
8 0.680066 0.150979 0.019630 0.044081
8 0.670251 0.184959 0.016530 0.020204
8 0.688848 0.188632 0.018596 0.023877
8 0.678000 0.291489 0.019630 0.027551
8 0.687815 0.389755 0.010331 0.022040
7 0.297279 0.324550 0.010331 0.027551
7 0.385098 0.319959 0.010331 0.025714
7 0.325691 0.365877 0.003099 0.014693
7 0.690914 0.325469 0.026862 0.033061
8 0.549888 0.341081 0.009298 0.027551
8 0.295730 0.362203 0.009298 0.022040
7 0.248721 0.366795 0.010331 0.020204
2 0.265251 0.402612 0.016530 0.025714
2 0.229090 0.402612 0.049591 0.044081
2 0.186214 0.415469 0.038227 0.047755
2 0.154703 0.422816 0.020663 0.044081
2 0.137139 0.434755 0.033061 0.064285
2 0.053969 0.399857 0.034094 0.038571
2 0.023110 0.431999 0.046221 0.088163
2 0.087031 0.435673 0.083686 0.088163
2 0.299346 0.395265 0.014464 0.022040
2 0.311744 0.406285 0.018596 0.033061
2 0.335506 0.409040 0.028928 0.045918
2 0.409377 0.398938 0.009298 0.025714
2 0.427974 0.409959 0.027895 0.047755
2 0.519409 0.422816 0.051658 0.055102
2 0.383032 0.413632 0.055790 0.069795
2 0.463102 0.431081 0.065089 0.075306
2 0.582432 0.438428 0.068188 0.071632
0 0.805905 0.421897 0.023762 0.104693
0 0.920587 0.445775 0.023762 0.119387
7 0.470737 0.019346 0.027504 0.038692
