8 0.293904 0.568421 0.014622 0.020795
8 0.219819 0.598748 0.014622 0.012130
8 0.501538 0.609146 0.024370 0.008664
8 0.896823 0.568421 0.035093 0.107445
8 0.518110 0.656803 0.012672 0.020795
7 0.331922 0.570154 0.004874 0.027727
7 0.468395 0.603947 0.004874 0.022528
7 0.340207 0.571887 0.007798 0.027727
7 0.324611 0.573620 0.005848 0.031193
7 0.474731 0.606547 0.005848 0.020795
7 0.463521 0.603947 0.004874 0.022528
0 0.058488 0.736521 0.035093 0.121309
0 0.079446 0.717458 0.022420 0.097047
0 0.141347 0.718325 0.021445 0.095314
0 0.162792 0.707060 0.017546 0.072785
0 0.195936 0.724390 0.009748 0.055455
0 0.233466 0.715725 0.012672 0.058921
0 0.242727 0.702728 0.007798 0.050256
0 0.849545 0.746052 0.024370 0.116110
0 0.872453 0.738254 0.017546 0.090115
0 0.735492 0.736521 0.016571 0.107445
1 0.607792 0.784178 0.059463 0.220089
5 0.609742 0.846566 0.055564 0.175032
2 0.388460 0.828370 0.201785 0.291142
2 0.906571 0.836168 0.181314 0.324069
2 0.658970 0.768581 0.152070 0.202760
2 0.583909 0.744319 0.033143 0.105712
2 0.574649 0.738254 0.061412 0.117843
2 0.540043 0.729589 0.023395 0.079717
2 0.467907 0.734788 0.060438 0.117843
2 0.510799 0.718325 0.037042 0.053722
2 0.403083 0.668068 0.030219 0.025994
2 0.317299 0.722657 0.032168 0.058921
