2 0.386524 0.425381 0.011569 0.011218
2 0.379687 0.437534 0.008414 0.013088
2 0.391257 0.463712 0.021035 0.024307
2 0.364962 0.437534 0.025242 0.009349
2 0.363911 0.467451 0.031552 0.039265
2 0.334461 0.460907 0.021035 0.033656
2 0.315529 0.458102 0.025242 0.039265
2 0.299227 0.461842 0.017880 0.035526
2 0.239066 0.483906 0.120953 0.149584
2 0.186688 0.450623 0.044174 0.054224
2 0.156713 0.478670 0.051536 0.084141
2 0.081025 0.488019 0.108331 0.108448
2 0.020266 0.495498 0.040532 0.123407
6 0.851070 0.642050 0.296598 0.310387
6 0.922590 0.697209 0.151454 0.439404
2 0.427017 0.426939 0.008414 0.014958
2 0.431224 0.438158 0.014724 0.007479
2 0.431750 0.450311 0.013672 0.013088
2 0.437008 0.461530 0.013672 0.013088
2 0.450681 0.470879 0.013672 0.028047
2 0.471191 0.471814 0.042070 0.063573
8 0.501166 0.407306 0.015776 0.028047
0 0.541659 0.467763 0.014724 0.076662
0 0.552177 0.474307 0.014724 0.059833
