7 0.276097 0.210411 0.016358 0.036734
7 0.652389 0.156887 0.017219 0.065816
7 0.895982 0.311224 0.010331 0.030612
7 0.928268 0.306377 0.026690 0.041326
7 0.290146 0.336989 0.008609 0.026020
7 0.266531 0.338812 0.018941 0.032142
7 0.375874 0.361771 0.005165 0.019897
7 0.370708 0.359475 0.005165 0.018367
7 0.402134 0.361005 0.007748 0.015306
8 0.280860 0.303170 0.037021 0.029081
8 0.379441 0.293987 0.020663 0.032142
8 0.382455 0.339140 0.021524 0.021428
8 0.772166 0.295298 0.013775 0.041326
8 0.904325 0.182252 0.043909 0.029081
2 0.457174 0.432398 0.012053 0.032142
2 0.431345 0.450000 0.048214 0.094898
2 0.392171 0.440051 0.061128 0.127040
2 0.358593 0.475255 0.104177 0.142347
2 0.821939 0.470918 0.172193 0.238775
2 0.185969 0.538010 0.335778 0.359694
2 0.652184 0.590051 0.500223 0.500510
2 0.979371 0.623469 0.037021 0.269387
