8 0.160843 0.356129 0.011697 0.046790
8 0.608280 0.377792 0.011697 0.027727
8 0.497152 0.381258 0.033143 0.020795
8 0.549791 0.407253 0.011697 0.017329
8 0.548329 0.448844 0.012672 0.024261
8 0.532732 0.450577 0.016571 0.017329
7 0.222743 0.224422 0.010722 0.050256
7 0.522009 0.316270 0.008773 0.032926
7 0.614128 0.340532 0.007798 0.036392
7 0.161818 0.301540 0.011697 0.041591
7 0.240290 0.224422 0.014622 0.050256
7 0.619490 0.419383 0.012672 0.013863
0 0.067261 0.463575 0.023395 0.077984
0 0.042891 0.464441 0.019496 0.069319
0 0.021445 0.464441 0.015596 0.062387
0 0.645810 0.490436 0.014622 0.069319
2 0.362141 0.560622 0.332409 0.358729
4 0.821012 0.377843 0.354381 0.755686
2 0.527371 0.482638 0.029244 0.039858
