2 0.073545 0.391181 0.027504 0.034015
2 0.035875 0.390118 0.040659 0.036141
2 0.127957 0.391181 0.028700 0.029763
2 0.159050 0.389055 0.035875 0.025511
2 0.186555 0.390118 0.016742 0.031889
2 0.211070 0.394370 0.013154 0.019133
2 0.011958 0.391181 0.014350 0.025511
2 0.471171 0.412228 0.019133 0.019133
2 0.551892 0.421795 0.020329 0.029763
2 0.593747 0.446244 0.053813 0.065905
3 0.687025 0.432425 0.127957 0.170078
2 0.892913 0.472322 0.076535 0.099921
2 0.922212 0.543543 0.151875 0.199842
2 0.787677 0.467008 0.069360 0.059527
4 0.386264 0.376653 0.155462 0.329527
