7 0.512363 0.248906 0.006591 0.018749
8 0.369980 0.285234 0.025048 0.044531
8 0.668589 0.227812 0.013183 0.023437
8 0.118833 0.218437 0.042187 0.051562
2 0.536571 0.313593 0.018457 0.032812
2 0.549096 0.317109 0.022412 0.035156
2 0.566894 0.325312 0.026367 0.056249
2 0.586010 0.326484 0.035595 0.077343
2 0.622924 0.346406 0.048779 0.098437
2 0.619628 0.326484 0.063281 0.091406
2 0.437695 0.289452 0.079101 0.028124
2 0.676977 0.351562 0.104150 0.142968
2 0.231371 0.372655 0.109423 0.119531
2 0.157543 0.382030 0.104150 0.142968
2 0.754282 0.373124 0.174023 0.173437
4 0.468857 0.284062 0.072509 0.107812
4 0.298789 0.315702 0.067236 0.128906
2 0.088420 0.436405 0.176841 0.337499
2 0.390415 0.438749 0.300585 0.267187
2 0.892709 0.414140 0.213574 0.246093
8 0.114539 0.260815 0.016571 0.025994
