2 0.059253 0.436601 0.118506 0.158008
2 0.968319 0.561344 0.062371 0.188500
2 0.902045 0.493446 0.194902 0.210642
2 0.191013 0.431057 0.110709 0.138603
2 0.374229 0.409573 0.021830 0.059599
2 0.390602 0.401950 0.024948 0.049897
2 0.456872 0.398490 0.018711 0.040205
2 0.469736 0.389476 0.013253 0.024948
2 0.479871 0.385318 0.007016 0.019404
2 0.491176 0.386011 0.009355 0.009702
2 0.507549 0.397792 0.010915 0.027720
2 0.539904 0.402643 0.010135 0.037422
2 0.283011 0.453233 0.188674 0.218993
2 0.704799 0.502438 0.194911 0.261960
2 0.553938 0.407494 0.024169 0.038809
2 0.527430 0.406801 0.022609 0.037422
2 0.494295 0.408880 0.024948 0.038809
2 0.424516 0.408880 0.049117 0.077618
7 0.371501 0.230775 0.008576 0.037422
7 0.552768 0.264732 0.004677 0.030492
7 0.447906 0.349281 0.005457 0.016632
7 0.559395 0.270970 0.007016 0.029106
7 0.544972 0.269584 0.010915 0.031878
7 0.380856 0.231468 0.008576 0.041581
7 0.361365 0.230775 0.010135 0.034650
7 0.244418 0.266118 0.008576 0.024948
7 0.875152 0.240477 0.016372 0.045739
7 0.868135 0.357597 0.017931 0.024948
7 0.136437 0.313937 0.015592 0.023562
7 0.166844 0.319481 0.010915 0.023562
8 0.285350 0.214835 0.017152 0.030492
8 0.154759 0.248100 0.010135 0.013860
8 0.593310 0.277207 0.048338 0.013860
8 0.656071 0.261267 0.017931 0.034650
8 0.805373 0.298690 0.018711 0.056827
8 0.656071 0.314630 0.019491 0.024948
2 0.134488 0.384625 0.017931 0.034650
2 0.107980 0.382546 0.024169 0.033264
2 0.150861 0.390862 0.011694 0.041581
2 0.806543 0.427592 0.044439 0.062371
7 0.663868 0.363834 0.010135 0.015246
