8 0.287006 0.435017 0.022609 0.033264
8 0.288566 0.471747 0.014813 0.037422
8 0.506532 0.452342 0.024169 0.040195
8 0.508314 0.478182 0.017931 0.016632
8 0.537053 0.477258 0.013253 0.019404
8 0.525188 0.444224 0.018711 0.048511
8 0.818725 0.218399 0.042880 0.052669
8 0.363467 0.530653 0.007796 0.016632
8 0.459754 0.512635 0.007016 0.019404
2 0.388068 0.561344 0.011694 0.016632
2 0.379882 0.562037 0.007796 0.016632
2 0.373645 0.562730 0.009355 0.018018
2 0.368577 0.565502 0.010135 0.023562
2 0.361560 0.568967 0.016372 0.024948
2 0.353374 0.568967 0.012474 0.024948
2 0.338950 0.570353 0.024169 0.038809
2 0.413017 0.557879 0.013253 0.024948
2 0.318290 0.582135 0.029626 0.037422
2 0.422372 0.562037 0.016372 0.024948
2 0.982060 0.535010 0.034304 0.036036
