7 0.466660 0.021774 0.014697 0.043548
7 0.478296 0.025040 0.008573 0.041370
7 0.462986 0.281975 0.007348 0.023951
7 0.407870 0.298306 0.004899 0.021774
2 0.426855 0.358185 0.020821 0.032661
2 0.450738 0.344032 0.022046 0.021774
2 0.455637 0.364717 0.031844 0.037016
2 0.491769 0.371250 0.040418 0.054435
2 0.527900 0.390846 0.058790 0.067500
8 0.554846 0.303750 0.019596 0.045725
7 0.271918 0.230806 0.026945 0.030483
7 0.925960 0.177459 0.022046 0.071854
7 0.756325 0.285241 0.020821 0.039193
8 0.783883 0.230806 0.019596 0.026129
8 0.783271 0.211209 0.030619 0.026129
8 0.524226 0.261290 0.017147 0.021774
8 0.492192 0.314637 0.011869 0.032661
8 0.301313 0.152419 0.017147 0.026129
8 0.275592 0.158951 0.029395 0.021774
5 0.310476 0.378658 0.022420 0.088382
