2 0.152070 0.484371 0.155969 0.154236
2 0.273433 0.470507 0.075060 0.091848
2 0.686752 0.473106 0.145246 0.183697
2 0.610229 0.459242 0.079934 0.142105
2 0.566363 0.459242 0.038992 0.065853
2 0.543455 0.458376 0.024370 0.046790
2 0.530295 0.454910 0.017546 0.036392
2 0.519085 0.450577 0.014622 0.034659
2 0.507387 0.451444 0.014622 0.022528
2 0.495202 0.447111 0.011697 0.013863
2 0.328510 0.464441 0.037042 0.045057
2 0.359216 0.456643 0.026319 0.036392
2 0.374813 0.453177 0.014622 0.029460
2 0.387486 0.456643 0.014622 0.032926
2 0.398209 0.454043 0.012672 0.027727
2 0.405032 0.447111 0.012672 0.024261
2 0.415755 0.447111 0.008773 0.020795
2 0.424528 0.447978 0.012672 0.015596
2 0.435251 0.445378 0.006823 0.017329
2 0.470832 0.450577 0.025345 0.024261
2 0.918756 0.483504 0.133548 0.121309
