8 0.176440 0.106578 0.083833 0.053722
8 0.090169 0.474839 0.012672 0.027727
8 0.665793 0.257349 0.035093 0.036392
8 0.747190 0.356996 0.032168 0.048523
8 0.759862 0.329268 0.018521 0.041591
8 0.857830 0.406386 0.011697 0.022528
8 0.896823 0.351797 0.019496 0.017329
8 0.718920 0.417651 0.014622 0.024261
7 0.255887 0.128241 0.022420 0.097047
7 0.040941 0.254749 0.015596 0.055455
7 0.080421 0.293742 0.014622 0.046790
7 0.077009 0.448844 0.011697 0.020795
7 0.610717 0.264281 0.014622 0.050256
7 0.948488 0.322336 0.009748 0.031193
7 0.933865 0.381258 0.007798 0.024261
7 0.946538 0.378658 0.009748 0.029460
7 0.921680 0.311072 0.014622 0.032926
7 0.847595 0.389923 0.006823 0.024261
7 0.642885 0.230487 0.018521 0.051989
7 0.566850 0.372593 0.006823 0.017329
2 0.578548 0.532894 0.209583 0.303273
2 0.046790 0.524229 0.035093 0.043324
2 0.683827 0.493036 0.032168 0.088382
2 0.786182 0.484371 0.043866 0.053722
3 0.806166 0.467907 0.122825 0.069319
8 0.251592 0.309967 0.043963 0.026644
