7 0.029896 0.363543 0.016742 0.025511
7 0.181173 0.272126 0.013154 0.034015
7 0.197317 0.271063 0.009566 0.031889
7 0.455385 0.289133 0.007175 0.025511
7 0.466746 0.290196 0.005979 0.027637
7 0.613838 0.362480 0.008371 0.019133
7 0.199111 0.327401 0.005979 0.025511
7 0.189544 0.375236 0.010762 0.019133
7 0.293704 0.302952 0.007175 0.023385
7 0.461126 0.290196 0.007175 0.027637
7 0.397147 0.338031 0.005979 0.017007
7 0.425608 0.339307 0.005979 0.017007
7 0.478824 0.339307 0.004783 0.017007
7 0.337234 0.328464 0.007175 0.017007
7 0.357564 0.343346 0.007175 0.017007
8 0.049030 0.296362 0.011958 0.017007
8 0.045442 0.337818 0.023917 0.040393
8 0.252925 0.311244 0.032288 0.017007
8 0.618382 0.307842 0.015546 0.012755
8 0.609413 0.333354 0.009566 0.017007
7 0.307576 0.355677 0.007175 0.019133
8 0.501905 0.350362 0.005979 0.017007
7 0.467225 0.335480 0.005979 0.017007
7 0.470812 0.335480 0.005979 0.017007
0 0.036473 0.424133 0.015546 0.031889
0 0.014350 0.434763 0.016742 0.048897
0 0.234389 0.406063 0.011958 0.051023
0 0.215255 0.400748 0.011958 0.027637
0 0.278038 0.394370 0.008371 0.027637
0 0.301358 0.391181 0.007175 0.021259
0 0.288203 0.393307 0.009566 0.021259
0 0.985274 0.454960 0.027504 0.161574
7 0.984078 0.317834 0.008371 0.023385
7 0.378132 0.346535 0.007175 0.017007
2 0.322166 0.382039 0.021525 0.027637
2 0.332331 0.402236 0.020329 0.029763
2 0.319631 0.412645 0.019421 0.033573
0 0.472944 0.385491 0.008414 0.028047
2 0.368207 0.374598 0.010762 0.017007
2 0.361032 0.377787 0.013154 0.019133
2 0.375382 0.372472 0.010762 0.017007
2 0.381959 0.371409 0.009566 0.014881
2 0.490903 0.385228 0.022721 0.021259
2 0.441872 0.380976 0.013154 0.021259
2 0.417357 0.385228 0.014350 0.021259
2 0.399419 0.373535 0.009566 0.014881
2 0.397027 0.383102 0.011958 0.021259
2 0.408986 0.365031 0.009566 0.014881
2 0.418553 0.367157 0.009566 0.014881
2 0.453711 0.388842 0.016742 0.023385
2 0.430990 0.371834 0.009566 0.014881
2 0.422619 0.389905 0.016742 0.029763
2 0.393320 0.390968 0.017937 0.023385
2 0.361630 0.399472 0.023917 0.031889
0 0.570787 0.402661 0.013154 0.034015
2 0.014606 0.438256 0.029213 0.051023
2 0.126163 0.531496 0.252327 0.293385
2 0.678355 0.417224 0.115999 0.176456
2 0.830230 0.408720 0.284616 0.304015
