2 0.059253 0.472638 0.081083 0.088706
2 0.389432 0.451847 0.123963 0.210677
2 0.475193 0.415117 0.021050 0.034650
2 0.513006 0.418583 0.028067 0.041581
2 0.536785 0.409573 0.014813 0.020790
2 0.555107 0.405415 0.012474 0.023562
2 0.676342 0.421355 0.075625 0.091478
2 0.495854 0.405415 0.006237 0.012474
2 0.321603 0.435215 0.014813 0.024948
2 0.294705 0.433829 0.014033 0.019404
2 0.307570 0.424127 0.016372 0.024948
2 0.982743 0.361755 0.022609 0.016632
2 0.940252 0.366606 0.018711 0.015246
2 0.955845 0.359676 0.015592 0.018018
2 0.924269 0.367992 0.016372 0.015246
2 0.906337 0.372150 0.019491 0.015246
2 0.885287 0.371457 0.017931 0.016632
2 0.866575 0.372843 0.019491 0.022176
2 0.822525 0.377694 0.023389 0.026334
2 0.799916 0.383932 0.024948 0.024948
4 0.841237 0.365913 0.042100 0.041581
2 0.593700 0.398485 0.019491 0.015246
7 0.544192 0.344430 0.007796 0.018018
7 0.460770 0.390862 0.004677 0.011088
8 0.629953 0.363834 0.026507 0.020790
2 0.447906 0.414424 0.016372 0.038809
2 0.782374 0.381853 0.016372 0.029106
2 0.771849 0.390169 0.018711 0.015246
2 0.764832 0.370764 0.021830 0.029106
