2 0.517411 0.445748 0.009566 0.021259
2 0.511432 0.456378 0.011958 0.025511
4 0.496199 0.438560 0.027504 0.067424
2 0.485436 0.460579 0.020329 0.036141
2 0.466046 0.463616 0.028017 0.037964
7 0.474758 0.402874 0.007175 0.019133
8 0.462202 0.407126 0.017937 0.010629
2 0.437687 0.469842 0.033484 0.055275
2 0.349790 0.468779 0.013154 0.023385
2 0.336636 0.477283 0.032288 0.040393
2 0.322883 0.485787 0.028700 0.040393
2 0.291791 0.486850 0.045442 0.055275
4 0.529170 0.441489 0.017937 0.054580
2 0.599727 0.441141 0.144699 0.221102
2 0.645468 0.583582 0.209874 0.246614
2 0.139550 0.504465 0.276806 0.284881
2 0.393952 0.474702 0.083710 0.110551
0 0.710857 0.432182 0.014350 0.046771
0 0.758343 0.468779 0.045442 0.180708
0 0.728197 0.429752 0.020329 0.055275
0 0.906378 0.442508 0.060299 0.199235
4 0.429638 0.434817 0.036706 0.029909
