8 0.302691 0.513361 0.010926 0.029136
8 0.317715 0.518217 0.010926 0.024280
7 0.357323 0.470870 0.010926 0.016996
7 0.478877 0.486652 0.008194 0.019424
0 0.714177 0.620429 0.028085 0.131583
0 0.756814 0.615339 0.031413 0.150539
2 0.633894 0.697893 0.129749 0.233093
2 0.308837 0.554638 0.039607 0.043705
2 0.252840 0.599557 0.116091 0.148111
4 0.127871 0.614125 0.144773 0.225809
2 0.075025 0.691700 0.148343 0.337254
2 0.437221 0.739170 0.348274 0.451619
5 0.810763 0.763624 0.109262 0.194591
5 0.823738 0.761196 0.113360 0.223728
0 0.899539 0.683325 0.027315 0.072841
7 0.314744 0.488273 0.008926 0.020403
