2 0.438502 0.387794 0.007444 0.021176
2 0.429568 0.390441 0.013400 0.015882
2 0.419145 0.393088 0.010422 0.021176
2 0.404255 0.394412 0.013400 0.023823
2 0.376709 0.400764 0.008933 0.026470
2 0.366287 0.403412 0.011911 0.026470
2 0.138474 0.437823 0.050625 0.047647
2 0.037224 0.450000 0.074448 0.063529
2 0.544963 0.422206 0.029779 0.113823
4 0.666910 0.340147 0.227812 0.463235
8 0.142196 0.283235 0.016378 0.010588
8 0.151875 0.305735 0.029779 0.018529
8 0.340230 0.299117 0.019356 0.010588
8 0.342463 0.316323 0.011911 0.018529
8 0.528584 0.283235 0.026801 0.015882
8 0.375220 0.350735 0.014889 0.013235
8 0.278437 0.371912 0.014889 0.013235
8 0.387132 0.330882 0.011911 0.015882
7 0.385643 0.307059 0.011911 0.021176
7 0.492105 0.285882 0.013400 0.021176
7 0.195799 0.303088 0.010422 0.023823
2 0.462325 0.382500 0.022334 0.023823
2 0.518906 0.367941 0.013400 0.015882
