8 0.260953 0.091752 0.025515 0.014432
8 0.459858 0.071134 0.015077 0.018556
8 0.460438 0.097938 0.016237 0.026804
8 0.421585 0.106185 0.026675 0.014432
0 0.106701 0.177663 0.020876 0.076288
0 0.289368 0.182817 0.012757 0.045360
0 0.197744 0.180412 0.012757 0.043298
0 0.343415 0.187628 0.012757 0.041237
2 0.358260 0.162886 0.008118 0.020618
2 0.339935 0.152577 0.012757 0.016494
2 0.328337 0.157731 0.012757 0.022680
2 0.313260 0.155670 0.019716 0.026804
2 0.302822 0.161855 0.022036 0.018556
2 0.405232 0.173195 0.013917 0.028865
2 0.495695 0.222680 0.039432 0.061855
2 0.504974 0.227835 0.032474 0.068041
2 0.525850 0.234020 0.051030 0.076288
2 0.573402 0.241237 0.088144 0.115463
2 0.658994 0.257732 0.139175 0.160824
2 0.815683 0.313402 0.257706 0.206185
0 0.901623 0.240206 0.018556 0.043298
0 0.918440 0.244329 0.019716 0.047422
0 0.937577 0.258762 0.030154 0.080412
7 0.209458 0.146391 0.006030 0.016494
7 0.217693 0.128866 0.007654 0.026804
7 0.313028 0.080412 0.008118 0.028865
7 0.496855 0.159793 0.013917 0.022680
2 0.351301 0.162886 0.015077 0.024742
2 0.412770 0.178350 0.024355 0.035051
2 0.312448 0.194845 0.044072 0.068041
2 0.458002 0.215463 0.038273 0.051546
2 0.059149 0.222680 0.118298 0.169072
2 0.962227 0.386747 0.074538 0.242870
