2 0.495088 0.358228 0.026309 0.029763
2 0.422738 0.366200 0.044247 0.052086
2 0.379687 0.358228 0.032288 0.055275
2 0.364739 0.369921 0.040659 0.048897
2 0.349790 0.377362 0.034680 0.063779
2 0.324079 0.374173 0.045442 0.065905
2 0.514222 0.356102 0.021525 0.038267
2 0.524387 0.369921 0.034680 0.057401
2 0.081264 0.439819 0.162528 0.205702
2 0.860306 0.493228 0.276006 0.459212
0 0.798838 0.335905 0.028700 0.106299
0 0.775519 0.340823 0.027504 0.130478
2 0.461860 0.369921 0.052105 0.072283
2 0.243956 0.403937 0.181771 0.178582
1 0.554284 0.372047 0.039463 0.131811
6 0.571624 0.384803 0.047834 0.114803
8 0.408986 0.261496 0.021525 0.012755
8 0.408388 0.271063 0.025113 0.010629
8 0.467583 0.280629 0.009566 0.029763
8 0.547108 0.234921 0.013154 0.027637
8 0.548304 0.268937 0.013154 0.031889
7 0.525067 0.266173 0.009402 0.030614
2 0.012721 0.492590 0.022721 0.133086
