7 0.476681 0.058921 0.015596 0.079717
7 0.362141 0.245218 0.006823 0.039858
7 0.463033 0.063254 0.011697 0.071052
7 0.375788 0.246084 0.010722 0.041591
7 0.249063 0.329268 0.006823 0.031193
7 0.782770 0.250417 0.023395 0.064120
7 0.747677 0.155102 0.023395 0.088382
7 0.403083 0.370860 0.004874 0.013863
7 0.424041 0.374326 0.005848 0.013863
8 0.215919 0.319736 0.022420 0.012130
8 0.220306 0.336200 0.009748 0.013863
8 0.521522 0.281611 0.009748 0.025994
8 0.523959 0.328401 0.014622 0.015596
8 0.605843 0.279011 0.022420 0.017329
8 0.868553 0.356129 0.042891 0.071052
7 0.532582 0.366527 0.009073 0.019062
0 0.959210 0.369993 0.038992 0.081450
0 0.607305 0.409852 0.037042 0.088382
2 0.264172 0.467907 0.177415 0.242618
2 0.909495 0.575353 0.179364 0.395122
2 0.728668 0.513832 0.299266 0.268613
2 0.377738 0.434114 0.075060 0.077984
2 0.411856 0.427182 0.028269 0.064120
4 0.486916 0.408986 0.041916 0.086649
2 0.458647 0.423716 0.012672 0.032926
2 0.449386 0.424582 0.007798 0.024261
2 0.441100 0.423716 0.004874 0.019062
