2 0.423554 0.429781 0.053614 0.062387
2 0.339720 0.435847 0.092606 0.091848
2 0.288055 0.425449 0.026319 0.046790
2 0.211045 0.466174 0.168641 0.142105
2 0.500076 0.427182 0.091631 0.150770
2 0.573674 0.415918 0.018521 0.024261
2 0.592195 0.416784 0.010722 0.019062
2 0.685777 0.417651 0.041916 0.031193
2 0.657507 0.411585 0.016571 0.025994
2 0.735979 0.422849 0.038992 0.041591
2 0.818351 0.429781 0.041916 0.058921
2 0.879764 0.420250 0.098455 0.098780
2 0.976757 0.450577 0.038992 0.076251
8 0.847595 0.358729 0.008773 0.031193
2 0.018521 0.450577 0.033143 0.051989
2 0.122338 0.442779 0.043866 0.046790
2 0.006823 0.506033 0.013647 0.090115
8 0.466445 0.333600 0.032168 0.022528
