2 0.113906 0.529020 0.051233 0.069870
2 0.167946 0.541497 0.107379 0.119778
2 0.236374 0.498451 0.029476 0.043669
2 0.264798 0.504066 0.044214 0.052402
2 0.322348 0.475369 0.017545 0.022458
2 0.336735 0.485351 0.026669 0.032439
2 0.471486 0.497827 0.043513 0.077356
2 0.418498 0.515919 0.091939 0.145979
2 0.727301 0.540249 0.178965 0.159704
8 0.459555 0.368068 0.043513 0.049907
8 0.396390 0.380545 0.081411 0.057393
8 0.450782 0.421095 0.009123 0.018715
8 0.451835 0.436691 0.007018 0.009981
8 0.373932 0.422342 0.011229 0.018715
2 0.351702 0.483746 0.010527 0.034935
2 0.374511 0.469398 0.008421 0.016219
2 0.363984 0.466903 0.009825 0.013724
2 0.607116 0.477508 0.022458 0.027449
2 0.631680 0.478756 0.025265 0.024953
2 0.592678 0.476884 0.012632 0.018715
