7 0.495902 0.336113 0.004367 0.023294
7 0.557363 0.401561 0.006239 0.012202
7 0.491222 0.336667 0.007487 0.024404
7 0.552371 0.401561 0.003743 0.012202
7 0.328053 0.414317 0.008111 0.008874
8 0.227594 0.370501 0.010607 0.016639
8 0.183915 0.389358 0.013103 0.049917
8 0.553931 0.376047 0.011231 0.007764
0 0.196707 0.477547 0.013727 0.062119
0 0.943914 0.428738 0.032446 0.137551
0 0.853126 0.438722 0.031822 0.090961
0 0.900236 0.445932 0.029950 0.129786
2 0.417125 0.437163 0.013103 0.023876
2 0.410652 0.444374 0.008111 0.031641
2 0.342249 0.449075 0.014351 0.018857
2 0.262588 0.469597 0.025582 0.051027
2 0.197383 0.471815 0.031198 0.022185
2 0.195823 0.456840 0.044302 0.023294
2 0.237317 0.481059 0.059901 0.056203
2 0.583726 0.458504 0.030574 0.059901
2 0.553775 0.457949 0.048045 0.123130
2 0.393492 0.443555 0.031198 0.057682
2 0.308632 0.472396 0.076124 0.106491
2 0.479398 0.470146 0.130410 0.195170
2 0.097222 0.550601 0.194445 0.267971
4 0.688186 0.415506 0.180952 0.217419
8 0.628685 0.286829 0.014351 0.011092
