8 0.642575 0.408397 0.022231 0.029121
0 0.234806 0.593528 0.049142 0.203852
2 0.377554 0.554006 0.018721 0.020801
2 0.370534 0.559206 0.011700 0.022881
2 0.360003 0.562327 0.018721 0.033281
2 0.340112 0.560246 0.025741 0.045762
2 0.331922 0.567527 0.028081 0.047842
2 0.306180 0.573767 0.042122 0.072804
2 0.279853 0.580008 0.033932 0.085285
2 0.227785 0.583128 0.095945 0.116486
2 0.439568 0.559206 0.011700 0.022881
2 0.496901 0.565447 0.067864 0.110246
2 0.465310 0.564407 0.018721 0.058243
2 0.406221 0.552966 0.015210 0.018721
2 0.555405 0.597689 0.119347 0.162249
2 0.075865 0.627850 0.151731 0.251695
2 0.840317 0.719376 0.317089 0.538752
