7 0.433591 0.358185 0.022046 0.019596
7 0.393785 0.149153 0.018371 0.093629
7 0.986587 0.349475 0.018371 0.054435
7 0.012873 0.062056 0.025720 0.119758
7 0.052066 0.065322 0.035519 0.126290
7 0.370514 0.150241 0.025720 0.091451
7 0.930247 0.258024 0.018371 0.063145
7 0.911875 0.261290 0.018371 0.056612
7 0.753263 0.354919 0.012247 0.047903
7 0.440940 0.509516 0.002449 0.017419
7 0.500955 0.547621 0.004899 0.019596
7 0.366839 0.525846 0.006123 0.019596
8 0.317847 0.499717 0.033069 0.028306
8 0.159848 0.432217 0.023271 0.037016
8 0.159848 0.396290 0.035519 0.021774
8 0.027570 0.223185 0.055115 0.050080
8 0.886766 0.345121 0.061239 0.063145
8 0.856146 0.444193 0.029395 0.034838
8 0.985363 0.402822 0.020821 0.013064
8 0.965766 0.397379 0.018371 0.010887
8 0.972502 0.415887 0.017147 0.021774
8 0.979239 0.434395 0.025720 0.015241
7 0.966378 0.462701 0.014697 0.023951
7 0.158011 0.488830 0.014697 0.032661
2 0.402971 0.561774 0.019596 0.017419
2 0.415219 0.578104 0.024495 0.037016
2 0.383374 0.585725 0.019596 0.030483
3 0.454413 0.554153 0.048991 0.076209
2 0.487482 0.571572 0.017147 0.032661
2 0.274980 0.707661 0.248634 0.361451
2 0.614249 0.639072 0.246184 0.337500
