2 0.213890 0.441449 0.061593 0.076499
2 0.254390 0.436949 0.026156 0.046499
2 0.375046 0.424949 0.039656 0.064499
2 0.398850 0.419699 0.007951 0.029999
2 0.849656 0.406949 0.028687 0.070499
2 0.316828 0.421821 0.076781 0.112499
2 0.435374 0.430821 0.053999 0.073499
4 0.438870 0.372428 0.035437 0.047999
2 0.118124 0.525749 0.234562 0.323999
2 0.928968 0.410249 0.139218 0.176999
7 0.368537 0.372535 0.010968 0.025500
7 0.414522 0.369535 0.010125 0.022500
8 0.395296 0.371999 0.016031 0.019500
2 0.409663 0.412853 0.015776 0.026177
7 0.787422 0.187292 0.033656 0.061703
7 0.819501 0.186357 0.026294 0.056094
