7 0.472812 0.298124 0.009228 0.032812
7 0.609922 0.279374 0.009228 0.032812
7 0.557187 0.347343 0.009228 0.028124
7 0.615854 0.354374 0.007910 0.023437
8 0.539389 0.340312 0.015820 0.023437
8 0.433921 0.346171 0.013183 0.016406
8 0.374595 0.326249 0.015820 0.014062
2 0.233530 0.409452 0.097558 0.114843
2 0.404258 0.401249 0.064599 0.070312
2 0.504453 0.390702 0.014501 0.025781
2 0.495884 0.393046 0.013183 0.030468
2 0.487973 0.395390 0.010546 0.030468
2 0.478745 0.394218 0.013183 0.028124
2 0.640244 0.394218 0.014501 0.028124
2 0.652109 0.394218 0.014501 0.032812
2 0.675839 0.405937 0.035595 0.060937
2 0.691660 0.415312 0.030322 0.074999
2 0.716709 0.422343 0.040869 0.103124
2 0.462925 0.391874 0.029003 0.037499
2 0.522251 0.394218 0.026367 0.032812
2 0.596738 0.391874 0.027685 0.042187
2 0.555869 0.386015 0.032958 0.044531
2 0.617173 0.389530 0.015820 0.032812
2 0.319883 0.436405 0.127880 0.140624
2 0.062053 0.459843 0.124106 0.346874
3 0.859750 0.370546 0.279491 0.741093
7 0.700403 0.316287 0.012012 0.035084
