8 0.666842 0.370468 0.019118 0.046223
8 0.699152 0.352794 0.026765 0.046223
8 0.699534 0.386782 0.027530 0.024471
7 0.422129 0.397318 0.006117 0.019033
7 0.533780 0.389841 0.006117 0.017673
2 0.416203 0.478889 0.009941 0.039425
2 0.405114 0.478209 0.021412 0.043504
2 0.396320 0.484327 0.019118 0.047583
2 0.371466 0.486367 0.044354 0.062537
2 0.531677 0.465294 0.011470 0.028549
2 0.545059 0.467333 0.012235 0.038066
2 0.555383 0.468013 0.019118 0.047583
2 0.565707 0.471412 0.027530 0.051661
2 0.585590 0.475490 0.035177 0.057099
2 0.611591 0.479569 0.038236 0.073413
2 0.639886 0.483648 0.059648 0.089728
2 0.319914 0.493368 0.070354 0.085649
2 0.246882 0.517839 0.091002 0.104682
2 0.141911 0.548662 0.133062 0.144108
2 0.521735 0.468693 0.027530 0.033987
2 0.465910 0.487046 0.071884 0.114199
2 0.700108 0.498942 0.117003 0.122356
2 0.049284 0.579180 0.098569 0.201208
