8 0.576814 0.461938 0.052691 0.067959
2 0.427212 0.505101 0.009298 0.007346
2 0.416364 0.515203 0.008265 0.012857
2 0.407582 0.520714 0.011364 0.012857
2 0.399317 0.523469 0.009298 0.014693
2 0.460274 0.503265 0.011364 0.007346
2 0.464923 0.512448 0.014464 0.007346
2 0.465439 0.518877 0.017563 0.012857
2 0.471122 0.525306 0.026862 0.011020
2 0.491269 0.535408 0.036160 0.020204
2 0.351998 0.528979 0.021696 0.018367
2 0.332885 0.530816 0.014464 0.018367
2 0.322036 0.532652 0.011364 0.025714
2 0.306022 0.531734 0.016530 0.023877
2 0.288459 0.532652 0.016530 0.025714
2 0.275544 0.530816 0.011364 0.029387
2 0.260047 0.528979 0.019630 0.036734
2 0.088542 0.528061 0.029961 0.038571
2 0.235767 0.530816 0.033061 0.036734
