2 0.358842 0.517235 0.011911 0.015882
2 0.344696 0.525176 0.010422 0.021176
2 0.332040 0.526500 0.014889 0.029117
2 0.317895 0.530470 0.016378 0.031764
2 0.307472 0.533118 0.013400 0.037058
2 0.293327 0.530470 0.017867 0.047647
2 0.276204 0.527823 0.025312 0.068823
2 0.399788 0.525176 0.022334 0.047647
2 0.416167 0.531794 0.028290 0.050294
2 0.429568 0.535765 0.025312 0.063529
2 0.665868 0.498706 0.080404 0.047647
2 0.138474 0.610147 0.276948 0.426176
2 0.484660 0.526765 0.102739 0.137647
2 0.936669 0.808109 0.126562 0.280588
