7 0.412460 0.358815 0.015986 0.063947
7 0.578324 0.388125 0.015986 0.026644
7 0.472910 0.472500 0.006994 0.014210
7 0.524368 0.484046 0.007993 0.015986
8 0.704220 0.389901 0.021981 0.037302
2 0.322034 0.524901 0.018984 0.044407
2 0.388480 0.535559 0.035970 0.058618
2 0.354008 0.534671 0.028976 0.046184
2 0.542853 0.532006 0.024979 0.033749
2 0.499888 0.548881 0.052956 0.081710
2 0.662754 0.571973 0.146879 0.209605
2 0.150675 0.679920 0.299753 0.395159
2 0.452927 0.529342 0.030974 0.042631
2 0.289248 0.530158 0.029626 0.048511
