2 0.123069 0.377792 0.243701 0.341399
2 0.275139 0.386457 0.177415 0.223555
2 0.459865 0.365661 0.024370 0.036392
2 0.445243 0.374326 0.020470 0.050256
2 0.433058 0.376925 0.023395 0.065853
2 0.410150 0.376925 0.038017 0.093581
2 0.397965 0.385590 0.035093 0.107445
2 0.369208 0.399454 0.053614 0.138639
2 0.525177 0.369127 0.016571 0.019062
2 0.544673 0.373459 0.016571 0.038125
2 0.563195 0.385590 0.024370 0.048523
2 0.593414 0.409852 0.043866 0.076251
2 0.625582 0.415051 0.063362 0.103979
2 0.741585 0.476572 0.181314 0.185430
2 0.882444 0.528562 0.231029 0.379525
2 0.498857 0.364794 0.012672 0.019062
8 0.684436 0.232963 0.030219 0.069319
8 0.393944 0.291885 0.016571 0.058921
