7 0.623391 0.365662 0.006034 0.030397
7 0.483083 0.368344 0.007040 0.028609
8 0.687762 0.397847 0.012069 0.012516
2 0.616350 0.458642 0.016092 0.023245
2 0.596235 0.475629 0.024139 0.042913
2 0.574610 0.467582 0.013075 0.026821
2 0.650045 0.459536 0.007040 0.025033
2 0.658594 0.461324 0.012069 0.025033
2 0.667646 0.455066 0.012069 0.008940
2 0.670663 0.477417 0.030173 0.039337
4 0.544939 0.460430 0.022127 0.030397
2 0.493141 0.484569 0.037214 0.032185
2 0.486100 0.462218 0.017098 0.012516
2 0.492135 0.508708 0.039225 0.062582
2 0.717936 0.484569 0.054312 0.089403
2 0.723970 0.493509 0.032185 0.085827
2 0.774763 0.499768 0.099573 0.130529
2 0.636466 0.478311 0.028162 0.033973
2 0.560529 0.503344 0.053307 0.062582
2 0.904447 0.568927 0.189967 0.304610
4 0.247224 0.443443 0.492839 0.883311
