7 0.641423 0.402920 0.007798 0.022528
2 0.652633 0.441046 0.028269 0.053722
2 0.634112 0.453177 0.012672 0.039858
2 0.671642 0.453177 0.029244 0.053722
2 0.681878 0.467907 0.026319 0.055455
2 0.689676 0.477439 0.018521 0.081450
2 0.725257 0.470507 0.074085 0.143838
2 0.775947 0.508633 0.111128 0.171566
3 0.612179 0.454043 0.035093 0.055455
2 0.572212 0.461842 0.025345 0.032926
2 0.591220 0.461842 0.012672 0.029460
2 0.556615 0.462708 0.009748 0.024261
2 0.550279 0.467041 0.008773 0.015596
2 0.541505 0.467907 0.012672 0.024261
2 0.527371 0.471373 0.021445 0.031193
2 0.516160 0.474839 0.014622 0.027727
2 0.501538 0.476572 0.026319 0.041591
2 0.454260 0.494769 0.076035 0.067586
2 0.411368 0.500834 0.033143 0.065853
2 0.375788 0.505167 0.047765 0.071052
2 0.316325 0.512965 0.075060 0.103979
2 0.202272 0.507766 0.158893 0.190629
2 0.063849 0.570154 0.125750 0.194095
2 0.894386 0.524229 0.209583 0.532028
