8 0.507387 0.312805 0.010722 0.029460
7 0.397234 0.289409 0.012672 0.038125
2 0.454747 0.390789 0.024370 0.032926
2 0.489353 0.398588 0.040941 0.055455
2 0.543455 0.436713 0.094556 0.145571
2 0.657020 0.480905 0.241752 0.230487
2 0.421116 0.382124 0.013647 0.019062
2 0.393822 0.387323 0.023395 0.032926
2 0.361166 0.385590 0.022420 0.043324
2 0.333587 0.386457 0.036636 0.051989
2 0.285374 0.391656 0.066774 0.076251
2 0.211045 0.399454 0.094556 0.140372
2 0.088310 0.437580 0.176258 0.171566
0 0.749008 0.391874 0.026367 0.093749
7 0.441831 0.289921 0.007910 0.025781
