7 0.607500 0.260763 0.019184 0.063947
7 0.234207 0.403579 0.006394 0.008526
7 0.783755 0.279236 0.015187 0.061105
7 0.574727 0.330394 0.007993 0.038368
7 0.579123 0.401377 0.010391 0.035665
8 0.572370 0.385815 0.017503 0.009947
8 0.579123 0.363789 0.011990 0.011368
8 0.629082 0.249394 0.023980 0.038368
8 0.667450 0.257210 0.051157 0.036947
8 0.955214 0.303394 0.028776 0.049736
8 0.938827 0.343184 0.053555 0.032684
8 0.769766 0.325421 0.011190 0.017052
8 0.777360 0.341763 0.027976 0.021315
2 0.398472 0.415658 0.015187 0.024157
2 0.389279 0.436263 0.020782 0.017052
2 0.372093 0.432000 0.011990 0.031263
2 0.352509 0.436263 0.023980 0.031263
2 0.383284 0.409263 0.011990 0.022736
2 0.349952 0.410684 0.023980 0.014210
2 0.370335 0.393631 0.010391 0.017052
2 0.407904 0.405000 0.010391 0.017052
2 0.418295 0.392921 0.010391 0.012789
2 0.236845 0.436263 0.019983 0.011368
2 0.207269 0.439815 0.016786 0.012789
2 0.137858 0.443368 0.013324 0.017052
2 0.017105 0.463463 0.034211 0.022336
2 0.268019 0.456158 0.032773 0.042631
2 0.231649 0.471079 0.049559 0.049736
2 0.173697 0.468947 0.064746 0.079578
2 0.092563 0.482447 0.111907 0.109421
2 0.424290 0.490263 0.022381 0.073894
2 0.385522 0.517263 0.085529 0.147789
2 0.804990 0.615315 0.385709 0.531473
2 0.291999 0.589026 0.258187 0.393631
