7 0.235903 0.300674 0.007798 0.029460
7 0.480092 0.340532 0.006823 0.029460
7 0.095531 0.381258 0.011697 0.020795
7 0.244676 0.301540 0.005848 0.027727
7 0.227130 0.299807 0.009748 0.027727
7 0.472781 0.341399 0.005848 0.027727
7 0.484479 0.343132 0.005848 0.027727
7 0.557102 0.412452 0.012672 0.017329
8 0.012672 0.360462 0.007798 0.034659
8 0.100405 0.322336 0.017546 0.013863
8 0.180339 0.296341 0.042891 0.031193
8 0.511286 0.343998 0.008773 0.019062
8 0.556127 0.377792 0.012672 0.013863
8 0.555640 0.344865 0.007798 0.024261
7 0.206171 0.389056 0.012672 0.019062
2 0.392847 0.421116 0.007798 0.010397
2 0.403570 0.421983 0.007798 0.015596
2 0.411856 0.432381 0.010722 0.015596
2 0.422091 0.432381 0.011697 0.019062
2 0.431839 0.432381 0.009748 0.015596
2 0.439638 0.435847 0.007798 0.022528
2 0.446949 0.439313 0.014622 0.019062
2 0.460596 0.441046 0.020470 0.025994
6 0.467420 0.457509 0.020470 0.024261
6 0.470832 0.485237 0.021445 0.041591
0 0.459621 0.486104 0.020470 0.050256
0 0.475706 0.437580 0.011697 0.022528
0 0.497639 0.431514 0.006823 0.024261
0 0.490328 0.437580 0.007798 0.032926
2 0.507387 0.495635 0.075060 0.097047
2 0.795930 0.530295 0.110153 0.117843
0 0.744265 0.466174 0.012672 0.041591
0 0.103329 0.459242 0.007798 0.065853
2 0.378225 0.415918 0.013647 0.020795
2 0.372376 0.422849 0.007798 0.020795
3 0.359704 0.423716 0.021445 0.043324
2 0.358241 0.434114 0.008773 0.036392
2 0.339720 0.417651 0.030219 0.024261
2 0.314862 0.429781 0.027294 0.038125
2 0.290005 0.436713 0.030219 0.038125
2 0.269534 0.436713 0.012672 0.034659
2 0.251013 0.438446 0.030219 0.045057
2 0.341670 0.441046 0.028269 0.029460
2 0.383586 0.442779 0.026319 0.036392
2 0.637036 0.558889 0.240777 0.265147
2 0.073597 0.441046 0.090657 0.039858
0 0.006823 0.454043 0.011697 0.083183
2 0.903646 0.588350 0.189112 0.157702
2 0.862217 0.477439 0.065312 0.039858
2 0.771560 0.460975 0.055564 0.034659
8 0.128674 0.376925 0.003899 0.029460
8 0.232979 0.387323 0.009748 0.043324
5 0.226642 0.448844 0.026319 0.027727
