7 0.182150 0.074605 0.016986 0.071052
7 0.481903 0.174967 0.010990 0.051513
7 0.033772 0.191842 0.009991 0.053289
7 0.673245 0.317072 0.017985 0.030197
7 0.015287 0.245131 0.020982 0.028421
7 0.458922 0.300197 0.006994 0.017763
7 0.168161 0.071940 0.008992 0.062171
7 0.199136 0.076381 0.010990 0.053289
7 0.331027 0.275328 0.010990 0.014210
7 0.320536 0.318848 0.003996 0.019539
7 0.346015 0.288651 0.004995 0.015986
7 0.353509 0.294868 0.007993 0.014210
8 0.248095 0.251348 0.014987 0.030197
8 0.599806 0.205164 0.030974 0.040855
8 0.594810 0.274440 0.014987 0.033750
2 0.347513 0.351710 0.013988 0.028421
2 0.336023 0.350822 0.012989 0.023092
2 0.320536 0.351710 0.023980 0.028421
2 0.292559 0.359703 0.027976 0.044407
2 0.216122 0.405000 0.168861 0.177631
2 0.455924 0.365921 0.020982 0.042631
2 0.520871 0.382796 0.038967 0.047960
4 0.485400 0.335723 0.041965 0.053289
2 0.477407 0.396118 0.053955 0.074605
2 0.405965 0.374802 0.092923 0.174078
2 0.656759 0.477828 0.246796 0.259342
2 0.992982 0.469835 0.013988 0.051513
