8 0.618882 0.204440 0.029626 0.059599
8 0.619272 0.261960 0.027287 0.013860
8 0.571324 0.310472 0.017152 0.016632
8 0.584107 0.355122 0.012474 0.023562
8 0.572208 0.347499 0.011322 0.022176
8 0.415704 0.355815 0.007796 0.013860
8 0.781302 0.143058 0.021050 0.045739
8 0.778740 0.067816 0.016372 0.051283
7 0.811764 0.200183 0.032745 0.074845
7 0.643861 0.341558 0.008576 0.022176
7 0.501131 0.162760 0.012474 0.080390
7 0.486317 0.155830 0.010915 0.047125
2 0.398607 0.430859 0.027287 0.049897
2 0.364303 0.441947 0.047558 0.044353
2 0.157008 0.623023 0.314016 0.469866
2 0.299202 0.458085 0.059253 0.070687
2 0.519397 0.579363 0.286909 0.413038
2 0.258549 0.482835 0.040541 0.040195
