8 0.542636 0.419999 0.009492 0.018749
2 0.349628 0.472499 0.013710 0.016874
2 0.339609 0.466874 0.012656 0.020624
2 0.334863 0.474374 0.009492 0.028124
2 0.325370 0.474374 0.015820 0.028124
2 0.309550 0.477187 0.020039 0.029999
2 0.296367 0.476249 0.010546 0.035624
2 0.290566 0.478124 0.013710 0.046874
2 0.489902 0.466874 0.009492 0.024374
2 0.494120 0.465937 0.011601 0.029999
2 0.507304 0.468749 0.021093 0.035624
2 0.509413 0.473437 0.014765 0.029999
2 0.518378 0.476249 0.013710 0.028124
2 0.532617 0.472499 0.018984 0.050624
2 0.199884 0.469394 0.035859 0.031874
2 0.151895 0.499394 0.079101 0.084374
2 0.475684 0.460019 0.009492 0.016874
2 0.572716 0.469394 0.074882 0.133124
2 0.422423 0.490019 0.097031 0.144374
2 0.240489 0.497519 0.093867 0.099374
2 0.705058 0.444374 0.085429 0.037499
2 0.812636 0.523124 0.152929 0.183749
2 0.727206 0.545624 0.211992 0.194999
2 0.057480 0.504374 0.112851 0.097499
2 0.011058 0.537593 0.015851 0.057312
8 0.962929 0.273749 0.031640 0.033749
