2 0.160442 0.468595 0.187974 0.204219
2 0.272942 0.449186 0.109177 0.138396
2 0.329430 0.442435 0.053164 0.101265
2 0.374050 0.434840 0.051265 0.075949
2 0.421171 0.429354 0.032972 0.053307
2 0.445727 0.423797 0.018037 0.035443
2 0.454746 0.419577 0.009493 0.027004
2 0.499366 0.420421 0.007594 0.028691
2 0.509335 0.428016 0.012341 0.043881
2 0.523575 0.422953 0.021835 0.070886
2 0.537816 0.433923 0.025632 0.052320
2 0.569145 0.443206 0.067405 0.114767
2 0.639778 0.457552 0.118670 0.170464
8 0.717721 0.202194 0.034177 0.060759
8 0.722942 0.244388 0.018037 0.023628
8 0.724366 0.270548 0.020886 0.028691
8 0.544461 0.374683 0.014240 0.013502
2 0.058860 0.518705 0.113924 0.219409
2 0.285759 0.754992 0.009493 0.0
2 0.481518 0.421265 0.011392 0.016877
7 0.441360 0.321181 0.010443 0.021940
7 0.496898 0.329620 0.015189 0.028691
7 0.560601 0.370970 0.008544 0.020253
