0 0.878158 0.452911 0.021756 0.092328
0 0.743408 0.459149 0.009123 0.049907
0 0.966393 0.504390 0.049089 0.090182
0 0.462853 0.674904 0.009123 0.0
0 0.726038 0.453950 0.014738 0.041173
0 0.709896 0.454574 0.013334 0.062384
0 0.702176 0.450207 0.009123 0.043669
0 0.692350 0.482647 0.017545 0.048659
2 0.443904 0.479736 0.020352 0.028696
2 0.457940 0.477864 0.009123 0.027449
2 0.513034 0.467883 0.009825 0.012476
2 0.526017 0.470378 0.016141 0.014972
2 0.643573 0.473705 0.067375 0.092328
2 0.429516 0.461644 0.018247 0.009981
2 0.571987 0.480984 0.089833 0.145979
2 0.482855 0.470378 0.044916 0.082347
2 0.421446 0.485974 0.031582 0.038678
2 0.384600 0.484103 0.033687 0.042421
2 0.322137 0.504066 0.075797 0.077356
4 0.245726 0.499699 0.085447 0.091081
7 0.348807 0.389902 0.007018 0.028696
7 0.527772 0.387407 0.004210 0.023706
7 0.508472 0.444801 0.004912 0.013724
7 0.459695 0.444801 0.004210 0.011229
7 0.517946 0.426085 0.005614 0.013724
7 0.438289 0.427957 0.004912 0.014972
7 0.342841 0.386783 0.004912 0.019963
7 0.522157 0.386159 0.005614 0.018715
8 0.318628 0.389902 0.025265 0.013724
8 0.553038 0.389279 0.019651 0.009981
8 0.531281 0.427957 0.012632 0.009981
8 0.616553 0.381792 0.009123 0.009981
8 0.647784 0.356215 0.025265 0.021210
8 0.423083 0.431076 0.013334 0.011229
8 0.266108 0.392606 0.021756 0.024953
8 0.694280 0.353096 0.029476 0.021210
