2 0.284149 0.557388 0.013917 0.037113
2 0.265592 0.556357 0.030154 0.043298
2 0.241817 0.565635 0.024355 0.074226
2 0.202384 0.565979 0.086984 0.109278
8 0.149613 0.564948 0.016237 0.028865
8 0.148453 0.593814 0.013917 0.024742
0 0.099162 0.584192 0.024355 0.156701
7 0.290528 0.479725 0.008118 0.020618
7 0.303286 0.483848 0.005798 0.016494
7 0.306765 0.494845 0.005798 0.016494
7 0.296327 0.536082 0.008118 0.016494
4 0.336340 0.532646 0.034793 0.078350
2 0.380605 0.545017 0.024355 0.045360
2 0.399742 0.553264 0.016237 0.032989
2 0.413659 0.551202 0.020876 0.037113
2 0.425257 0.565635 0.030154 0.049484
4 0.462564 0.536082 0.056829 0.090721
2 0.357409 0.606872 0.093943 0.131958
2 0.457538 0.586254 0.061469 0.086597
8 0.424098 0.528522 0.006958 0.016494
7 0.397422 0.492439 0.004639 0.018556
7 0.450773 0.279037 0.013917 0.074226
7 0.761404 0.330584 0.015077 0.078350
7 0.774742 0.476976 0.020876 0.032989
8 0.746907 0.389003 0.016237 0.070103
0 0.764884 0.603092 0.022036 0.134020
8 0.554188 0.469759 0.010438 0.026804
0 0.560760 0.564604 0.010438 0.059793
8 0.150239 0.417782 0.037021 0.059693
7 0.245376 0.486660 0.005165 0.026020
