0 0.256741 0.557081 0.011364 0.034897
0 0.240210 0.555244 0.013431 0.034897
0 0.224712 0.557081 0.013431 0.031224
0 0.209215 0.559836 0.013431 0.025714
0 0.193201 0.560754 0.010331 0.034897
0 0.291868 0.549734 0.007232 0.023877
0 0.299617 0.556163 0.010331 0.033061
0 0.307366 0.556163 0.011364 0.029387
0 0.317181 0.550652 0.010331 0.029387
0 0.337844 0.539632 0.012397 0.044081
0 0.558631 0.509326 0.007232 0.020204
0 0.541067 0.523101 0.005165 0.025714
0 0.449632 0.521265 0.008265 0.022040
0 0.465130 0.531367 0.006198 0.027551
0 0.516788 0.529530 0.008265 0.020204
0 0.528669 0.527693 0.007232 0.020204
7 0.683643 0.416571 0.007232 0.029387
2 0.593758 0.540550 0.052691 0.101020
2 0.786960 0.505652 0.081619 0.130408
2 0.796775 0.533203 0.086785 0.174489
2 0.868580 0.561673 0.160140 0.246122
2 0.947823 0.640652 0.101249 0.304897
2 0.666015 0.573979 0.135344 0.189183
