8 0.504453 0.371952 0.022412 0.114843
8 0.366025 0.463359 0.011865 0.039843
2 0.252646 0.509062 0.017138 0.023437
2 0.225620 0.511405 0.013183 0.023437
2 0.213755 0.512577 0.021093 0.030468
2 0.201230 0.509062 0.017138 0.032812
2 0.340317 0.509062 0.010546 0.028124
2 0.348227 0.509062 0.010546 0.028124
2 0.356797 0.511405 0.011865 0.037499
2 0.330430 0.510234 0.011865 0.021093
2 0.320542 0.514921 0.018457 0.030468
2 0.385141 0.524296 0.015820 0.058593
2 0.398984 0.526640 0.030322 0.067968
2 0.431943 0.533671 0.069872 0.105468
4 0.248032 0.486796 0.023730 0.053906
4 0.311313 0.494999 0.023730 0.028124
2 0.540708 0.551249 0.208300 0.248437
2 0.302085 0.518437 0.029003 0.046874
4 0.924350 0.462187 0.097558 0.089062
2 0.803061 0.634452 0.392870 0.358593
