7 0.435317 0.196379 0.020084 0.073110
7 0.621973 0.358186 0.009563 0.051007
7 0.427985 0.400409 0.004781 0.015302
8 0.153500 0.531895 0.029648 0.052707
8 0.611134 0.319930 0.036342 0.028904
8 0.495411 0.226983 0.047819 0.025503
8 0.766707 0.397292 0.017215 0.037405
8 0.229534 0.453400 0.009563 0.017002
8 0.515973 0.423362 0.016258 0.034005
2 0.286917 0.482871 0.026778 0.037405
2 0.254400 0.497323 0.028691 0.039105
2 0.338084 0.465019 0.010520 0.018702
2 0.347170 0.458218 0.011476 0.008501
2 0.441374 0.453117 0.008607 0.018702
2 0.449026 0.453117 0.010520 0.018702
2 0.452373 0.458218 0.007651 0.018702
2 0.459068 0.461618 0.009563 0.028904
2 0.432767 0.452267 0.008607 0.017002
2 0.386382 0.459918 0.015302 0.025503
2 0.428463 0.457367 0.013389 0.020403
2 0.475805 0.466719 0.023909 0.039105
2 0.347648 0.474370 0.021997 0.030604
2 0.328998 0.470119 0.015302 0.025503
2 0.372514 0.459918 0.012433 0.018702
2 0.918040 0.498174 0.117636 0.098614
2 0.954240 0.504124 0.090857 0.115617
5 0.518364 0.501149 0.028691 0.042506
5 0.524581 0.507950 0.027735 0.049307
5 0.529841 0.510500 0.026778 0.051007
5 0.535579 0.514751 0.034430 0.045906
5 0.544187 0.517301 0.040168 0.054408
5 0.548012 0.521552 0.040168 0.059508
5 0.555185 0.528353 0.048776 0.052707
0 0.279266 0.519002 0.024866 0.102015
0 0.709643 0.514751 0.021040 0.093513
0 0.675212 0.511351 0.017215 0.090113
0 0.635522 0.506250 0.018171 0.096914
0 0.626915 0.501149 0.012433 0.103715
0 0.663736 0.500299 0.011476 0.088413
0 0.723032 0.492648 0.019127 0.096914
0 0.784241 0.463743 0.011476 0.045906
0 0.789501 0.485847 0.016258 0.090113
8 0.408379 0.197569 0.013389 0.023803
