8 0.413826 0.286017 0.032761 0.018721
8 0.527323 0.303698 0.025741 0.016640
8 0.493391 0.336980 0.093605 0.058243
8 0.388085 0.332819 0.088925 0.083204
8 0.426697 0.476348 0.030421 0.016640
8 0.493391 0.471148 0.009360 0.014560
8 0.368194 0.447226 0.011700 0.012480
2 0.462969 0.511710 0.009360 0.024961
2 0.454779 0.509630 0.007020 0.029121
2 0.431378 0.50027 0.011700 0.022881
2 0.416752 0.501310 0.022231 0.012480
2 0.381065 0.512750 0.018721 0.027041
2 0.405636 0.514830 0.021061 0.027041
2 0.440738 0.513790 0.021061 0.037442
1 0.471160 0.507550 0.007020 0.024961
6 0.472330 0.527311 0.009360 0.027041
2 0.634970 0.520031 0.231673 0.266255
