7 0.547849 0.518246 0.007197 0.029857
7 0.427885 0.597156 0.007197 0.017061
7 0.554447 0.520378 0.008397 0.029857
7 0.543051 0.521445 0.007197 0.031990
7 0.653418 0.589691 0.011996 0.019194
2 0.516059 0.632345 0.013196 0.027725
2 0.421887 0.614217 0.026392 0.025592
2 0.510660 0.649407 0.019194 0.057582
2 0.527455 0.635544 0.014395 0.025592
3 0.579040 0.623814 0.107967 0.164217
4 0.616229 0.673933 0.100770 0.166350
2 0.664215 0.705923 0.091172 0.149289
2 0.719398 0.769904 0.182345 0.268720
2 0.865755 0.800828 0.266320 0.390284
2 0.453677 0.710189 0.133160 0.200473
4 0.350508 0.600355 0.116365 0.223933
2 0.307321 0.674999 0.135559 0.194075
2 0.227544 0.736847 0.206338 0.228198
2 0.087980 0.780568 0.175960 0.426540
