8 0.530454 0.366113 0.020393 0.029857
8 0.516059 0.378554 0.017994 0.031990
8 0.489667 0.397499 0.013196 0.032812
8 0.314119 0.397748 0.018794 0.023459
8 0.313319 0.366824 0.013196 0.017061
8 0.236542 0.341232 0.025192 0.042654
8 0.236542 0.391350 0.017994 0.036255
8 0.705003 0.285781 0.028791 0.017061
8 0.703203 0.319905 0.027591 0.017061
0 0.670813 0.481990 0.029991 0.102369
2 0.567643 0.473459 0.147556 0.132227
2 0.416782 0.460663 0.015820 0.021326
2 0.443480 0.447867 0.038388 0.059715
2 0.461475 0.467061 0.047985 0.072511
0 0.217947 0.464928 0.019194 0.059715
7 0.552048 0.239928 0.010796 0.053317
7 0.097383 0.038388 0.025192 0.076777
7 0.128574 0.051184 0.020393 0.102369
8 0.516977 0.409218 0.010546 0.028124
8 0.013274 0.274687 0.026548 0.023437
