7 0.636948 0.401249 0.018457 0.074999
7 0.886118 0.623905 0.026367 0.042187
7 0.310654 0.738749 0.032958 0.046874
7 0.157725 0.216093 0.038232 0.135937
7 0.203867 0.220781 0.035595 0.131249
7 0.204526 0.293437 0.018457 0.042187
7 0.660678 0.398905 0.023730 0.074999
8 0.332407 0.689530 0.036914 0.028124
8 0.347568 0.637968 0.011865 0.042187
8 0.337681 0.648515 0.015820 0.030468
8 0.317246 0.661405 0.019775 0.023437
8 0.847971 0.534068 0.044653 0.029674
0 0.188116 0.895664 0.030183 0.093981
2 0.634970 0.789140 0.025048 0.044531
2 0.608603 0.802030 0.038232 0.093749
2 0.698911 0.775077 0.021093 0.039843
2 0.718686 0.778593 0.034277 0.046874
2 0.679135 0.773905 0.015820 0.028124
4 0.659360 0.770390 0.026367 0.049218
2 0.568393 0.818436 0.076464 0.107812
2 0.772739 0.777421 0.081738 0.119531
5 0.830747 0.783280 0.026367 0.056249
