8 0.153456 0.385312 0.026367 0.050624
8 0.150820 0.428437 0.035859 0.039374
8 0.155711 0.458812 0.022148 0.020624
8 0.368085 0.478749 0.023203 0.056249
8 0.361757 0.443124 0.008437 0.011249
8 0.219374 0.519062 0.008437 0.013124
8 0.226230 0.502187 0.011601 0.016874
8 0.184042 0.501249 0.015820 0.026249
8 0.184570 0.513437 0.010546 0.016874
8 0.237831 0.525624 0.015820 0.022499
8 0.228867 0.530312 0.006328 0.024374
8 0.466699 0.477812 0.009492 0.013124
8 0.459843 0.464687 0.008437 0.009374
2 0.262617 0.559374 0.018984 0.026249
2 0.286347 0.558437 0.020039 0.035624
2 0.529452 0.524687 0.044296 0.043124
2 0.187734 0.597812 0.086484 0.114374
2 0.236777 0.574374 0.039023 0.067499
2 0.284765 0.555624 0.014765 0.029999
2 0.273163 0.564062 0.006328 0.031874
2 0.320964 0.549999 0.051304 0.071249
2 0.468281 0.647499 0.156093 0.243749
2 0.044296 0.638124 0.088593 0.157499
