7 0.208366 0.364484 0.012318 0.021900
7 0.166569 0.387166 0.014958 0.017207
7 0.356633 0.401245 0.011439 0.020336
7 0.417348 0.371523 0.009679 0.017207
7 0.119493 0.454432 0.015838 0.020336
7 0.473663 0.430967 0.011439 0.023464
8 0.859070 0.059443 0.065994 0.112630
8 0.864350 0.180677 0.073033 0.117323
8 0.929024 0.087601 0.059834 0.081344
8 0.428347 0.425492 0.017598 0.025028
8 0.378631 0.400463 0.020238 0.018771
7 0.239603 0.342584 0.013198 0.025028
7 0.262481 0.373870 0.016718 0.028157
2 0.417634 0.488623 0.012318 0.023464
2 0.449751 0.489405 0.058954 0.075086
2 0.486708 0.519909 0.088872 0.111066
2 0.355599 0.542592 0.139908 0.206489
2 0.731893 0.626282 0.364288 0.339455
0 0.985311 0.564545 0.026397 0.203254
2 0.286714 0.493316 0.023757 0.042236
2 0.271755 0.492534 0.016718 0.043800
2 0.251077 0.487059 0.028157 0.045365
2 0.218519 0.488623 0.033437 0.045365
2 0.191682 0.491752 0.051915 0.061008
2 0.161324 0.492534 0.040476 0.059443
2 0.110289 0.496445 0.063354 0.064136
4 0.038575 0.370518 0.076553 0.387949
0 0.566976 0.491138 0.018019 0.083898
0 0.547241 0.495714 0.018019 0.080847
