7 0.599868 0.343220 0.007020 0.045762
8 0.224860 0.422265 0.012870 0.029121
8 0.344792 0.451387 0.011700 0.020801
8 0.642575 0.427465 0.010530 0.052003
8 0.723895 0.470108 0.021061 0.033281
8 0.728575 0.423305 0.009360 0.022881
8 0.739106 0.426425 0.014040 0.020801
8 0.627364 0.430585 0.012870 0.020801
7 0.565936 0.421225 0.007020 0.031201
7 0.653106 0.439946 0.008190 0.022881
7 0.660711 0.440986 0.007020 0.016640
2 0.853188 0.455547 0.019891 0.016640
2 0.824521 0.456587 0.018721 0.018721
2 0.699324 0.471148 0.028081 0.039522
2 0.676507 0.470108 0.033932 0.033281
2 0.663636 0.481548 0.038612 0.031201
2 0.600453 0.492989 0.017551 0.037442
2 0.615664 0.495069 0.026911 0.045762
2 0.632630 0.501310 0.044462 0.058243
3 0.795854 0.447226 0.054993 0.045762
3 0.759582 0.458667 0.085415 0.052003
3 0.667732 0.463867 0.042122 0.045762
3 0.599283 0.465947 0.078394 0.058243
2 0.447173 0.607396 0.312408 0.486749
2 0.309105 0.482588 0.026911 0.016640
2 0.830371 0.451387 0.021061 0.024961
8 0.610398 0.350501 0.009360 0.014560
7 0.094276 0.337611 0.011192 0.036734
7 0.140338 0.353683 0.008609 0.035204
