8 0.091631 0.503434 0.085783 0.043324
8 0.116002 0.586617 0.163767 0.136906
8 0.431352 0.478305 0.057513 0.034659
8 0.365552 0.554557 0.208608 0.117843
8 0.367502 0.631675 0.138422 0.029460
8 0.564901 0.725257 0.034118 0.081450
8 0.375301 0.822304 0.023395 0.036392
8 0.375788 0.852631 0.014622 0.020795
8 0.341182 0.824904 0.042891 0.027727
8 0.518597 0.798909 0.021445 0.017329
8 0.516160 0.829236 0.016571 0.039858
8 0.172540 0.830103 0.027294 0.031193
8 0.135010 0.833569 0.014622 0.020795
2 0.175465 0.901155 0.027294 0.034659
2 0.466445 0.866495 0.030219 0.038125
2 0.208608 0.875160 0.023395 0.034659
2 0.038504 0.916752 0.041916 0.038125
