7 0.802972 0.452249 0.010546 0.014999
7 0.754984 0.454124 0.009492 0.014999
7 0.445981 0.485223 0.004218 0.020624
7 0.466021 0.467410 0.014765 0.007499
7 0.508735 0.466473 0.013710 0.009374
7 0.563052 0.481473 0.006328 0.028124
7 0.550923 0.499285 0.005273 0.018749
8 0.408712 0.513456 0.010546 0.037499
8 0.537911 0.504081 0.011601 0.026249
8 0.709825 0.505019 0.011601 0.043124
8 0.861173 0.493769 0.014765 0.035624
8 0.700860 0.390644 0.021093 0.084374
8 0.805274 0.505956 0.014765 0.014999
8 0.523912 0.498456 0.017929 0.029999
0 0.643907 0.561269 0.014765 0.114374
0 0.636524 0.565019 0.010546 0.106874
0 0.690841 0.562206 0.026367 0.119999
0 0.862755 0.578144 0.013710 0.099374
0 0.858536 0.578144 0.017929 0.121874
0 0.787344 0.568769 0.029531 0.129374
0 0.601192 0.595956 0.062226 0.281249
0 0.393946 0.609081 0.052734 0.269999
2 0.566894 0.549062 0.022148 0.024374
2 0.574804 0.571562 0.021093 0.028124
3 0.292148 0.563124 0.160312 0.179999
2 0.858008 0.562206 0.092812 0.101249
2 0.782598 0.554706 0.072773 0.082499
3 0.744630 0.541581 0.036914 0.056249
0 0.728282 0.578144 0.006328 0.076874
2 0.516817 0.554706 0.053789 0.029999
2 0.492032 0.633456 0.168749 0.239999
2 0.151368 0.673769 0.301640 0.579374
