7 0.754889 0.456053 0.006006 0.038135
7 0.746738 0.457579 0.012012 0.047288
7 0.600011 0.367579 0.017161 0.053389
7 0.757892 0.524697 0.010296 0.028983
7 0.805943 0.543003 0.008580 0.025932
7 0.222898 0.330206 0.016302 0.061016
8 0.941086 0.505630 0.033463 0.024406
8 0.426685 0.459104 0.025741 0.044237
8 0.670800 0.583426 0.007722 0.024406
2 0.726858 0.612409 0.020304 0.033559
2 0.705980 0.612409 0.028315 0.042711
2 0.708554 0.583352 0.033463 0.042860
2 0.762183 0.633765 0.082372 0.161694
2 0.651923 0.553681 0.030031 0.065593
8 0.504338 0.498765 0.023167 0.028983
2 0.878877 0.671138 0.238538 0.291355
2 0.519354 0.740545 0.410148 0.472881
2 0.736327 0.582560 0.017755 0.026708
