8 0.431173 0.127346 0.049591 0.033061
8 0.283431 0.116326 0.051658 0.036734
8 0.403277 0.174183 0.126045 0.071632
8 0.283431 0.173265 0.107448 0.084489
8 0.560835 0.241530 0.019630 0.023877
8 0.332506 0.322346 0.011364 0.023877
8 0.306160 0.298469 0.014464 0.020204
0 0.019974 0.280408 0.012397 0.029387
2 0.059234 0.385408 0.086785 0.053265
2 0.163067 0.375306 0.058890 0.051428
2 0.211109 0.393673 0.068188 0.091836
8 0.195612 0.330612 0.014464 0.025714
2 0.392946 0.371326 0.014464 0.031224
2 0.378482 0.375918 0.026862 0.044081
2 0.439955 0.374081 0.019630 0.025714
2 0.011020 0.462244 0.022040 0.113877
2 0.360401 0.382346 0.032028 0.045918
2 0.419808 0.382346 0.030994 0.049591
2 0.273788 0.404387 0.097117 0.123061
2 0.832385 0.356632 0.212831 0.148775
4 0.489030 0.371326 0.012397 0.020204
2 0.507110 0.376530 0.019630 0.018367
0 0.168531 0.185362 0.014426 0.053626
0 0.685535 0.230829 0.011803 0.023316
