7 0.447745 0.349811 0.012895 0.030566
7 0.383269 0.458915 0.010029 0.022924
7 0.177665 0.365943 0.014327 0.035660
7 0.075221 0.486934 0.015760 0.022924
7 0.635201 0.427075 0.011462 0.025471
7 0.617291 0.430896 0.012895 0.022924
7 0.945398 0.317971 0.015760 0.038207
2 0.159039 0.578632 0.068773 0.206320
2 0.426253 0.535330 0.073071 0.099339
2 0.517235 0.530660 0.140412 0.224151
2 0.730003 0.548491 0.224947 0.198679
2 0.938951 0.488632 0.117488 0.277641
2 0.016817 0.806179 0.031521 0.185943
2 0.293004 0.598585 0.250737 0.425377
7 0.535861 0.333679 0.025790 0.025471
7 0.061609 0.517925 0.014327 0.025471
2 0.436999 0.460613 0.008596 0.022924
0 0.040465 0.594754 0.018941 0.085714
0 0.017219 0.613887 0.020663 0.087244
