8 0.321314 0.450623 0.026294 0.039265
0 0.324469 0.567486 0.043122 0.175761
2 0.201939 0.521676 0.018931 0.029916
2 0.188266 0.530090 0.031552 0.035526
2 0.422284 0.519806 0.028397 0.048614
2 0.266096 0.520741 0.088348 0.151454
2 0.081511 0.545983 0.032604 0.048614
2 0.059424 0.546918 0.036811 0.054224
2 0.029664 0.555036 0.048810 0.066720
2 0.005258 0.548165 0.010517 0.117797
2 0.151454 0.547541 0.052588 0.080401
2 0.250846 0.565304 0.076778 0.097229
2 0.618510 0.616101 0.408229 0.405748
8 0.105702 0.528532 0.011569 0.022437
