8 0.229822 0.256948 0.033690 0.021752
8 0.131533 0.289577 0.020647 0.019033
8 0.794552 0.319486 0.013000 0.016314
7 0.123885 0.363670 0.022177 0.036706
7 0.259285 0.283558 0.013000 0.048942
7 0.246284 0.284238 0.013000 0.047583
7 0.574353 0.365129 0.014529 0.032628
8 0.604177 0.360371 0.013000 0.020392
8 0.412049 0.447238 0.010706 0.017673
2 0.586192 0.474471 0.009176 0.024471
2 0.521190 0.489425 0.058119 0.116918
2 0.861769 0.513439 0.141425 0.154456
0 0.958864 0.446558 0.025236 0.048942
2 0.937574 0.537062 0.123121 0.187613
7 0.801705 0.361404 0.018353 0.036706
1 0.558776 0.494768 0.054859 0.186642
5 0.560788 0.529921 0.055825 0.161782
2 0.781187 0.458889 0.041295 0.053021
7 0.778665 0.239981 0.014789 0.053021
8 0.796889 0.210824 0.013000 0.033987
2 0.421226 0.486691 0.027530 0.030966
2 0.473609 0.487220 0.019118 0.021752
2 0.616475 0.471208 0.053530 0.067975
2 0.648594 0.486163 0.016824 0.027190
2 0.723760 0.519820 0.174357 0.188972
7 0.530444 0.387326 0.013000 0.036706
