8 0.355957 0.371319 0.051899 0.031564
8 0.627748 0.333684 0.019120 0.038848
8 0.478194 0.383459 0.012292 0.016996
8 0.237134 0.320330 0.027315 0.016996
8 0.245328 0.343396 0.040973 0.033992
2 0.537606 0.389530 0.010926 0.014568
2 0.521217 0.389530 0.019120 0.014568
2 0.374395 0.416238 0.012292 0.033992
2 0.333421 0.415024 0.015023 0.026708
2 0.307471 0.408954 0.012292 0.014568
2 0.293131 0.407740 0.013657 0.021852
2 0.279473 0.407740 0.013657 0.012140
2 0.248743 0.402884 0.012292 0.021852
2 0.262401 0.407740 0.020486 0.021852
2 0.187283 0.406526 0.020486 0.024280
2 0.234402 0.408954 0.010926 0.024280
2 0.353908 0.423522 0.036876 0.058273
2 0.390784 0.418666 0.015023 0.024280
2 0.435855 0.421094 0.023218 0.033992
2 0.472731 0.432021 0.036876 0.041277
2 0.525997 0.445375 0.069654 0.097122
2 0.073240 0.359179 0.139309 0.046133
2 0.116518 0.519431 0.233036 0.288939
