8 0.430915 0.420870 0.035299 0.022959
8 0.519164 0.394085 0.036160 0.021428
8 0.517012 0.447656 0.092123 0.085714
8 0.430484 0.457605 0.082653 0.062755
8 0.620759 0.409391 0.039604 0.021428
8 0.620705 0.447092 0.060267 0.053571
8 0.713690 0.427194 0.037882 0.019897
8 0.714981 0.450918 0.076626 0.030612
8 0.786872 0.469285 0.032716 0.042857
8 0.789024 0.515204 0.026690 0.045918
8 0.789885 0.549643 0.016358 0.026020
8 0.978551 0.480665 0.038625 0.093166
8 0.727088 0.539388 0.009470 0.015306
8 0.726486 0.554081 0.020663 0.021428
2 0.447015 0.601990 0.043048 0.038265
2 0.407410 0.607347 0.027551 0.036734
2 0.358335 0.615765 0.079209 0.087244
2 0.199863 0.642245 0.251403 0.257142
2 0.622222 0.595255 0.006026 0.013775
2 0.617918 0.597551 0.009470 0.018367
2 0.614474 0.599847 0.011192 0.022959
2 0.611891 0.605204 0.011192 0.027551
2 0.598976 0.608265 0.028412 0.042857
2 0.632124 0.591428 0.015497 0.033673
2 0.632554 0.601377 0.016358 0.026020
2 0.645038 0.618214 0.041326 0.059693
2 0.688948 0.640408 0.079209 0.119387
2 0.741036 0.583775 0.038743 0.021428
2 0.815854 0.679439 0.239349 0.218877
2 0.989055 0.707938 0.018080 0.123979
2 0.527200 0.634183 0.151530 0.290816
