4 0.544956 0.435826 0.020329 0.038267
4 0.566003 0.436889 0.009327 0.057401
4 0.573657 0.432637 0.017937 0.074409
4 0.613838 0.414567 0.079166 0.157322
4 0.356846 0.463464 0.035875 0.046771
4 0.307816 0.466653 0.050226 0.065905
4 0.401691 0.458149 0.053813 0.082913
2 0.368685 0.468779 0.020329 0.036141
2 0.459571 0.456023 0.013154 0.031889
2 0.443427 0.454960 0.028700 0.046771
2 0.507645 0.441141 0.008371 0.027637
2 0.503459 0.441141 0.009566 0.040393
2 0.558947 0.442204 0.011958 0.021259
2 0.533834 0.448582 0.023917 0.034015
2 0.631716 0.452303 0.083710 0.129685
3 0.479572 0.441407 0.040121 0.070688
8 0.199709 0.413504 0.019133 0.040393
0 0.747894 0.427322 0.019133 0.072283
0 0.789750 0.417756 0.019133 0.082913
0 0.975109 0.417756 0.038267 0.189212
0 0.881831 0.433700 0.043051 0.229606
0 0.915914 0.443267 0.075339 0.244488
0 0.993423 0.436738 0.009566 0.255118
8 0.895464 0.088228 0.035875 0.082913
8 0.861980 0.088228 0.026309 0.048897
8 0.873341 0.028700 0.039463 0.057401
7 0.510993 0.410315 0.005979 0.017007
