2 0.292929 0.507766 0.192037 0.211424
2 0.592195 0.485237 0.075060 0.131707
2 0.870727 0.524024 0.149671 0.226610
2 0.034605 0.447111 0.069211 0.097047
2 0.968958 0.514698 0.060438 0.090115
2 0.158406 0.451444 0.116002 0.098780
2 0.051177 0.418517 0.086757 0.084916
2 0.518597 0.470507 0.042891 0.060654
2 0.712584 0.486970 0.044841 0.058921
3 0.659457 0.463575 0.039967 0.074518
2 0.692113 0.481771 0.025345 0.051989
2 0.686752 0.467041 0.018521 0.025994
2 0.636062 0.464441 0.016571 0.024261
2 0.623877 0.460109 0.009748 0.022528
2 0.537606 0.468774 0.012672 0.043324
2 0.548329 0.471373 0.014622 0.048523
2 0.560514 0.465308 0.013647 0.036392
8 0.343132 0.232220 0.019496 0.024261
8 0.336796 0.256482 0.024370 0.020795
8 0.349468 0.302407 0.030219 0.025994
8 0.794955 0.408986 0.024370 0.013863
8 0.886587 0.334467 0.016571 0.024261
8 0.797880 0.374326 0.010722 0.020795
8 0.340207 0.359595 0.017546 0.012130
8 0.710147 0.413318 0.008773 0.012130
8 0.715021 0.429781 0.008773 0.010397
8 0.714534 0.439313 0.009748 0.012130
8 0.992354 0.312805 0.013647 0.029460
