7 0.561776 0.244396 0.016114 0.062665
7 0.398118 0.170988 0.025178 0.076989
7 0.386032 0.184416 0.021149 0.075198
7 0.197699 0.307957 0.021149 0.060875
7 0.189138 0.418070 0.024171 0.030437
7 0.851326 0.444031 0.015106 0.032228
7 0.835211 0.446717 0.011078 0.030437
7 0.986281 0.039389 0.025178 0.071618
7 0.944988 0.054608 0.041292 0.102055
0 0.089936 0.542506 0.025178 0.103846
0 0.080368 0.531764 0.014099 0.082360
0 0.062744 0.541611 0.021149 0.091313
0 0.421785 0.560411 0.022156 0.100265
3 0.510412 0.533554 0.012085 0.028647
4 0.527534 0.519230 0.014099 0.014323
2 0.527534 0.532659 0.010071 0.016114
2 0.535591 0.544297 0.014099 0.021485
2 0.588465 0.543401 0.035249 0.048342
2 0.598033 0.554144 0.042299 0.044761
2 0.622204 0.560411 0.022156 0.064456
2 0.670546 0.562201 0.086613 0.114588
2 0.490270 0.539821 0.014099 0.030437
8 0.446460 0.506697 0.007049 0.017904
8 0.374450 0.487002 0.026185 0.021485
8 0.345243 0.469098 0.006042 0.014323
8 0.203238 0.360775 0.026185 0.023275
8 0.086915 0.353614 0.043306 0.026856
8 0.560769 0.495955 0.012085 0.010742
8 0.047133 0.077884 0.092655 0.087732
8 0.038420 0.017009 0.075229 0.030437
0 0.129718 0.546982 0.022156 0.051923
7 0.554726 0.520126 0.012085 0.012533
7 0.521491 0.494164 0.004028 0.014323
7 0.537605 0.469098 0.006042 0.014323
7 0.484731 0.475364 0.005035 0.016114
0 0.747088 0.567573 0.016114 0.075198
