7 0.498664 0.452843 0.004798 0.025592
7 0.553848 0.396326 0.009597 0.040521
7 0.444680 0.481634 0.007197 0.031990
8 0.117177 0.209715 0.062381 0.093838
8 0.118377 0.121208 0.064780 0.100236
2 0.461969 0.553747 0.035002 0.065316
4 0.569084 0.535303 0.059263 0.088142
2 0.518458 0.599999 0.101969 0.174881
4 0.729233 0.536958 0.181933 0.300457
2 0.291126 0.536018 0.040787 0.029857
4 0.355906 0.528554 0.088773 0.066113
0 0.244339 0.537084 0.009597 0.036255
0 0.226945 0.534952 0.008397 0.036255
7 0.252737 0.489099 0.007197 0.029857
2 0.168762 0.540283 0.033590 0.038388
2 0.427885 0.544549 0.021593 0.029857
8 0.961726 0.339810 0.043187 0.089573
7 0.418760 0.464530 0.009228 0.046874
7 0.370639 0.445780 0.007910 0.032812
7 0.406235 0.405937 0.010546 0.042187
7 0.201890 0.418827 0.007910 0.025781
7 0.211777 0.419999 0.009228 0.032812
