2 0.471628 0.609483 0.005738 0.010201
2 0.449950 0.608349 0.005738 0.017002
2 0.441980 0.610050 0.010201 0.015869
2 0.434010 0.615150 0.009563 0.014735
2 0.426996 0.616284 0.004463 0.012468
2 0.421258 0.616284 0.007013 0.017002
2 0.413288 0.615717 0.010201 0.020403
2 0.407231 0.620818 0.009563 0.017002
2 0.399580 0.621951 0.007013 0.019269
2 0.388741 0.623085 0.015939 0.021536
2 0.370251 0.623652 0.019765 0.029471
2 0.352079 0.631586 0.017852 0.024937
2 0.311273 0.616284 0.020403 0.012468
2 0.303057 0.628639 0.025358 0.028110
2 0.285769 0.631019 0.034430 0.026070
2 0.218184 0.629319 0.031879 0.020403
2 0.177059 0.643488 0.068222 0.044206
2 0.030285 0.651422 0.033792 0.026070
2 0.046863 0.642354 0.023590 0.021536
2 0.015302 0.700730 0.030604 0.086146
2 0.461618 0.610956 0.011476 0.017002
2 0.666286 0.667065 0.067584 0.131486
2 0.732489 0.689168 0.116679 0.185894
2 0.955140 0.851634 0.088363 0.272791
4 0.522508 0.600755 0.075236 0.107682
2 0.257542 0.635327 0.050369 0.035138
2 0.277945 0.624559 0.022315 0.013602
2 0.080610 0.644395 0.010201 0.037405
2 0.478450 0.623992 0.015302 0.035138
2 0.475900 0.614357 0.008926 0.013602
8 0.698484 0.304911 0.012751 0.022670
8 0.701034 0.330415 0.012751 0.021536
8 0.696890 0.362153 0.018490 0.051007
8 0.616553 0.523110 0.008288 0.020403
8 0.691789 0.530478 0.009563 0.041939
8 0.720481 0.504974 0.017215 0.009068
2 0.861283 0.745843 0.245473 0.285642
0 0.925503 0.585208 0.016840 0.032661
