2 0.465895 0.367835 0.010530 0.022881
2 0.451854 0.374075 0.012870 0.018721
2 0.431963 0.373035 0.017551 0.020801
2 0.327241 0.378236 0.042122 0.047842
2 0.286289 0.379276 0.039782 0.041602
2 0.177472 0.395917 0.074884 0.058243
4 0.143540 0.354314 0.095945 0.116486
3 0.524983 0.328313 0.058503 0.043682
2 0.520303 0.358474 0.095945 0.049922
2 0.606303 0.369915 0.052653 0.039522
2 0.633800 0.389676 0.042122 0.045762
2 0.663051 0.395917 0.067864 0.108166
2 0.751977 0.363675 0.091265 0.068644
2 0.820426 0.404237 0.069034 0.070724
2 0.723895 0.465601 0.156789 0.180970
2 0.868984 0.533205 0.259755 0.486749
2 0.520888 0.535285 0.319429 0.374422
3 0.914617 0.258628 0.168490 0.282896
4 0.349473 0.363675 0.049142 0.047842
