7 0.468414 0.390789 0.007993 0.035526
7 0.392976 0.389901 0.008992 0.030197
7 0.455924 0.434309 0.006994 0.023092
7 0.495392 0.431644 0.007993 0.024868
7 0.505384 0.450296 0.003996 0.015986
8 0.590314 0.315296 0.021981 0.037302
2 0.507382 0.475164 0.025978 0.026644
2 0.488398 0.500921 0.079934 0.042631
2 0.426449 0.485822 0.043963 0.051513
2 0.345016 0.506250 0.022981 0.039078
2 0.328529 0.508914 0.023980 0.044407
2 0.298554 0.508026 0.039967 0.063947
2 0.262583 0.520460 0.049958 0.060394
2 0.203132 0.534671 0.076936 0.078157
2 0.060350 0.556875 0.120700 0.140328
2 0.475908 0.693651 0.470612 0.353486
8 0.321129 0.413810 0.017755 0.014568
