8 0.501084 0.309183 0.078348 0.085714
8 0.422736 0.306887 0.068016 0.087244
8 0.450717 0.423214 0.018941 0.022959
8 0.566948 0.456122 0.017219 0.030612
8 0.363329 0.456887 0.019802 0.032142
8 0.287563 0.413265 0.009470 0.021428
2 0.298960 0.427041 0.021524 0.024489
2 0.336413 0.442347 0.025829 0.024489
2 0.364825 0.496224 0.034438 0.030612
2 0.650893 0.479081 0.030994 0.027551
2 0.690067 0.499745 0.021524 0.022959
2 0.612579 0.480612 0.023246 0.018367
2 0.628077 0.482908 0.019802 0.019897
2 0.588903 0.473724 0.015497 0.016836
2 0.551020 0.467602 0.024107 0.026020
2 0.519164 0.459949 0.025829 0.026020
2 0.493766 0.454592 0.021524 0.018367
2 0.465784 0.450000 0.022385 0.015306
2 0.445121 0.449234 0.017219 0.010714
2 0.421875 0.443112 0.025829 0.013775
2 0.395185 0.441581 0.020663 0.013775
2 0.980682 0.542850 0.033105 0.027551
2 0.956967 0.540306 0.018941 0.021428
2 0.940178 0.538010 0.016358 0.019897
2 0.915641 0.532653 0.025829 0.021428
2 0.714604 0.517347 0.018080 0.012244
2 0.412835 0.518112 0.034438 0.047449
2 0.381409 0.439285 0.012914 0.021428
8 0.504528 0.365816 0.062850 0.024489
8 0.420583 0.364285 0.056824 0.024489
