7 0.505112 0.360234 0.007910 0.021093
7 0.434580 0.346171 0.006591 0.021093
7 0.138608 0.354374 0.007910 0.018749
7 0.131357 0.355546 0.006591 0.025781
8 0.085874 0.368437 0.034277 0.014062
8 0.301426 0.383671 0.009228 0.025781
8 0.640903 0.274687 0.018457 0.046874
8 0.555869 0.359062 0.009228 0.046874
1 0.364048 0.430546 0.013183 0.025781
5 0.362729 0.445780 0.007910 0.023437
0 0.344272 0.435234 0.010546 0.035156
0 0.334385 0.442265 0.009228 0.039843
8 0.340976 0.389530 0.011865 0.018749
2 0.197275 0.450468 0.032958 0.028124
2 0.161680 0.452812 0.038232 0.023437
2 0.389097 0.448124 0.044824 0.079687
2 0.521201 0.437710 0.026904 0.072920
2 0.540049 0.445780 0.051415 0.084374
2 0.590146 0.449296 0.069872 0.142968
2 0.715390 0.451640 0.241259 0.274218
2 0.447104 0.452812 0.071191 0.117187
2 0.275059 0.486796 0.167431 0.232031
2 0.892709 0.544218 0.213574 0.403124
3 0.026457 0.444609 0.052915 0.072656
8 0.468673 0.350473 0.026392 0.012796
