8 0.124288 0.395988 0.018521 0.036392
8 0.283669 0.348331 0.029244 0.017329
8 0.281719 0.382991 0.017546 0.051989
8 0.273921 0.309339 0.021445 0.015596
8 0.287568 0.237419 0.031193 0.058921
8 0.372864 0.248684 0.071160 0.032926
8 0.398209 0.416784 0.018521 0.039858
8 0.807140 0.418517 0.058488 0.032926
7 0.350443 0.429781 0.014622 0.027727
7 0.468395 0.239152 0.010722 0.069319
7 0.448899 0.240019 0.018521 0.077984
7 0.266122 0.408119 0.017546 0.036392
0 0.231516 0.532028 0.022420 0.114377
0 0.342157 0.509499 0.009748 0.055455
1 0.334846 0.532894 0.020470 0.098780
5 0.335821 0.551957 0.018521 0.067586
2 0.068236 0.506033 0.124775 0.093581
4 0.193011 0.441912 0.116976 0.128241
2 0.264660 0.487837 0.020470 0.032926
2 0.329972 0.506033 0.069211 0.058921
4 0.310963 0.486104 0.052639 0.074518
4 0.045815 0.473973 0.091631 0.091848
2 0.393334 0.510366 0.026319 0.053722
2 0.416730 0.511232 0.028269 0.038125
2 0.437201 0.510366 0.014622 0.039858
2 0.463033 0.505167 0.009748 0.029460
2 0.477655 0.503434 0.015596 0.029460
2 0.515185 0.516431 0.049715 0.069319
2 0.541018 0.521630 0.009748 0.048523
2 0.543942 0.511232 0.021445 0.051989
2 0.556615 0.510366 0.011697 0.039858
2 0.585859 0.521630 0.044841 0.076251
2 0.657507 0.533761 0.047765 0.076251
2 0.762299 0.555423 0.077984 0.074518
2 0.630213 0.525096 0.024370 0.034659
2 0.610717 0.513832 0.016571 0.032926
2 0.706735 0.527695 0.044841 0.060654
2 0.982606 0.575353 0.033143 0.117843
4 0.938739 0.567554 0.076035 0.091848
4 0.848570 0.534627 0.108203 0.150770
