8 0.332838 0.581873 0.022177 0.040785
8 0.497254 0.596827 0.020647 0.027190
0 0.409948 0.643051 0.006882 0.024471
2 0.405742 0.644410 0.013765 0.027190
2 0.429449 0.637613 0.044354 0.032628
2 0.456979 0.649169 0.018353 0.033987
2 0.455832 0.649169 0.016059 0.031268
2 0.461950 0.651888 0.019118 0.036706
2 0.485656 0.659365 0.049707 0.073413
2 0.499804 0.678398 0.061178 0.089728
2 0.519304 0.712580 0.037471 0.133232
2 0.392360 0.642371 0.013000 0.031268
2 0.375153 0.637613 0.030589 0.046223
2 0.365212 0.646450 0.030589 0.047583
2 0.352211 0.651888 0.021412 0.047583
2 0.316269 0.649169 0.058119 0.080211
2 0.257767 0.673640 0.069590 0.112839
2 0.118368 0.688206 0.236737 0.250345
2 0.610893 0.732643 0.191946 0.267824
