2 0.080018 0.532745 0.158436 0.243256
2 0.932369 0.510695 0.134122 0.438145
2 0.268061 0.512118 0.209648 0.270284
2 0.425298 0.455216 0.082419 0.147945
2 0.667354 0.561907 0.329676 0.415384
2 0.478110 0.455927 0.039209 0.083930
4 0.498915 0.437434 0.024805 0.061169
2 0.376086 0.442413 0.014403 0.019915
0 0.379687 0.459483 0.007201 0.039831
7 0.439701 0.340700 0.007201 0.024183
7 0.516919 0.329320 0.006401 0.021338
7 0.445702 0.396180 0.003200 0.015648
7 0.433700 0.342834 0.004801 0.025605
8 0.366884 0.402581 0.007201 0.025605
8 0.639347 0.332165 0.020804 0.015648
4 0.802585 0.431032 0.193644 0.315806
7 0.189243 0.384088 0.008802 0.031296
8 0.061277 0.360311 0.018277 0.020727
