8 0.573187 0.313671 0.027294 0.013863
8 0.829074 0.201027 0.030219 0.072785
7 0.534682 0.308472 0.004874 0.024261
7 0.614616 0.322336 0.006823 0.024261
8 0.391385 0.338799 0.008773 0.019062
8 0.161818 0.312805 0.031193 0.015596
0 0.687726 0.396855 0.022420 0.034659
2 0.911932 0.585751 0.174490 0.443645
2 0.800804 0.532028 0.192037 0.228754
2 0.669205 0.447978 0.080909 0.088382
2 0.532245 0.441046 0.083833 0.154236
2 0.459134 0.431514 0.062387 0.100513
2 0.576598 0.430648 0.039967 0.095314
2 0.625826 0.435847 0.031193 0.064120
2 0.041916 0.421116 0.068236 0.045057
2 0.100405 0.421116 0.046790 0.027727
