2 0.242781 0.410682 0.110709 0.112268
2 0.143376 0.411375 0.102133 0.113654
2 0.892304 0.368408 0.095896 0.083162
2 0.946879 0.367715 0.081862 0.079004
2 0.364874 0.366329 0.009355 0.012474
1 0.323474 0.368408 0.007016 0.022176
6 0.323085 0.387119 0.009355 0.020790
7 0.377738 0.312551 0.011694 0.023562
7 0.404636 0.322253 0.007796 0.018018
7 0.421398 0.323639 0.010135 0.020790
7 0.346942 0.343737 0.007796 0.019404
7 0.337976 0.343737 0.007016 0.016632
7 0.331739 0.344430 0.005457 0.015246
8 0.365653 0.317402 0.014033 0.011088
7 0.377192 0.018988 0.026507 0.034650
7 0.524935 0.014830 0.027287 0.029106
7 0.773252 0.233131 0.017152 0.049897
7 0.755710 0.228973 0.016372 0.069301
7 0.445021 0.357181 0.007796 0.012474
2 0.331714 0.366795 0.010530 0.016640
2 0.348095 0.365755 0.015210 0.014560
8 0.701540 0.276378 0.015546 0.034015
