2 0.191135 0.492428 0.030994 0.042244
2 0.053207 0.501612 0.046492 0.053265
2 0.144642 0.489489 0.024795 0.031224
2 0.013431 0.480306 0.026862 0.086326
8 0.212315 0.099183 0.034094 0.022040
8 0.199400 0.132244 0.053724 0.058775
8 0.589419 0.506938 0.040293 0.053265
8 0.523297 0.385714 0.013431 0.023877
8 0.160140 0.192122 0.010331 0.022040
8 0.157557 0.213061 0.009298 0.025714
8 0.310465 0.437142 0.007232 0.018367
0 0.977700 0.594126 0.042359 0.293877
0 0.259242 0.497583 0.013765 0.046903
2 0.093488 0.486367 0.021794 0.028549
