0 0.490719 0.424067 0.011154 0.045762
2 0.943426 0.652118 0.110688 0.382881
2 0.331979 0.433982 0.079798 0.089999
2 0.382604 0.430932 0.052341 0.071694
2 0.407917 0.430169 0.032605 0.067118
2 0.434087 0.427881 0.035180 0.056440
2 0.455110 0.426355 0.024025 0.050338
2 0.610074 0.419491 0.005148 0.018305
2 0.600635 0.421016 0.013728 0.021355
2 0.622773 0.424067 0.018877 0.054915
2 0.627492 0.430169 0.019735 0.070169
2 0.638218 0.424830 0.025741 0.071694
2 0.657524 0.440084 0.052341 0.102203
2 0.702743 0.451525 0.078940 0.164745
2 0.800990 0.489660 0.241112 0.259321
3 0.627235 0.397372 0.032605 0.071694
8 0.686440 0.324152 0.020593 0.032033
2 0.197694 0.347033 0.013728 0.013728
