2 0.011865 0.060058 0.023730 0.120117
2 0.529980 0.093163 0.018457 0.044531
2 0.514159 0.103710 0.018457 0.046874
2 0.493066 0.100195 0.036914 0.063281
2 0.477904 0.101367 0.035595 0.056249
2 0.461425 0.116601 0.031640 0.058593
2 0.437695 0.111913 0.034277 0.063281
2 0.406713 0.117773 0.072509 0.070312
2 0.643358 0.117773 0.015820 0.018749
2 0.658520 0.111913 0.019775 0.025781
2 0.668407 0.123632 0.023730 0.021093
2 0.616332 0.114257 0.011865 0.016406
2 0.596557 0.111913 0.019775 0.021093
2 0.722460 0.149413 0.042187 0.063281
2 0.762999 0.169335 0.067236 0.074999
2 0.816393 0.192773 0.089648 0.107812
7 0.582714 0.068554 0.010546 0.014062
7 0.636107 0.080273 0.011865 0.023437
8 0.676317 0.093163 0.013183 0.021093
8 0.818700 0.089648 0.026367 0.046874
7 0.923180 0.086132 0.015820 0.030468
