8 0.484226 0.278754 0.013988 0.033750
0 0.612121 0.561062 0.061949 0.230921
2 0.398422 0.489375 0.012989 0.017763
2 0.375690 0.489375 0.015986 0.012434
2 0.358704 0.489375 0.015986 0.012434
2 0.332226 0.480493 0.030974 0.051513
4 0.433643 0.481381 0.031973 0.053289
2 0.460620 0.481381 0.029975 0.028421
2 0.460121 0.507138 0.028976 0.051513
2 0.496091 0.508026 0.050958 0.085263
2 0.521071 0.523125 0.068943 0.090592
2 0.572778 0.543552 0.075937 0.140328
2 0.767118 0.478717 0.062948 0.056842
2 0.815079 0.482269 0.024979 0.046184
2 0.721745 0.587453 0.209827 0.238026
2 0.892105 0.557255 0.212824 0.351710
2 0.204009 0.484046 0.022981 0.030197
2 0.111585 0.520460 0.047960 0.074605
2 0.163042 0.538223 0.094921 0.103026
2 0.014826 0.493815 0.029652 0.039078
2 0.055131 0.524901 0.080933 0.090592
2 0.023818 0.549769 0.047637 0.115460
2 0.274451 0.536447 0.131891 0.184736
