2 0.365552 0.606547 0.005848 0.013863
2 0.385049 0.622144 0.023395 0.031193
2 0.372864 0.609146 0.008773 0.012130
2 0.394797 0.632541 0.013647 0.024261
2 0.400646 0.641206 0.015596 0.038125
2 0.405520 0.644672 0.011697 0.031193
2 0.421604 0.645539 0.028269 0.046790
2 0.450361 0.666335 0.023395 0.077984
2 0.480580 0.676733 0.066286 0.084916
2 0.486916 0.623877 0.034118 0.017329
2 0.580010 0.718325 0.177415 0.195828
2 0.367015 0.631675 0.010722 0.015596
2 0.358241 0.632541 0.010722 0.024261
2 0.350930 0.640340 0.011697 0.029460
2 0.346544 0.646405 0.014622 0.031193
2 0.315350 0.638607 0.010722 0.019062
2 0.301215 0.649871 0.021445 0.051989
2 0.331922 0.651604 0.028269 0.045057
2 0.270509 0.646405 0.028269 0.055455
2 0.236878 0.681065 0.079934 0.107445
2 0.195448 0.715725 0.100405 0.128241
2 0.101380 0.752984 0.183263 0.188896
2 0.032168 0.828370 0.064337 0.225288
2 0.801292 0.803241 0.395771 0.386457
0 0.963110 0.646405 0.011697 0.031193
0 0.947025 0.637740 0.016571 0.020795
0 0.932403 0.626476 0.010722 0.019062
