2 0.127188 0.483010 0.252669 0.356924
2 0.849688 0.604413 0.299106 0.259802
0 0.952804 0.483010 0.016389 0.036420
0 0.977388 0.490294 0.024584 0.050989
2 0.395565 0.507290 0.054631 0.084982
2 0.661892 0.531571 0.142041 0.162679
2 0.583360 0.518217 0.080581 0.111690
2 0.253523 0.491508 0.032778 0.145683
2 0.263084 0.489080 0.051899 0.135971
2 0.289716 0.504862 0.020486 0.084982
2 0.316349 0.491508 0.032778 0.082554
1 0.351859 0.483010 0.010926 0.046133
5 0.351859 0.506076 0.010926 0.029136
2 0.334104 0.491508 0.010926 0.053417
2 0.340250 0.490294 0.009560 0.041277
4 0.532143 0.457515 0.111994 0.169964
2 0.448318 0.491682 0.021852 0.031564
2 0.433977 0.489253 0.009560 0.036420
2 0.429197 0.488039 0.016389 0.029136
2 0.370468 0.480755 0.010926 0.024280
7 0.407344 0.437050 0.010926 0.019424
0 0.754501 0.489570 0.023395 0.039858
