7 0.349597 0.430000 0.009988 0.016181
7 0.386004 0.435663 0.008194 0.019424
8 0.577214 0.345825 0.016389 0.024280
8 0.547849 0.373747 0.017755 0.021852
2 0.406866 0.463516 0.012292 0.026708
2 0.422573 0.468372 0.016389 0.031564
2 0.429402 0.474442 0.016389 0.033992
2 0.444425 0.476870 0.024584 0.043705
2 0.473107 0.474442 0.043705 0.063129
2 0.501105 0.501151 0.036876 0.087410
2 0.544128 0.513291 0.090141 0.135971
2 0.662268 0.530288 0.214428 0.242805
2 0.331885 0.458903 0.027315 0.038848
2 0.383102 0.468615 0.015023 0.019424
2 0.314130 0.461331 0.016389 0.031564
2 0.303203 0.461331 0.013657 0.041277
2 0.292277 0.462788 0.019120 0.048561
2 0.278619 0.466430 0.027315 0.046133
2 0.248572 0.468858 0.046436 0.065557
2 0.221939 0.479784 0.045070 0.082554
2 0.183697 0.489496 0.055997 0.101978
2 0.116091 0.507707 0.125652 0.128687
2 0.037559 0.537114 0.075118 0.136159
2 0.867577 0.672579 0.264479 0.429266
