8 0.524983 0.384823 0.053823 0.037442
8 0.592847 0.385863 0.021061 0.047842
7 0.555405 0.420185 0.007020 0.024961
7 0.455949 0.427465 0.009360 0.014560
2 0.436058 0.427465 0.009360 0.018721
2 0.446588 0.436826 0.009360 0.016640
2 0.467065 0.447226 0.019891 0.020801
2 0.508017 0.449306 0.017551 0.041602
2 0.550140 0.452427 0.008190 0.022881
2 0.555405 0.458667 0.009360 0.022881
2 0.562425 0.462827 0.009360 0.022881
2 0.304425 0.443066 0.029251 0.012480
2 0.271663 0.439946 0.026911 0.018721
2 0.242411 0.438906 0.024571 0.012480
2 0.183908 0.436826 0.029251 0.016640
2 0.577636 0.462827 0.023401 0.035362
2 0.529663 0.464907 0.035102 0.052003
2 0.485786 0.461787 0.029251 0.041602
2 0.450684 0.463867 0.024571 0.033281
2 0.406806 0.465947 0.046802 0.058243
2 0.713364 0.501310 0.131047 0.137288
2 0.092642 0.446186 0.017551 0.031201
2 0.059880 0.448266 0.040952 0.031201
7 0.579976 0.431625 0.009360 0.010400
