8 0.907267 0.061479 0.124702 0.122959
8 0.404385 0.197597 0.053013 0.033496
8 0.316985 0.114622 0.027222 0.056037
8 0.494650 0.314575 0.027222 0.028018
7 0.660137 0.336226 0.025790 0.045849
7 0.266838 0.152830 0.030088 0.091698
7 0.359969 0.142641 0.024357 0.091698
7 0.319851 0.351509 0.015760 0.040754
7 0.392923 0.375707 0.010029 0.028018
7 0.372147 0.379528 0.011462 0.025471
7 0.305523 0.390990 0.010029 0.028018
8 0.497972 0.434169 0.011936 0.027750
2 0.365979 0.436552 0.011018 0.013059
2 0.388476 0.438184 0.013773 0.022853
2 0.351747 0.434103 0.013773 0.021221
2 0.337295 0.435308 0.014691 0.029383
8 0.330868 0.374093 0.012855 0.014691
8 0.512677 0.302131 0.012855 0.073730
8 0.416875 0.398307 0.009182 0.017956
