7 0.451933 0.404999 0.009492 0.037499
7 0.506777 0.409687 0.009492 0.024374
7 0.328007 0.400312 0.010546 0.035624
7 0.383378 0.403124 0.011601 0.037499
7 0.370195 0.498749 0.008437 0.018749
7 0.329589 0.532499 0.009492 0.022499
8 0.158203 0.449999 0.027421 0.037499
8 0.158730 0.492187 0.020039 0.028124
8 0.267363 0.526874 0.015820 0.033749
8 0.313769 0.525937 0.011601 0.043124
8 0.339609 0.521249 0.012656 0.037499
8 0.358593 0.524999 0.012656 0.037499
8 0.381796 0.524062 0.012656 0.028124
8 0.886874 0.349238 0.025312 0.041249
8 0.864672 0.315374 0.020039 0.037499
8 0.616820 0.412874 0.015820 0.029999
8 0.386392 0.459910 0.011601 0.026249
8 0.571489 0.457098 0.014765 0.009374
8 0.570962 0.447723 0.015820 0.009375
8 0.578872 0.431785 0.012656 0.011249
2 0.420292 0.550312 0.039023 0.114374
2 0.792070 0.539062 0.141328 0.065624
2 0.552128 0.652499 0.330117 0.393749
