8 0.040454 0.138639 0.080909 0.031193
8 0.048740 0.279878 0.015596 0.032926
8 0.058488 0.328401 0.019496 0.019062
8 0.053614 0.345731 0.011697 0.012130
8 0.049715 0.361328 0.019496 0.008664
8 0.074085 0.349197 0.011697 0.012130
8 0.073597 0.369993 0.010722 0.025994
8 0.546379 0.305006 0.020470 0.010397
8 0.560514 0.324069 0.023395 0.017329
8 0.945076 0.155102 0.096505 0.029460
7 0.159868 0.147304 0.007798 0.051989
7 0.559052 0.256482 0.008773 0.038125
7 0.894873 0.089249 0.011697 0.071052
7 0.906083 0.094448 0.010722 0.060654
5 0.086757 0.459242 0.025345 0.045057
0 0.244676 0.453177 0.021445 0.081450
0 0.173515 0.454910 0.015596 0.071052
0 0.207634 0.454910 0.015596 0.071052
2 0.008773 0.512965 0.017546 0.100513
2 0.073597 0.453177 0.090657 0.039858
2 0.035093 0.456643 0.058488 0.036392
2 0.401133 0.614345 0.394797 0.469640
2 0.563926 0.497368 0.061412 0.197561
2 0.740366 0.509499 0.149145 0.169833
2 0.917781 0.433247 0.162792 0.318870
2 0.819813 0.468774 0.038992 0.057188
4 0.695037 0.432381 0.037042 0.071052
2 0.590246 0.439313 0.024370 0.029460
7 0.246857 0.376975 0.012002 0.017070
