2 0.538801 0.449191 0.012292 0.019424
2 0.550410 0.454047 0.016389 0.029136
2 0.573629 0.456475 0.027315 0.033992
2 0.618290 0.473471 0.047256 0.063129
2 0.662404 0.484397 0.081947 0.089838
2 0.695047 0.505036 0.069654 0.116546
2 0.757190 0.514748 0.084678 0.135971
2 0.850746 0.526888 0.146138 0.174820
2 0.262230 0.446762 0.027315 0.033992
2 0.238329 0.458903 0.039607 0.038848
2 0.208964 0.467401 0.030047 0.036420
2 0.163894 0.444334 0.049168 0.043705
2 0.474609 0.452833 0.023218 0.031564
2 0.391296 0.464366 0.088775 0.131115
2 0.407857 0.696679 0.010926 0.002428
2 0.925489 0.583774 0.144773 0.267086
7 0.351689 0.341142 0.012292 0.036420
7 0.514900 0.309577 0.008194 0.026708
7 0.518314 0.400629 0.009560 0.019424
7 0.475975 0.417626 0.009560 0.019424
7 0.447976 0.401843 0.008194 0.026708
7 0.013657 0.407913 0.010926 0.029136
7 0.029910 0.408885 0.012292 0.024280
8 0.576906 0.422482 0.010926 0.019424
