2 0.135730 0.554031 0.060989 0.029763
2 0.405398 0.513637 0.011958 0.017007
2 0.386862 0.524267 0.017937 0.021259
2 0.226616 0.546590 0.022721 0.023385
2 0.184163 0.548716 0.023917 0.023385
2 0.401811 0.559134 0.055009 0.080787
8 0.301358 0.351850 0.035875 0.078661
8 0.361151 0.347450 0.071751 0.078364
8 0.420347 0.381614 0.046638 0.087165
8 0.495918 0.423754 0.020663 0.039634
8 0.468262 0.394952 0.027342 0.045809
8 0.258307 0.430511 0.031092 0.057401
8 0.497468 0.463775 0.019630 0.025714
8 0.469056 0.435306 0.014464 0.023877
8 0.011192 0.486122 0.019630 0.014693
