2 0.339041 0.641845 0.050688 0.102015
2 0.309871 0.664798 0.042081 0.100314
2 0.238619 0.665648 0.129112 0.210831
2 0.483456 0.639295 0.025822 0.056108
2 0.510713 0.643545 0.030604 0.061209
2 0.537970 0.647796 0.027735 0.062909
2 0.558054 0.670749 0.035386 0.098614
2 0.607309 0.670749 0.066947 0.153022
2 0.717294 0.703054 0.213275 0.217632
2 0.107115 0.715806 0.214231 0.294143
2 0.886097 0.782116 0.227621 0.283942
8 0.625958 0.489672 0.039212 0.059508
8 0.624045 0.537279 0.020084 0.028904
8 0.505453 0.589987 0.018171 0.025503
8 0.254878 0.509225 0.014345 0.034005
8 0.325173 0.536429 0.011476 0.040806
2 0.396267 0.633881 0.065908 0.117169
