7 0.615103 0.497817 0.007798 0.033761
7 0.539688 0.514921 0.008507 0.025781
7 0.499839 0.507890 0.010546 0.021093
7 0.506430 0.515040 0.007910 0.016645
7 0.579035 0.587577 0.005848 0.021093
7 0.552616 0.591093 0.007996 0.023437
2 0.520932 0.649687 0.018457 0.032812
2 0.558506 0.621562 0.048779 0.023437
3 0.484018 0.643827 0.063281 0.096093
4 0.620468 0.613358 0.061962 0.110156
2 0.444468 0.684843 0.052734 0.074999
2 0.344272 0.750468 0.160839 0.196874
2 0.568393 0.704765 0.113378 0.166406
2 0.009260 0.902022 0.018521 0.188896
4 0.818351 0.489570 0.361653 0.743453
