8 0.380663 0.450288 0.025377 0.012146
8 0.365046 0.365263 0.027329 0.015616
8 0.234254 0.470243 0.019521 0.062467
8 0.601252 0.484125 0.011712 0.027763
8 0.822330 0.314074 0.053683 0.041645
8 0.825746 0.241195 0.017569 0.045115
8 0.825258 0.178727 0.024401 0.038174
8 0.933113 0.347043 0.019521 0.072879
8 0.154217 0.382615 0.021473 0.036439
8 0.157633 0.432936 0.018545 0.081555
4 0.500718 0.506683 0.025377 0.034704
8 0.458260 0.495404 0.014640 0.026028
2 0.472412 0.531844 0.037090 0.039910
2 0.595884 0.529241 0.020497 0.052056
4 0.541713 0.543990 0.111270 0.109318
2 0.131768 0.682808 0.263536 0.432069
4 0.713987 0.504948 0.252799 0.367866
2 0.903343 0.546593 0.149337 0.100642
