7 0.291538 0.464530 0.010546 0.037499
7 0.455674 0.417655 0.011865 0.037499
7 0.389097 0.517265 0.007910 0.025781
7 0.587509 0.444609 0.011865 0.039843
7 0.287583 0.551249 0.010546 0.014062
7 0.602671 0.509062 0.010546 0.028124
8 0.593442 0.480937 0.021093 0.014062
8 0.639585 0.431718 0.018457 0.032812
8 0.660019 0.401249 0.019775 0.103124
8 0.534775 0.425859 0.040869 0.021093
8 0.493906 0.421171 0.017138 0.035156
8 0.293516 0.536015 0.011865 0.016406
8 0.180796 0.514921 0.018457 0.016406
8 0.170249 0.496171 0.015820 0.016406
8 0.223643 0.472734 0.040869 0.021093
2 0.301426 0.595780 0.048779 0.065624
2 0.141245 0.596952 0.068554 0.096093
4 0.165635 0.559452 0.072509 0.058593
2 0.357456 0.607499 0.084374 0.117187
2 0.211118 0.615702 0.102831 0.077343
2 0.480063 0.662577 0.195117 0.307031
2 0.794492 0.666093 0.291357 0.332812
2 0.093784 0.724686 0.187206 0.482812
