7 0.501538 0.255616 0.010722 0.022528
7 0.448411 0.262548 0.007798 0.036392
8 0.475706 0.266880 0.033143 0.013863
8 0.323636 0.298941 0.011697 0.012130
2 0.365714 0.348160 0.045164 0.083525
2 0.345081 0.379525 0.038992 0.062387
2 0.299753 0.376925 0.065312 0.112644
2 0.249550 0.415051 0.074085 0.116110
2 0.185213 0.458376 0.091631 0.157702
2 0.075547 0.502567 0.151095 0.221822
2 0.571237 0.368260 0.037042 0.057188
2 0.483504 0.398588 0.085783 0.131707
2 0.532245 0.379525 0.031193 0.058921
2 0.848926 0.480905 0.299978 0.490436
