7 0.150820 0.103124 0.027421 0.093749
7 0.485683 0.175312 0.011601 0.054374
7 0.610663 0.337499 0.016874 0.033749
7 0.139218 0.375937 0.016874 0.028124
7 0.135527 0.111562 0.022148 0.080624
7 0.161894 0.249374 0.015820 0.044999
7 0.474081 0.179062 0.013710 0.050624
7 0.177714 0.108749 0.017929 0.074999
7 0.495175 0.180937 0.007382 0.043124
8 0.125507 0.234374 0.018984 0.037499
8 0.592206 0.308437 0.011601 0.020624
8 0.142910 0.315937 0.026367 0.020624
8 0.143437 0.278124 0.016874 0.014999
8 0.532617 0.366249 0.010546 0.018749
8 0.451933 0.417812 0.007382 0.016874
7 0.437188 0.413144 0.008437 0.013124
2 0.419765 0.448124 0.012656 0.024374
2 0.454115 0.453468 0.009347 0.035062
2 0.470462 0.451874 0.027566 0.039374
2 0.374941 0.452812 0.011601 0.026249
2 0.365976 0.450937 0.008437 0.037499
2 0.357011 0.451874 0.015820 0.046874
2 0.333808 0.444374 0.041132 0.069374
2 0.329589 0.456562 0.024257 0.052499
2 0.300730 0.458812 0.044296 0.054374
2 0.434148 0.449437 0.024257 0.039374
2 0.397234 0.449437 0.039023 0.061874
2 0.507976 0.444749 0.051679 0.074999
2 0.608699 0.443812 0.147656 0.095624
