8 0.944766 0.161857 0.041020 0.177865
8 0.240018 0.507094 0.017008 0.033794
8 0.665728 0.396818 0.028013 0.065810
8 0.481137 0.366581 0.019009 0.040909
8 0.768179 0.482193 0.014006 0.072924
7 0.050149 0.400960 0.021010 0.056917
7 0.050149 0.516826 0.017008 0.035573
7 0.452473 0.363735 0.017008 0.053359
7 0.437966 0.360177 0.016007 0.056917
7 0.427461 0.362845 0.013006 0.051581
8 0.970729 0.272134 0.057028 0.101383
2 0.396695 0.573794 0.011005 0.017786
2 0.388692 0.572905 0.009004 0.026679
2 0.384890 0.581798 0.011005 0.037351
2 0.368882 0.590691 0.035017 0.062252
2 0.410903 0.579130 0.015007 0.024901
2 0.440917 0.584466 0.025012 0.042687
2 0.444919 0.585355 0.025012 0.040909
2 0.254825 0.608478 0.015007 0.048023
2 0.274835 0.611146 0.043021 0.078260
2 0.326861 0.618261 0.077038 0.120948
2 0.679535 0.581798 0.092045 0.055138
2 0.616504 0.579130 0.078038 0.049802
2 0.770580 0.580909 0.060029 0.067588
2 0.818604 0.595138 0.068033 0.060474
2 0.864627 0.618261 0.146072 0.103162
2 0.946867 0.608478 0.106052 0.126284
2 0.132565 0.606699 0.045022 0.048023
2 0.111555 0.610257 0.059029 0.051581
2 0.089544 0.608478 0.063031 0.044466
2 0.060529 0.645830 0.121059 0.122727
0 0.480237 0.580731 0.012005 0.033794
0 0.536765 0.592292 0.015007 0.042687
0 0.520757 0.592292 0.017008 0.056917
0 0.571782 0.594071 0.015007 0.060474
