8 0.825284 0.302407 0.033898 0.081450
8 0.515185 0.459242 0.010722 0.020795
2 0.130624 0.586617 0.120876 0.112644
2 0.224205 0.553690 0.085783 0.091848
2 0.275383 0.538093 0.049715 0.071052
2 0.313400 0.532894 0.032168 0.050256
2 0.334846 0.526829 0.018521 0.045057
4 0.581472 0.509499 0.086757 0.152503
4 0.710634 0.470507 0.128674 0.105712
2 0.532732 0.512099 0.024370 0.071052
2 0.509337 0.511232 0.034118 0.038125
2 0.501051 0.497368 0.023395 0.045057
2 0.485941 0.496502 0.008773 0.025994
2 0.372376 0.506900 0.023395 0.032926
2 0.392360 0.506033 0.018521 0.020795
2 0.405520 0.499101 0.011697 0.020795
2 0.444468 0.491249 0.018457 0.023437
2 0.416123 0.497109 0.011865 0.025781
