7 0.386915 0.338713 0.007020 0.022881
7 0.492806 0.337673 0.008190 0.024961
7 0.419677 0.388636 0.007020 0.018721
8 0.477595 0.387596 0.008190 0.016640
8 0.525568 0.377195 0.010530 0.008320
8 0.530248 0.368875 0.010530 0.012480
2 0.391010 0.439599 0.029251 0.029121
2 0.310860 0.461440 0.051483 0.056163
2 0.268153 0.474961 0.050313 0.066563
2 0.451269 0.429199 0.016380 0.024961
2 0.464140 0.430239 0.021061 0.027041
2 0.481691 0.429199 0.023401 0.033281
2 0.527323 0.431279 0.023401 0.037442
2 0.556575 0.437519 0.056163 0.099845
2 0.577051 0.447920 0.059673 0.104006
2 0.619759 0.465601 0.074884 0.147688
2 0.748467 0.452080 0.283156 0.303698
2 0.501582 0.425038 0.025741 0.033281
2 0.362343 0.446880 0.037442 0.052003
2 0.200874 0.487442 0.117007 0.099845
2 0.852603 0.623690 0.292517 0.584515
