2 0.590134 0.512416 0.013875 0.020182
2 0.574996 0.518022 0.021444 0.031395
2 0.560490 0.520265 0.022705 0.035880
2 0.533370 0.521386 0.039104 0.065033
2 0.484174 0.526992 0.076946 0.121096
2 0.464622 0.550539 0.052979 0.100913
2 0.403443 0.555024 0.112266 0.172674
2 0.267210 0.577449 0.248499 0.271345
2 0.114518 0.682207 0.229037 0.352076
2 0.611337 0.510334 0.013875 0.026910
2 0.625213 0.512576 0.008829 0.026910
2 0.634674 0.510334 0.012614 0.026910
2 0.647919 0.510334 0.023966 0.044850
2 0.660533 0.521546 0.021444 0.053820
2 0.675670 0.528274 0.034058 0.062790
2 0.741894 0.536123 0.123619 0.132308
2 0.795505 0.584337 0.132449 0.143521
2 0.910924 0.639279 0.176598 0.271345
