8 0.654861 0.401464 0.018721 0.037442
8 0.853188 0.197611 0.024571 0.041602
8 0.540779 0.420185 0.012870 0.012480
8 0.532004 0.422265 0.011700 0.012480
7 0.424942 0.440986 0.008190 0.016641
7 0.557160 0.445146 0.008190 0.016640
8 0.565936 0.463867 0.009360 0.020801
8 0.649596 0.479468 0.008190 0.031201
2 0.472330 0.463867 0.011700 0.020801
2 0.480520 0.473228 0.016380 0.031201
2 0.517963 0.465947 0.011700 0.016640
2 0.533759 0.474268 0.012870 0.016640
2 0.581147 0.459707 0.011700 0.016640
2 0.594602 0.482588 0.031591 0.033281
2 0.616249 0.486749 0.011700 0.024961
2 0.632045 0.486749 0.024571 0.024961
2 0.668902 0.484669 0.032761 0.037442
2 0.730916 0.497149 0.030421 0.037442
2 0.758412 0.484669 0.015210 0.016640
2 0.800535 0.499229 0.092435 0.070724
2 0.908766 0.487789 0.072544 0.068644
2 0.845582 0.481548 0.016380 0.027041
2 0.720970 0.457627 0.057333 0.049922
2 0.279853 0.464907 0.017551 0.027041
2 0.304425 0.457627 0.015210 0.024961
2 0.248262 0.485709 0.022231 0.018721
2 0.214330 0.484669 0.022231 0.020801
2 0.186833 0.488829 0.028081 0.020801
2 0.037649 0.507550 0.050313 0.029121
2 0.005661 0.507550 0.011322 0.041602
4 0.446003 0.490909 0.054993 0.091525
8 0.438398 0.349460 0.011700 0.033281
2 0.351813 0.463867 0.011700 0.012480
