0 0.796081 0.588330 0.051619 0.299773
0 0.708902 0.596487 0.003441 0.022432
0 0.781169 0.586291 0.051619 0.307930
0 0.699726 0.630135 0.079149 0.318126
0 0.617709 0.552643 0.048177 0.228398
0 0.581575 0.485347 0.014912 0.081570
0 0.475469 0.476170 0.034412 0.132552
0 0.431880 0.475151 0.027530 0.114199
0 0.377393 0.511857 0.033265 0.195770
0 0.340686 0.499622 0.037854 0.212084
2 0.063090 0.488406 0.056207 0.071374
2 0.476616 0.696412 0.302832 0.422129
4 0.278169 0.398678 0.383128 0.336480
2 0.119871 0.532250 0.061942 0.048942
7 0.353877 0.180475 0.020647 0.099924
8 0.388864 0.104003 0.047030 0.057099
8 0.391158 0.035687 0.053913 0.071374
7 0.220241 0.219222 0.017206 0.059138
7 0.412953 0.317107 0.035559 0.050981
0 0.975028 0.599546 0.047030 0.407854
