4 0.438586 0.459505 0.016828 0.016828
2 0.442267 0.478203 0.015776 0.016828
2 0.488019 0.478203 0.018931 0.016828
2 0.421232 0.482877 0.019983 0.026177
2 0.392308 0.488487 0.037863 0.041135
2 0.509054 0.484747 0.021035 0.037396
2 0.526409 0.490356 0.017880 0.052354
2 0.533771 0.494096 0.024190 0.056094
2 0.552177 0.497836 0.025242 0.056094
2 0.601084 0.509054 0.078882 0.086011
4 0.350783 0.475538 0.046238 0.067593
7 0.409663 0.406683 0.009465 0.022437
7 0.488019 0.412292 0.008414 0.022437
7 0.530616 0.439404 0.009465 0.016828
7 0.465932 0.434730 0.008414 0.014958
7 0.552703 0.459972 0.009465 0.016828
8 0.589180 0.418544 0.018931 0.037396
