2 0.664112 0.398201 0.016389 0.014568
2 0.515924 0.423696 0.017755 0.014568
2 0.540508 0.420054 0.017755 0.016996
2 0.498852 0.428552 0.013657 0.019424
2 0.482463 0.423696 0.016389 0.014568
2 0.450367 0.427338 0.031413 0.021852
4 0.551435 0.409128 0.028681 0.031564
3 0.580799 0.406699 0.038241 0.031564
2 0.624504 0.413984 0.021852 0.026708
2 0.594457 0.424910 0.024584 0.031564
2 0.401198 0.429766 0.023218 0.021852
8 0.593091 0.383633 0.021852 0.021852
8 0.621772 0.384847 0.010926 0.024280
2 0.349982 0.432194 0.019120 0.021852
