2 0.255151 0.610132 0.064026 0.079131
2 0.148787 0.591747 0.028465 0.031015
2 0.221467 0.596890 0.037252 0.053376
8 0.566768 0.517985 0.025790 0.048396
3 0.365673 0.561547 0.048666 0.111003
2 0.006766 0.581136 0.013532 0.016324
2 0.059902 0.580320 0.011936 0.017956
2 0.081481 0.579504 0.014691 0.016324
2 0.100304 0.578688 0.017446 0.021221
2 0.120322 0.578688 0.019282 0.021221
2 0.176793 0.577055 0.018364 0.024486
2 0.299836 0.577055 0.011018 0.014691
2 0.311313 0.579504 0.011936 0.013059
2 0.322332 0.579504 0.011936 0.016324
2 0.291572 0.581952 0.011018 0.017956
