2 0.111482 0.756167 0.218525 0.437050
4 0.902270 0.537796 0.191209 0.228547
2 0.300643 0.617767 0.075118 0.106834
2 0.545118 0.595915 0.064191 0.097122
7 0.146309 0.262750 0.017755 0.089838
7 0.039095 0.514054 0.021852 0.048561
7 0.772521 0.467921 0.016389 0.038848
7 0.470000 0.506770 0.012292 0.038848
7 0.414003 0.504342 0.009560 0.033992
7 0.172259 0.276105 0.015023 0.077697
7 0.127566 0.266450 0.013047 0.092149
7 0.068091 0.513361 0.017018 0.048561
8 0.543069 0.501220 0.019120 0.038848
7 0.495267 0.025321 0.024584 0.043705
7 0.429709 0.037461 0.027315 0.048561
7 0.461805 0.033819 0.017755 0.060701
2 0.345031 0.609963 0.024584 0.075269
2 0.512339 0.593487 0.025949 0.077697
2 0.501413 0.593487 0.020486 0.048561
2 0.487072 0.591059 0.013657 0.048561
2 0.474780 0.582560 0.016389 0.036420
2 0.391467 0.604413 0.071020 0.099550
2 0.427660 0.591059 0.023218 0.038848
2 0.439270 0.582560 0.016389 0.026708
8 0.044558 0.449017 0.032778 0.016996
8 0.074605 0.468442 0.010926 0.012140
8 0.366192 0.548342 0.007722 0.018305
