2 0.583909 0.686264 0.089682 0.093581
2 0.357754 0.637740 0.025345 0.034659
2 0.558564 0.662869 0.052639 0.084916
2 0.526396 0.644672 0.050690 0.090115
2 0.487891 0.642939 0.026319 0.038125
2 0.395771 0.632541 0.021445 0.027727
2 0.413805 0.632541 0.012672 0.020795
7 0.292929 0.580552 0.006823 0.020795
7 0.384521 0.538093 0.006042 0.029460
7 0.452798 0.538093 0.004874 0.019062
7 0.421116 0.586617 0.003899 0.015596
7 0.456210 0.592683 0.003899 0.013863
8 0.675541 0.432381 0.021445 0.039858
8 0.680903 0.476572 0.038017 0.048523
8 0.642398 0.497368 0.029244 0.058921
8 0.645322 0.549358 0.023395 0.045057
8 0.331434 0.550224 0.021445 0.015596
8 0.483017 0.551091 0.026319 0.013863
8 0.468882 0.601348 0.009748 0.010397
8 0.401620 0.590950 0.011697 0.010397
8 0.530782 0.577086 0.010722 0.010397
8 0.161818 0.548491 0.015596 0.029460
8 0.233466 0.550224 0.012672 0.012130
8 0.240777 0.569287 0.015596 0.019062
7 0.378479 0.614124 0.006042 0.017904
7 0.408692 0.613229 0.006042 0.019694
