2 0.585269 0.484391 0.007869 0.025647
2 0.578056 0.483225 0.011803 0.032642
2 0.567563 0.485557 0.014426 0.041968
2 0.545267 0.478562 0.038034 0.074611
2 0.393786 0.506541 0.102299 0.135233
2 0.763309 0.504209 0.066887 0.097927
2 0.798720 0.491386 0.017049 0.025647
4 0.653796 0.438924 0.135087 0.289119
2 0.145579 0.591062 0.291159 0.305440
2 0.885937 0.571243 0.224271 0.228497
2 0.723307 0.486139 0.011803 0.072279
2 0.485265 0.508290 0.097053 0.130569
7 0.760905 0.341191 0.009180 0.037305
7 0.752161 0.344145 0.009180 0.037305
7 0.950858 0.304507 0.015738 0.046632
7 0.979056 0.423419 0.022295 0.032642
8 0.423230 0.367227 0.030165 0.025647
8 0.494052 0.398704 0.017049 0.013989
8 0.749669 0.434844 0.013115 0.020984
8 0.956760 0.364896 0.014426 0.020984
8 0.973809 0.349740 0.024919 0.018652
7 0.408409 0.417357 0.023607 0.032642
8 0.367752 0.362564 0.020984 0.062953
2 0.739702 0.468652 0.018361 0.023316
8 0.838066 0.392875 0.020984 0.016321
8 0.839378 0.422020 0.010492 0.032642
8 0.549165 0.434463 0.006554 0.018310
7 0.224254 0.397842 0.023408 0.058261
