2 0.481002 0.396856 0.013875 0.029152
2 0.468286 0.399169 0.018921 0.035880
2 0.451887 0.403654 0.016398 0.035880
2 0.434858 0.411503 0.022705 0.029152
2 0.399538 0.413745 0.055502 0.042607
2 0.537664 0.402532 0.011352 0.024667
2 0.545863 0.403654 0.020182 0.026910
2 0.589382 0.405896 0.018921 0.040365
2 0.566046 0.408139 0.020182 0.035880
2 0.601365 0.410381 0.027751 0.058305
2 0.617764 0.410381 0.025228 0.076245
2 0.635424 0.415988 0.035319 0.091943
2 0.666959 0.421594 0.083253 0.121096
2 0.338359 0.429443 0.102174 0.100913
2 0.507390 0.398047 0.026489 0.042607
8 0.620488 0.296113 0.022303 0.027979
7 0.482913 0.364783 0.011352 0.026910
8 0.375752 0.259974 0.022295 0.039637
8 0.948890 0.184196 0.052461 0.037305
