2 0.863524 0.699608 0.271581 0.274218
2 0.709276 0.672655 0.110742 0.126562
2 0.656542 0.646483 0.073828 0.086718
2 0.616332 0.630077 0.043505 0.067968
2 0.592602 0.623046 0.027685 0.049218
2 0.573485 0.617187 0.023730 0.032812
2 0.560302 0.610155 0.013183 0.028124
2 0.553710 0.600780 0.018457 0.037499
2 0.348705 0.628905 0.054052 0.065624
2 0.382983 0.619530 0.027685 0.046874
2 0.404076 0.607812 0.011865 0.023437
2 0.416601 0.607030 0.010546 0.023437
2 0.429125 0.607030 0.011865 0.028124
2 0.117993 0.669140 0.183251 0.185156
2 0.286083 0.637499 0.084374 0.089062
2 0.498339 0.599999 0.015820 0.032812
7 0.488451 0.571874 0.011865 0.018749
7 0.532616 0.556640 0.010546 0.016406
7 0.524706 0.574218 0.005273 0.018749
2 0.445605 0.602343 0.015820 0.028124
2 0.459447 0.602343 0.009228 0.023437
2 0.469335 0.603515 0.010546 0.025781
2 0.540771 0.600310 0.009563 0.022103
2 0.529294 0.598610 0.015302 0.022103
2 0.513992 0.599460 0.017215 0.027204
