7 0.259716 0.380156 0.007910 0.028124
7 0.253124 0.378515 0.007910 0.025781
2 0.108105 0.510937 0.039550 0.065624
2 0.351342 0.465234 0.017138 0.021093
7 0.384301 0.378515 0.009228 0.025781
7 0.377050 0.379687 0.010546 0.023437
2 0.439672 0.459374 0.025048 0.046874
2 0.472631 0.437109 0.025048 0.021093
2 0.502953 0.448827 0.025048 0.030468
0 0.364526 0.479296 0.009228 0.072656
4 0.397485 0.444140 0.064599 0.133593
2 0.462084 0.465234 0.043505 0.058593
0 0.589306 0.440624 0.021093 0.079687
0 0.717846 0.439452 0.032958 0.152343
2 0.281337 0.465234 0.015820 0.025781
2 0.315087 0.482812 0.060644 0.098437
2 0.039550 0.513280 0.079101 0.145312
2 0.195776 0.574804 0.222802 0.271874
8 0.432751 0.422460 0.007910 0.018749
