0 0.024044 0.608329 0.026556 0.080387
0 0.234882 0.583447 0.016508 0.068903
0 0.280818 0.575153 0.010766 0.044659
0 0.296249 0.572601 0.010048 0.044659
0 0.310604 0.574515 0.010048 0.040831
0 0.341467 0.573239 0.010048 0.038279
0 0.625515 0.586637 0.010766 0.049763
0 0.554099 0.579619 0.010048 0.045935
0 0.888748 0.617261 0.033016 0.133979
0 0.833841 0.615347 0.029427 0.125047
0 0.011842 0.600035 0.023685 0.107183
7 0.028709 0.492022 0.020096 0.028071
7 0.037322 0.416824 0.020096 0.066351
7 0.182666 0.441706 0.013637 0.057419
7 0.703391 0.514437 0.012919 0.024243
7 0.691907 0.513161 0.012919 0.024243
7 0.990609 0.441706 0.016508 0.062523
7 0.510245 0.300623 0.020814 0.068903
7 0.695782 0.448639 0.011483 0.056143
8 0.025479 0.250860 0.035169 0.043383
8 0.327651 0.488386 0.013637 0.030623
8 0.327651 0.455848 0.017943 0.029347
8 0.689395 0.260621 0.025121 0.039555
8 0.689395 0.300815 0.023685 0.038279
8 0.690112 0.335267 0.053830 0.025519
8 0.876547 0.476902 0.011483 0.025519
8 0.645791 0.476902 0.013637 0.020415
8 0.640049 0.499232 0.013637 0.021691
0 0.321370 0.571325 0.009330 0.044659
2 0.455912 0.575472 0.004306 0.012759
2 0.471702 0.576110 0.005741 0.019139
2 0.475291 0.575472 0.005741 0.015311
2 0.492086 0.576748 0.004306 0.017863
2 0.448375 0.574196 0.013637 0.022967
2 0.463807 0.578024 0.018661 0.028071
2 0.485698 0.576748 0.013637 0.022967
4 0.473855 0.568454 0.011483 0.024243
8 0.995633 0.361318 0.006459 0.044659
