2 0.721682 0.345731 0.074085 0.119576
2 0.545242 0.387323 0.298291 0.251283
2 0.416242 0.391656 0.118926 0.197561
2 0.362141 0.401187 0.110153 0.181964
2 0.303165 0.408119 0.089682 0.116110
4 0.219169 0.384724 0.123800 0.142105
2 0.155969 0.391656 0.058488 0.086649
2 0.062397 0.374326 0.122825 0.381258
2 0.413805 0.149037 0.094556 0.107445
2 0.495689 0.164634 0.100405 0.097047
2 0.762299 0.221822 0.091631 0.079717
2 0.810552 0.221822 0.045815 0.038125
2 0.846630 0.384724 0.305114 0.305006
0 0.096018 0.454621 0.036067 0.176765
