8 0.471510 0.202418 0.021119 0.016324
8 0.519717 0.208131 0.020201 0.014691
8 0.506403 0.229353 0.048666 0.031015
8 0.455441 0.228536 0.053257 0.045707
2 0.466307 0.293289 0.010100 0.013059
2 0.453911 0.294921 0.011018 0.009794
2 0.441974 0.294921 0.009182 0.013059
2 0.420395 0.312061 0.017446 0.014691
2 0.445187 0.312877 0.019282 0.026118
2 0.466307 0.311245 0.021119 0.022853
2 0.434628 0.330834 0.022037 0.035912
2 0.420242 0.335731 0.016528 0.016324
2 0.385809 0.335731 0.028465 0.022853
2 0.664491 0.330018 0.040402 0.027750
2 0.748968 0.335731 0.036729 0.029383
2 0.875837 0.318319 0.112942 0.052237
2 0.603888 0.333010 0.069785 0.048972
2 0.347090 0.321584 0.022037 0.022853
2 0.303015 0.332194 0.031219 0.027750
2 0.102841 0.355864 0.077131 0.055501
2 0.166658 0.342805 0.041320 0.042442
2 0.231852 0.350151 0.074376 0.044074
2 0.405397 0.341989 0.026628 0.039177
2 0.467378 0.331378 0.023873 0.034280
2 0.056930 0.508494 0.113860 0.290568
