7 0.808457 0.364768 0.028162 0.035761
7 0.244206 0.329900 0.012069 0.051854
7 0.510239 0.323642 0.007040 0.035761
7 0.522309 0.326324 0.005028 0.030397
7 0.257785 0.323642 0.009052 0.046490
7 0.654571 0.418410 0.014081 0.014304
8 0.641998 0.390695 0.017098 0.012516
8 0.777781 0.300397 0.017098 0.021456
8 0.517280 0.489039 0.015086 0.016092
7 0.490626 0.432715 0.006034 0.017880
2 0.465481 0.492615 0.008046 0.008940
2 0.456932 0.495297 0.011063 0.017880
2 0.444862 0.496192 0.009052 0.016092
2 0.435307 0.497980 0.010057 0.023245
2 0.413180 0.503344 0.040231 0.055430
2 0.233646 0.547152 0.097562 0.114437
2 0.153685 0.554304 0.088509 0.100132
2 0.050088 0.567715 0.096556 0.230662
2 0.339757 0.523907 0.116672 0.168079
2 0.481071 0.494403 0.019110 0.019668
2 0.529852 0.485463 0.012069 0.023245
2 0.542927 0.486357 0.010057 0.028609
2 0.558517 0.487251 0.033191 0.037549
2 0.735034 0.493509 0.076440 0.135894
2 0.848689 0.464900 0.215240 0.250331
2 0.937702 0.521225 0.119689 0.219933
0 0.974916 0.408576 0.031179 0.062582
0 0.948263 0.421092 0.020115 0.044701
