2 0.190844 0.699183 0.140032 0.163593
4 0.025605 0.655795 0.051211 0.079662
2 0.160437 0.652950 0.092021 0.110958
2 0.256859 0.652239 0.041609 0.061169
2 0.498115 0.653662 0.194444 0.140832
2 0.708963 0.679979 0.214449 0.179241
2 0.840194 0.647971 0.040009 0.044099
2 0.806586 0.642281 0.019204 0.035563
4 0.353281 0.655084 0.072816 0.064014
4 0.931014 0.645126 0.080818 0.052634
2 0.984627 0.646549 0.023205 0.038408
2 0.600938 0.649394 0.016003 0.029873
2 0.288466 0.655084 0.021604 0.032718
8 0.069616 0.596760 0.017604 0.032718
