2 0.421693 0.511294 0.028081 0.027457
2 0.298250 0.526063 0.076054 0.085285
2 0.253788 0.514622 0.024571 0.037442
2 0.187679 0.534176 0.149768 0.139784
2 0.484877 0.504846 0.011700 0.031201
2 0.449774 0.510046 0.030421 0.049922
2 0.353244 0.518367 0.045632 0.049922
2 0.593693 0.573490 0.250395 0.343220
2 0.061721 0.546032 0.120517 0.253775
2 0.891219 0.731036 0.216299 0.237465
0 0.813491 0.478428 0.079564 0.247534
0 0.863219 0.483629 0.040952 0.241294
0 0.735096 0.488829 0.042122 0.205932
0 0.781899 0.487789 0.070204 0.245454
8 0.642076 0.344260 0.019891 0.079044
8 0.155911 0.288097 0.035102 0.091525
