7 0.593442 0.177421 0.010546 0.044531
7 0.298130 0.129374 0.010546 0.042187
7 0.528183 0.325077 0.009228 0.021093
7 0.487314 0.321562 0.009228 0.023437
7 0.287583 0.127031 0.010546 0.042187
7 0.582236 0.179765 0.011865 0.044531
7 0.735825 0.277031 0.031640 0.037499
7 0.256601 0.316874 0.014501 0.023437
8 0.267148 0.293437 0.019775 0.014062
8 0.261216 0.267656 0.021093 0.018749
8 0.719345 0.212577 0.040869 0.025781
8 0.737802 0.173906 0.027685 0.023437
8 0.725278 0.157499 0.010546 0.023437
8 0.594101 0.330937 0.011865 0.014062
2 0.393711 0.371952 0.040869 0.063281
2 0.366025 0.376640 0.017138 0.058593
2 0.535434 0.355546 0.015820 0.021093
2 0.544004 0.356718 0.025048 0.028124
2 0.553891 0.363749 0.021093 0.032812
2 0.563779 0.371952 0.027685 0.039843
2 0.652109 0.430546 0.075146 0.138281
2 0.776694 0.464530 0.234667 0.285937
2 0.429966 0.373124 0.042187 0.051562
2 0.584214 0.391874 0.042187 0.060937
2 0.060075 0.428202 0.120151 0.138281
2 0.890732 0.607499 0.217529 0.571874
2 0.334385 0.376640 0.051415 0.067968
8 0.807016 0.171562 0.029003 0.042187
