8 0.268432 0.236027 0.009004 0.008893
8 0.675633 0.233359 0.013006 0.010671
8 0.669630 0.262707 0.017008 0.012450
2 0.497045 0.348083 0.008003 0.012450
2 0.516555 0.341857 0.009004 0.017786
2 0.484039 0.342747 0.008003 0.019565
2 0.473033 0.347193 0.014006 0.021343
2 0.447020 0.343636 0.020009 0.017786
2 0.427511 0.342747 0.015007 0.023122
2 0.418006 0.335632 0.010004 0.030237
2 0.395995 0.337411 0.038018 0.044466
4 0.367481 0.330296 0.041020 0.055138
2 0.328462 0.364980 0.089043 0.096047
2 0.271434 0.347193 0.041020 0.053359
2 0.119959 0.411225 0.239918 0.224110
2 0.575084 0.341857 0.012005 0.028458
2 0.588090 0.342747 0.018008 0.030237
2 0.697980 0.343165 0.017680 0.052418
2 0.717803 0.343929 0.041317 0.093077
2 0.764677 0.359644 0.099048 0.113834
0 0.982785 0.390770 0.033016 0.254347
2 0.942765 0.376541 0.113055 0.193873
2 0.638115 0.359644 0.106052 0.170751
2 0.551565 0.337084 0.039229 0.064760
