2 0.040445 0.124274 0.080890 0.070169
2 0.141812 0.285206 0.283156 0.520169
2 0.969402 0.376731 0.059205 0.196779
2 0.328867 0.237918 0.018877 0.035084
3 0.312993 0.211986 0.030031 0.035084
2 0.312993 0.258511 0.033463 0.067118
2 0.276526 0.266901 0.068644 0.114406
3 0.258936 0.197494 0.043760 0.051864
4 0.351605 0.222664 0.042044 0.132711
4 0.462294 0.194849 0.198209 0.389698
7 0.294974 0.158596 0.009438 0.022881
8 0.626611 0.170037 0.020593 0.018305
0 0.657071 0.315714 0.031747 0.141864
0 0.622749 0.314952 0.021451 0.085423
0 0.579418 0.297409 0.018877 0.105254
7 0.627448 0.225773 0.016237 0.030927
