2 0.248676 0.488010 0.024968 0.026020
2 0.226209 0.486122 0.025829 0.030612
2 0.205115 0.494541 0.016358 0.035204
2 0.470581 0.450984 0.013775 0.010714
2 0.456805 0.450218 0.012053 0.012244
2 0.490814 0.459402 0.011192 0.024489
2 0.501145 0.457871 0.012914 0.036734
2 0.511047 0.460167 0.015497 0.041326
2 0.523531 0.461698 0.031855 0.047449
2 0.558830 0.467055 0.057684 0.085714
2 0.571745 0.479300 0.057684 0.091836
2 0.616638 0.490014 0.093845 0.116326
2 0.818905 0.494606 0.323724 0.339796
2 0.436142 0.462354 0.010331 0.022959
2 0.419066 0.466071 0.024107 0.041326
2 0.167663 0.492092 0.063711 0.062755
4 0.344592 0.404847 0.117952 0.243367
7 0.113852 0.299234 0.007748 0.041326
7 0.420842 0.336734 0.006887 0.027551
7 0.549790 0.337172 0.008609 0.030612
8 0.557969 0.360131 0.011192 0.012244
0 0.673278 0.455357 0.009470 0.041326
