8 0.439232 0.389183 0.012609 0.024907
8 0.442034 0.412846 0.007005 0.022416
8 0.410510 0.409109 0.008406 0.019926
8 0.412612 0.429036 0.012609 0.014944
8 0.517692 0.340613 0.032224 0.022416
8 0.535905 0.318196 0.026620 0.017435
8 0.304730 0.420318 0.015411 0.012453
8 0.311035 0.426545 0.014010 0.014944
7 0.355169 0.435263 0.012609 0.017435
7 0.334853 0.443980 0.011208 0.019926
2 0.329249 0.471503 0.014010 0.027398
2 0.310335 0.473994 0.021015 0.037361
2 0.293522 0.477730 0.021015 0.074723
2 0.402104 0.470258 0.014010 0.034870
2 0.411211 0.469013 0.015411 0.037361
2 0.431526 0.467767 0.033625 0.044833
2 0.256394 0.478976 0.064448 0.092158
2 0.501579 0.464031 0.030823 0.027398
2 0.538007 0.462786 0.053240 0.039852
2 0.661441 0.444603 0.124694 0.112084
2 0.805750 0.427168 0.063047 0.067250
2 0.700670 0.472001 0.032224 0.067250
2 0.762317 0.481965 0.110683 0.082195
2 0.942073 0.404751 0.061646 0.017435
2 0.903880 0.483745 0.189815 0.152508
2 0.458261 0.492187 0.051679 0.067499
