7 0.326271 0.338763 0.004875 0.043338
7 0.337241 0.334429 0.007313 0.034670
7 0.225102 0.417856 0.014626 0.023836
7 0.245824 0.418940 0.012188 0.026003
7 0.549330 0.453611 0.014626 0.017335
7 0.239729 0.396187 0.007313 0.028170
8 0.230587 0.365850 0.020721 0.032503
8 0.275687 0.356099 0.032910 0.017335
8 0.303721 0.343097 0.018283 0.034670
8 0.685237 0.369161 0.020721 0.017213
8 0.694379 0.347431 0.014626 0.017335
7 0.669391 0.437359 0.013407 0.028170
7 0.686456 0.436275 0.013407 0.021669
8 0.564566 0.436275 0.020721 0.013001
8 0.264717 0.430858 0.010970 0.019502
7 0.275077 0.455778 0.004875 0.017335
8 0.354915 0.444943 0.013407 0.013001
4 0.321395 0.473113 0.029253 0.039004
4 0.370151 0.488282 0.026815 0.039004
2 0.347602 0.507784 0.025596 0.034670
2 0.378074 0.499116 0.015845 0.026003
2 0.385388 0.507784 0.018283 0.026003
2 0.399405 0.507784 0.012188 0.034670
2 0.416470 0.511034 0.041442 0.049839
2 0.321395 0.514285 0.034129 0.039004
0 0.443285 0.501283 0.009751 0.060674
0 0.467054 0.500200 0.008532 0.041171
0 0.482900 0.499116 0.010970 0.052006
0 0.505449 0.515368 0.014626 0.067174
0 0.564566 0.527286 0.010970 0.073675
0 0.596867 0.530537 0.012188 0.067174
0 0.629777 0.526203 0.012188 0.058507
0 0.590772 0.506701 0.007313 0.045505
0 0.673657 0.498033 0.014626 0.049839
0 0.246433 0.506701 0.018283 0.054173
0 0.223274 0.499116 0.015845 0.039004
7 0.244605 0.448193 0.012188 0.019502
4 0.833333 0.581460 0.331540 0.286035
0 0.699324 0.492642 0.014040 0.035362
