8 0.268622 0.269081 0.010331 0.023877
8 0.473808 0.267244 0.043392 0.027551
8 0.416192 0.301224 0.015497 0.007346
8 0.311326 0.320510 0.008265 0.016530
7 0.756791 0.295714 0.012397 0.027551
2 0.234011 0.365510 0.034094 0.040408
2 0.255191 0.363673 0.022729 0.022040
2 0.313564 0.348520 0.014464 0.020204
2 0.412490 0.361377 0.024795 0.027551
2 0.150399 0.384927 0.169438 0.160058
2 0.281536 0.361836 0.025829 0.034897
2 0.358064 0.377973 0.099183 0.119387
2 0.466842 0.374653 0.066122 0.081947
2 0.670522 0.436224 0.291351 0.292040
7 0.953995 0.242830 0.015760 0.050943
8 0.928921 0.157924 0.040117 0.030566
8 0.936802 0.190188 0.053013 0.030566
8 0.745525 0.120990 0.031521 0.038207
8 0.697527 0.015707 0.090265 0.028018
7 0.542786 0.037783 0.018626 0.058584
7 0.725466 0.191037 0.017193 0.045849
7 0.262677 0.164717 0.017193 0.050943
8 0.125129 0.151981 0.040117 0.035660
8 0.020536 0.241981 0.037252 0.025471
