7 0.460288 0.037537 0.021093 0.074136
7 0.313950 0.023906 0.023730 0.046874
7 0.667270 0.295781 0.021093 0.037499
7 0.089170 0.280546 0.014501 0.039843
7 0.640903 0.301640 0.010546 0.025781
7 0.411509 0.343827 0.007910 0.021093
7 0.400303 0.342656 0.006591 0.018749
8 0.570371 0.340312 0.011865 0.028124
8 0.528843 0.313359 0.018457 0.021093
8 0.440512 0.343827 0.010546 0.016406
2 0.379868 0.382499 0.036914 0.046874
2 0.545322 0.393046 0.061962 0.039843
2 0.592124 0.395390 0.039550 0.044531
2 0.458970 0.378984 0.026367 0.044531
2 0.296811 0.423515 0.087011 0.138281
2 0.427988 0.446952 0.101513 0.147656
2 0.720004 0.507890 0.295312 0.335156
