2 0.384853 0.347877 0.025829 0.033061
2 0.357990 0.341448 0.009298 0.009183
2 0.363156 0.358897 0.013431 0.018367
2 0.336811 0.352469 0.039260 0.042244
2 0.300650 0.361652 0.033061 0.034897
2 0.252608 0.366244 0.060956 0.058775
2 0.230395 0.349714 0.014464 0.022040
2 0.191651 0.367163 0.063022 0.064285
2 0.150841 0.362571 0.039260 0.066122
2 0.072321 0.384612 0.144642 0.117550
2 0.480007 0.326755 0.014464 0.009183
2 0.485173 0.368999 0.026862 0.078979
2 0.498604 0.359816 0.014464 0.023877
2 0.509452 0.359816 0.013431 0.023877
2 0.524433 0.355224 0.024795 0.077142
2 0.560594 0.355224 0.057857 0.106530
2 0.879221 0.450393 0.239693 0.461545
4 0.748317 0.265014 0.276273 0.367346
2 0.438134 0.366559 0.089885 0.139591
2 0.632886 0.386501 0.119846 0.143265
8 0.499522 0.310589 0.030274 0.024667
