2 0.110799 0.695465 0.077849 0.058273
7 0.177039 0.628693 0.010926 0.021852
7 0.319764 0.567992 0.009560 0.026708
7 0.311569 0.564697 0.009560 0.033992
7 0.527363 0.592966 0.017755 0.026708
7 0.489121 0.643956 0.012292 0.016996
7 0.429709 0.633029 0.010926 0.014568
2 0.534874 0.716450 0.046436 0.075269
2 0.473414 0.703096 0.030047 0.048561
2 0.375078 0.694598 0.040973 0.055845
2 0.493867 0.689326 0.010926 0.021852
2 0.509573 0.692968 0.023218 0.029136
2 0.456991 0.690540 0.010926 0.019424
2 0.422846 0.685684 0.021852 0.024280
8 0.420661 0.668930 0.010926 0.016996
8 0.395990 0.641288 0.014586 0.006101
