2 0.972102 0.452432 0.042073 0.109459
2 0.702729 0.441486 0.041047 0.043783
2 0.523660 0.427803 0.011288 0.027364
2 0.534435 0.425979 0.018471 0.031013
2 0.404623 0.432364 0.025654 0.040135
2 0.319963 0.437837 0.038994 0.036486
2 0.338947 0.416858 0.037968 0.023716
4 0.200224 0.445303 0.127895 0.072635
2 0.551367 0.428716 0.031811 0.043783
2 0.620121 0.440574 0.083120 0.107635
2 0.836859 0.508074 0.280574 0.220743
2 0.390770 0.437837 0.036942 0.040135
2 0.071217 0.491655 0.142434 0.275472
2 0.456445 0.436013 0.010261 0.014594
2 0.468760 0.436013 0.012314 0.014594
8 0.407189 0.391317 0.008209 0.016418
