2 0.505063 0.687763 0.002848 0.081012
2 0.475063 0.681687 0.005696 0.032067
2 0.489778 0.674092 0.023734 0.047257
4 0.552214 0.623122 0.097468 0.195780
2 0.733964 0.673755 0.114095 0.104641
2 0.399265 0.689171 0.032354 0.053554
8 0.548743 0.385822 0.132892 0.148523
8 0.378322 0.313417 0.073101 0.048945
8 0.393322 0.398480 0.111075 0.133333
8 0.231189 0.581467 0.025632 0.059071
8 0.217594 0.638649 0.015189 0.010126
8 0.210949 0.663965 0.036075 0.033755
8 0.292689 0.635274 0.010443 0.016877
8 0.313101 0.630210 0.018987 0.020253
8 0.305506 0.652151 0.005696 0.013502
8 0.310727 0.657214 0.006645 0.016877
8 0.398544 0.649619 0.011392 0.018565
8 0.420854 0.655527 0.021835 0.023628
8 0.343385 0.676286 0.010443 0.021940
8 0.307784 0.685569 0.011392 0.013502
8 0.271234 0.688101 0.008544 0.018565
