6 0.011088 0.486027 0.022177 0.089728
6 0.039957 0.466654 0.033265 0.099924
0 0.097885 0.501321 0.041295 0.226359
2 0.125988 0.486027 0.090620 0.114199
3 0.156960 0.412613 0.113562 0.208006
2 0.229418 0.447009 0.013765 0.020392
2 0.241462 0.448232 0.008029 0.020392
2 0.250639 0.447212 0.008029 0.022432
2 0.262684 0.449252 0.011470 0.022432
2 0.309141 0.449252 0.014912 0.034667
2 0.286773 0.452311 0.036706 0.044864
8 0.322332 0.393172 0.011470 0.020392
2 0.341833 0.446193 0.034412 0.048942
2 0.360760 0.450067 0.040148 0.042824
2 0.376819 0.438851 0.012618 0.036706
8 0.426144 0.408262 0.012618 0.028549
8 0.474896 0.371759 0.013765 0.034667
8 0.486367 0.363602 0.013765 0.034667
8 0.501852 0.362583 0.017206 0.040785
8 0.529382 0.348308 0.017206 0.036706
2 0.429585 0.425800 0.040148 0.020392
2 0.482352 0.418459 0.060795 0.016314
2 0.543148 0.444969 0.056207 0.069335
2 0.415247 0.463323 0.059648 0.073413
2 0.469734 0.468421 0.072266 0.091767
6 0.507588 0.466382 0.051619 0.099924
3 0.781743 0.474131 0.431306 0.944184
2 0.215746 0.445803 0.014426 0.018652
2 0.066232 0.456295 0.048526 0.081606
