2 0.234197 0.495543 0.063090 0.057099
2 0.298653 0.489280 0.056207 0.059138
2 0.347405 0.481123 0.050472 0.050981
2 0.382391 0.477044 0.019500 0.026510
2 0.416230 0.466848 0.036706 0.030589
2 0.451216 0.469907 0.028677 0.028549
2 0.482761 0.467867 0.020647 0.020392
2 0.170425 0.497437 0.075708 0.083610
2 0.498985 0.478064 0.027530 0.040785
2 0.536265 0.472966 0.012618 0.030589
2 0.577560 0.458691 0.030971 0.038746
2 0.633768 0.476025 0.014912 0.024471
2 0.613120 0.466848 0.033265 0.042824
2 0.656710 0.476025 0.030971 0.028549
2 0.687681 0.476025 0.028677 0.032628
2 0.715211 0.477044 0.033265 0.034667
2 0.761095 0.461750 0.067678 0.061178
2 0.821891 0.464808 0.069972 0.083610
2 0.936027 0.470926 0.048177 0.067296
2 0.084393 0.507633 0.110120 0.095845
2 0.560026 0.467867 0.028677 0.032628
2 0.872363 0.476025 0.083737 0.089728
8 0.266657 0.110678 0.072134 0.107253
8 0.266657 0.188787 0.072134 0.044300
2 0.520545 0.470984 0.017049 0.023316
