8 0.045427 0.209291 0.090854 0.037885
8 0.504742 0.055441 0.164765 0.072073
8 0.783336 0.045277 0.106551 0.090554
8 0.775799 0.164014 0.061332 0.117351
8 0.800228 0.256878 0.002079 0.009240
8 0.780217 0.270277 0.082642 0.091478
7 0.105004 0.188060 0.012474 0.060985
7 0.117478 0.185750 0.015592 0.069301
7 0.133331 0.186674 0.014033 0.069301
7 0.294198 0.056849 0.033264 0.110882
7 0.284842 0.073019 0.030146 0.108110
7 0.338118 0.066551 0.032745 0.119199
7 0.426218 0.319734 0.009355 0.063757
2 0.258075 0.482824 0.067049 0.101642
2 0.326683 0.500843 0.148132 0.082238
2 0.610734 0.464344 0.048857 0.027720
2 0.797330 0.503153 0.037423 0.033264
2 0.837611 0.503615 0.040021 0.026796
2 0.714167 0.513317 0.093557 0.086858
2 0.661151 0.519785 0.065490 0.072073
2 0.669987 0.583543 0.064450 0.138603
2 0.748212 0.536880 0.085761 0.076694
2 0.986524 0.529025 0.025468 0.038809
4 0.964954 0.492526 0.068608 0.048973
2 0.864639 0.530873 0.031185 0.033264
2 0.953779 0.565986 0.090958 0.114579
2 0.811103 0.575689 0.135138 0.122895
2 0.501324 0.708748 0.383585 0.542402
4 0.116439 0.399662 0.231814 0.312320
4 0.071999 0.552126 0.140856 0.617248
7 0.442938 0.418390 0.017659 0.026910
7 0.805596 0.357522 0.044149 0.080730
