2 0.556905 0.569154 0.331963 0.580175
2 0.276519 0.518414 0.127732 0.210859
2 0.173982 0.588909 0.236515 0.304436
2 0.363475 0.484727 0.032985 0.051155
2 0.389442 0.459149 0.020352 0.029944
2 0.404882 0.460397 0.013334 0.017467
7 0.266974 0.287592 0.012632 0.046164
7 0.609464 0.352472 0.008421 0.031192
7 0.437868 0.338997 0.007720 0.016219
7 0.442781 0.351474 0.007720 0.018715
7 0.462783 0.350850 0.007018 0.022458
7 0.476118 0.341492 0.005614 0.016219
7 0.483487 0.340868 0.007720 0.017467
7 0.491909 0.342740 0.006316 0.018715
7 0.502436 0.350850 0.007720 0.019963
7 0.715791 0.392299 0.014738 0.030495
7 0.281361 0.287218 0.013334 0.037430
7 0.170473 0.252906 0.014738 0.048659
8 0.764287 0.545864 0.085622 0.088585
