7 0.434794 0.413671 0.007910 0.021093
2 0.512577 0.407812 0.007910 0.023437
7 0.542108 0.430077 0.010546 0.021093
2 0.532616 0.449999 0.013183 0.032812
2 0.541845 0.452343 0.013183 0.028124
2 0.549755 0.454687 0.010546 0.032812
2 0.556347 0.457030 0.015820 0.037499
2 0.572826 0.457030 0.027685 0.051562
2 0.603808 0.453515 0.047460 0.067968
2 0.651269 0.485155 0.081738 0.117187
2 0.479552 0.453515 0.026367 0.046874
2 0.819359 0.530390 0.214892 0.241406
2 0.308232 0.490312 0.036914 0.056249
2 0.274745 0.493827 0.037968 0.053906
2 0.374941 0.466640 0.016874 0.037031
2 0.396694 0.462187 0.032958 0.051562
8 0.416337 0.439452 0.012128 0.021093
2 0.503217 0.453515 0.009228 0.021093
2 0.162158 0.505077 0.073828 0.077343
