2 0.248775 0.541237 0.068427 0.059793
2 0.291688 0.536082 0.035953 0.045360
2 0.322422 0.540206 0.025515 0.028865
2 0.367654 0.531958 0.041752 0.032989
2 0.701327 0.514433 0.024355 0.047422
2 0.725683 0.517525 0.033634 0.053608
2 0.765116 0.509278 0.056829 0.078350
2 0.796430 0.521649 0.052190 0.086597
2 0.841082 0.517525 0.069587 0.094845
2 0.934515 0.522701 0.127517 0.167051
2 0.571662 0.501031 0.008118 0.024742
2 0.631507 0.513402 0.052190 0.074226
2 0.560760 0.501031 0.015077 0.020618
2 0.582216 0.506185 0.011597 0.018556
2 0.590567 0.503092 0.009742 0.020618
2 0.597757 0.505154 0.009278 0.016494
2 0.604716 0.507216 0.006958 0.016494
8 0.661430 0.469072 0.012757 0.026804
8 0.721739 0.419587 0.017396 0.014432
7 0.560760 0.459793 0.008118 0.020618
7 0.589755 0.458762 0.008118 0.022680
8 0.519935 0.457732 0.015077 0.012371
8 0.524574 0.437113 0.012757 0.012371
2 0.488969 0.512371 0.018556 0.026804
