7 0.187624 0.366397 0.047985 0.119431
8 0.332781 0.752629 0.031190 0.031990
7 0.234410 0.759027 0.011996 0.044786
7 0.296006 0.785127 0.010559 0.029721
8 0.462312 0.864125 0.014078 0.031286
7 0.848951 0.731940 0.010559 0.023464
8 0.402829 0.859432 0.008799 0.021900
2 0.069426 0.980666 0.076553 0.035979
2 0.203614 0.951726 0.017598 0.034414
2 0.237931 0.959548 0.049275 0.071958
8 0.331203 0.896193 0.010559 0.017207
2 0.303486 0.958766 0.085352 0.079779
7 0.737486 0.625836 0.037836 0.067265
8 0.809625 0.584212 0.084534 0.124811
