7 0.543702 0.407908 0.006026 0.026020
7 0.549729 0.409438 0.004304 0.022959
7 0.538967 0.410204 0.005165 0.024489
7 0.473963 0.396428 0.004304 0.024489
7 0.468798 0.394898 0.004304 0.024489
7 0.465354 0.394898 0.004304 0.027551
8 0.180373 0.127806 0.057684 0.110204
8 0.509263 0.472194 0.011192 0.021428
8 0.582876 0.440816 0.008609 0.050510
2 0.435220 0.511990 0.057684 0.116326
2 0.587611 0.543367 0.018080 0.050510
2 0.685762 0.573214 0.081792 0.116326
2 0.350414 0.567857 0.167028 0.221938
2 0.528204 0.524234 0.049075 0.073469
0 0.124410 0.457653 0.037021 0.209693
0 0.614732 0.601530 0.091262 0.460714
0 0.153683 0.477551 0.014636 0.136224
