2 0.518262 0.511016 0.015444 0.036610
2 0.508395 0.511779 0.016302 0.041186
2 0.487372 0.511016 0.037754 0.054915
2 0.463776 0.520169 0.047192 0.051864
2 0.411435 0.523220 0.059205 0.070169
2 0.326059 0.516355 0.126991 0.141864
2 0.535423 0.520932 0.030889 0.047288
2 0.570603 0.523220 0.046334 0.079322
2 0.594200 0.512542 0.009438 0.015254
2 0.602780 0.525508 0.021451 0.032033
2 0.624660 0.534660 0.041186 0.053389
2 0.256986 0.504152 0.026599 0.032033
2 0.170323 0.508728 0.024883 0.022881
2 0.150587 0.498813 0.012870 0.021355
2 0.132997 0.503389 0.024025 0.024406
2 0.125704 0.506949 0.019735 0.025423
2 0.079369 0.505677 0.035180 0.028983
2 0.022309 0.506440 0.044618 0.045762
2 0.066498 0.475932 0.030031 0.018305
2 0.152733 0.476694 0.022309 0.016779
2 0.211509 0.480508 0.021451 0.015254
2 0.227812 0.480508 0.009438 0.012203
2 0.211080 0.507966 0.037754 0.027457
2 0.247976 0.478220 0.017161 0.013728
2 0.934331 0.734491 0.126133 0.379830
8 0.520407 0.390508 0.033463 0.042711
8 0.529846 0.471355 0.006006 0.012203
8 0.936367 0.311901 0.034322 0.045762
2 0.106827 0.507457 0.019735 0.030508
