7 0.407964 0.435197 0.008992 0.053289
7 0.582320 0.364144 0.011990 0.063947
7 0.597308 0.384572 0.009991 0.040855
7 0.857594 0.417434 0.014987 0.046184
7 0.925038 0.476052 0.013988 0.049736
7 0.930534 0.562203 0.010990 0.019539
8 0.889068 0.437861 0.037968 0.015986
8 0.410961 0.509802 0.018984 0.024868
8 0.341518 0.350822 0.033972 0.055065
8 0.345016 0.405000 0.026977 0.049736
8 0.350511 0.468059 0.013988 0.065723
8 0.226113 0.284210 0.036969 0.067499
7 0.161167 0.303750 0.022981 0.067499
7 0.344516 0.270888 0.021981 0.090592
2 0.438439 0.612828 0.011990 0.017763
2 0.465916 0.609276 0.010990 0.021315
2 0.395474 0.616381 0.025978 0.039078
2 0.376490 0.627927 0.019983 0.044407
2 0.355507 0.629703 0.025978 0.062171
2 0.365998 0.594177 0.028976 0.026644
2 0.326531 0.634144 0.035970 0.078157
2 0.270577 0.643026 0.095921 0.120789
2 0.149177 0.657236 0.150875 0.181184
2 0.053356 0.706085 0.106712 0.275328
2 0.557840 0.613717 0.018984 0.026644
2 0.520871 0.611940 0.016986 0.037302
2 0.540854 0.628815 0.024979 0.039078
2 0.582820 0.618157 0.020982 0.028421
2 0.495891 0.653684 0.068943 0.106578
2 0.635776 0.631480 0.034971 0.047960
2 0.728700 0.635032 0.018984 0.040855
2 0.759175 0.648355 0.053955 0.049736
2 0.818126 0.651019 0.067944 0.065723
2 0.687733 0.643026 0.072939 0.085263
2 0.616792 0.619934 0.016986 0.024868
2 0.603303 0.614605 0.017985 0.028421
