0 0.897400 0.631698 0.008596 0.061132
0 0.905997 0.615142 0.008596 0.058584
0 0.929638 0.626604 0.012895 0.076415
0 0.946831 0.627877 0.012895 0.073867
0 0.968323 0.629151 0.012895 0.066226
7 0.747197 0.483962 0.010029 0.033113
7 0.566666 0.455943 0.012895 0.033113
8 0.439148 0.467406 0.015760 0.015283
8 0.490728 0.478868 0.027222 0.017830
8 0.863968 0.511981 0.020058 0.010188
2 0.606067 0.570566 0.020058 0.022924
2 0.585292 0.576934 0.018626 0.035660
2 0.550905 0.597311 0.050147 0.081509
2 0.489295 0.578208 0.078803 0.084056
2 0.442730 0.604953 0.054445 0.101886
2 0.420522 0.636793 0.070206 0.216509
2 0.637589 0.573113 0.037252 0.038207
2 0.641887 0.603679 0.034386 0.073867
2 0.770837 0.787076 0.323809 0.420283
3 0.204888 0.499245 0.409776 0.995944
2 0.729287 0.557830 0.037252 0.038207
2 0.688452 0.561651 0.038685 0.025471
