8 0.871478 0.139505 0.052639 0.025994
8 0.848082 0.216623 0.031193 0.083183
8 0.837847 0.037259 0.041916 0.071052
8 0.518597 0.434980 0.005848 0.017329
8 0.295366 0.419383 0.013647 0.006931
8 0.302190 0.426315 0.013647 0.006931
7 0.860267 0.297208 0.030219 0.060654
7 0.295854 0.453177 0.008773 0.012130
0 0.027294 0.514698 0.027294 0.090115
0 0.272946 0.486970 0.011697 0.031193
0 0.298291 0.485237 0.007798 0.020795
0 0.948488 0.509499 0.033143 0.131707
0 0.890486 0.488703 0.039967 0.180231
0 0.902672 0.518164 0.015596 0.114377
0 0.687239 0.460109 0.013647 0.057188
2 0.154994 0.517298 0.130624 0.105712
2 0.330459 0.500834 0.058488 0.069319
2 0.454747 0.484371 0.032168 0.046790
2 0.405032 0.469640 0.018521 0.024261
2 0.649709 0.502567 0.094556 0.097047
2 0.599506 0.486970 0.060438 0.097047
2 0.570262 0.486104 0.023395 0.060654
2 0.551741 0.485237 0.031193 0.048523
2 0.534194 0.482638 0.013647 0.043324
2 0.536144 0.477439 0.035093 0.057188
2 0.518110 0.473973 0.010722 0.039858
2 0.508849 0.474839 0.007798 0.038125
2 0.499589 0.471373 0.010722 0.024261
2 0.470832 0.470507 0.011697 0.032926
2 0.417217 0.460975 0.009748 0.013863
2 0.426478 0.457509 0.004874 0.013863
7 0.363603 0.395122 0.005848 0.020795
2 0.486916 0.453177 0.008773 0.015596
