7 0.243386 0.235112 0.019502 0.080176
7 0.261669 0.238362 0.017064 0.078009
7 0.225102 0.234028 0.017064 0.078009
7 0.516419 0.227527 0.019502 0.073675
7 0.556034 0.430136 0.015845 0.032503
7 0.536531 0.429052 0.015845 0.043338
7 0.373808 0.409550 0.012188 0.052006
7 0.387216 0.485392 0.009751 0.026003
7 0.401233 0.488643 0.010970 0.028170
8 0.393310 0.414967 0.026815 0.019502
8 0.540188 0.470224 0.018283 0.039004
1 0.468882 0.556901 0.031691 0.073675
6 0.469932 0.619742 0.024040 0.060674
0 0.446604 0.566652 0.021940 0.110513
0 0.404552 0.563402 0.015845 0.078009
0 0.391754 0.567736 0.012188 0.069341
0 0.584949 0.557985 0.025596 0.140850
0 0.374689 0.554734 0.009751 0.052006
2 0.344491 0.572998 0.051193 0.078009
2 0.312800 0.546995 0.012188 0.030337
2 0.572425 0.559532 0.131641 0.093178
2 0.786951 0.683048 0.424177 0.413884
2 0.167141 0.665712 0.332759 0.665248
