8 0.166844 0.305064 0.043660 0.040195
8 0.172496 0.352189 0.031575 0.048511
8 0.146183 0.399314 0.022609 0.051283
8 0.751791 0.317884 0.019491 0.039502
8 0.664275 0.311647 0.010525 0.024255
2 0.752553 0.410056 0.054185 0.057520
2 0.537565 0.363970 0.018711 0.030492
2 0.519244 0.368475 0.020270 0.025641
2 0.625275 0.366742 0.018711 0.038809
4 0.570310 0.392493 0.036643 0.062152
2 0.651394 0.438123 0.047558 0.062371
2 0.470711 0.430846 0.033914 0.049204
2 0.487668 0.452676 0.024169 0.066529
2 0.557641 0.438470 0.037812 0.063064
2 0.523337 0.451637 0.065880 0.083855
2 0.380750 0.461969 0.084201 0.094943
2 0.239829 0.496967 0.169572 0.167710
7 0.363708 0.345238 0.006237 0.020097
7 0.448300 0.327220 0.005457 0.021483
7 0.618068 0.290952 0.005847 0.021483
7 0.595458 0.298228 0.005847 0.015246
7 0.695448 0.314861 0.009355 0.026334
2 0.113888 0.553462 0.227487 0.463712
7 0.269234 0.356102 0.026309 0.036141
2 0.599293 0.357165 0.019133 0.025511
