2 0.677978 0.521630 0.149145 0.173299
2 0.603406 0.499968 0.095531 0.112644
2 0.551253 0.484371 0.075060 0.095314
2 0.515673 0.474839 0.046790 0.069319
2 0.490328 0.470507 0.027294 0.050256
2 0.479118 0.461842 0.028269 0.039858
2 0.232491 0.516431 0.077009 0.069319
2 0.289030 0.505167 0.043866 0.057188
2 0.331922 0.493036 0.038017 0.046790
2 0.367989 0.481771 0.030219 0.038125
2 0.415268 0.474839 0.027294 0.041591
2 0.444024 0.468774 0.014622 0.029460
7 0.430865 0.441912 0.009748 0.031193
7 0.457672 0.440179 0.008773 0.027727
8 0.547354 0.409852 0.014622 0.029460
