2 0.433723 0.474370 0.006694 0.013602
2 0.431811 0.481171 0.006694 0.013602
2 0.422247 0.482871 0.008607 0.013602
2 0.415074 0.481171 0.005738 0.013602
2 0.409335 0.482871 0.009563 0.020403
2 0.407423 0.486272 0.007651 0.017002
2 0.344779 0.499024 0.023909 0.028904
2 0.328042 0.495623 0.021040 0.011901
2 0.329477 0.516876 0.027735 0.040806
2 0.259182 0.513476 0.038255 0.034005
2 0.212319 0.504124 0.063121 0.028904
2 0.185540 0.527928 0.049732 0.056108
2 0.134373 0.527078 0.071729 0.068010
2 0.051166 0.533029 0.102333 0.110516
2 0.020562 0.574685 0.041124 0.061209
2 0.671865 0.513759 0.129112 0.076511
2 0.458590 0.489956 0.041124 0.032304
2 0.418262 0.493923 0.015302 0.022103
2 0.401047 0.488822 0.013389 0.025503
2 0.367095 0.502424 0.025822 0.039105
2 0.298713 0.520277 0.043994 0.061209
2 0.228896 0.542380 0.068860 0.071410
2 0.459546 0.584036 0.111897 0.158123
8 0.246749 0.416986 0.013389 0.010201
