2 0.836222 0.483629 0.325279 0.309938
2 0.670657 0.454507 0.104136 0.097765
8 0.098493 0.350501 0.019891 0.014560
8 0.509187 0.366101 0.010530 0.016640
8 0.688208 0.347380 0.019891 0.012480
7 0.349473 0.406664 0.007020 0.018721
7 0.413826 0.413944 0.009360 0.020801
8 0.501582 0.455547 0.007020 0.020801
8 0.542534 0.435786 0.009360 0.014560
2 0.560085 0.463867 0.035102 0.049922
2 0.455949 0.481548 0.046802 0.052003
2 0.383990 0.481548 0.045632 0.064483
2 0.328996 0.474268 0.036272 0.033281
2 0.426112 0.475308 0.017551 0.039522
2 0.355908 0.470108 0.017551 0.024961
2 0.537269 0.472188 0.008190 0.037442
8 0.714535 0.351541 0.016380 0.024961
