8 0.455014 0.254765 0.010546 0.025781
8 0.379209 0.275859 0.014501 0.021093
2 0.456333 0.320390 0.021093 0.016406
2 0.435898 0.323906 0.019775 0.023437
2 0.419419 0.322734 0.021093 0.035156
2 0.393052 0.321562 0.036914 0.042187
2 0.346250 0.332109 0.061962 0.044531
2 0.223643 0.336796 0.151611 0.100781
4 0.427329 0.300468 0.029003 0.042187
4 0.323838 0.305156 0.067236 0.093749
4 0.182773 0.302812 0.141064 0.159374
2 0.489951 0.328593 0.014501 0.028124
2 0.576303 0.321562 0.010546 0.023437
2 0.604648 0.339140 0.048779 0.067968
4 0.468198 0.311015 0.010546 0.030468
4 0.485337 0.312187 0.021093 0.037499
2 0.538071 0.368437 0.105468 0.135937
2 0.746372 0.349687 0.176660 0.210937
2 0.050847 0.355546 0.101694 0.096093
