2 0.540839 0.513136 0.010520 0.013602
2 0.547056 0.516536 0.007651 0.013602
2 0.554707 0.519087 0.017215 0.032304
2 0.559967 0.521637 0.014345 0.030604
2 0.577182 0.519937 0.031560 0.044206
2 0.531754 0.514836 0.011476 0.010201
2 0.523624 0.513136 0.012433 0.013602
2 0.513104 0.516536 0.014345 0.020403
2 0.503540 0.519087 0.008607 0.028904
2 0.489672 0.517386 0.028691 0.035705
2 0.698644 0.544761 0.119549 0.139420
2 0.422725 0.512456 0.053557 0.034005
2 0.261095 0.506505 0.063121 0.062909
2 0.874939 0.578652 0.136764 0.404660
8 0.576878 0.461352 0.009563 0.022103
