2 0.057374 0.511552 0.114397 0.300693
2 0.078779 0.427957 0.157208 0.178419
7 0.073165 0.297573 0.028073 0.027449
7 0.207915 0.093576 0.014036 0.063632
7 0.397759 0.314417 0.004912 0.016219
7 0.646907 0.293830 0.022458 0.027449
7 0.223706 0.096072 0.014738 0.061136
7 0.193528 0.097319 0.013334 0.056146
7 0.402672 0.314417 0.002807 0.013724
7 0.441974 0.351224 0.008421 0.009981
7 0.393899 0.344362 0.005614 0.011229
8 0.065094 0.190896 0.030178 0.016219
8 0.435657 0.327518 0.009123 0.007486
8 0.440570 0.318784 0.010527 0.007486
8 0.427236 0.343738 0.007720 0.007486
8 0.992556 0.123521 0.013334 0.073613
8 0.990801 0.014972 0.016843 0.028696
0 0.198791 0.396141 0.014036 0.077356
0 0.504436 0.403003 0.015440 0.073613
0 0.551810 0.391774 0.017545 0.091081
0 0.678840 0.377425 0.019651 0.084842
0 0.606903 0.393022 0.020352 0.098567
0 0.458467 0.384288 0.008421 0.038678
0 0.239497 0.393645 0.012632 0.077356
0 0.705860 0.379297 0.026669 0.088585
0 0.592515 0.384912 0.017545 0.077356
0 0.571461 0.385535 0.016141 0.086090
0 0.542335 0.385535 0.014036 0.066127
0 0.494962 0.374930 0.009123 0.032439
0 0.444430 0.384912 0.007720 0.034935
2 0.402321 0.388655 0.007018 0.044916
2 0.393548 0.386159 0.010527 0.052402
2 0.387582 0.394893 0.022458 0.077356
2 0.748321 0.388031 0.066673 0.088585
2 0.885878 0.371187 0.223882 0.222088
2 0.331436 0.409865 0.122117 0.174676
0 0.256341 0.401132 0.014036 0.079852
