4 0.436816 0.453278 0.043249 0.087615
4 0.375966 0.446125 0.062359 0.116225
0 0.363393 0.472052 0.023133 0.092980
2 0.332716 0.465794 0.036208 0.066158
2 0.318132 0.472052 0.025144 0.064370
2 0.271363 0.475629 0.078451 0.110860
2 0.215541 0.504238 0.087504 0.114437
2 0.122002 0.523013 0.145840 0.155562
2 0.031672 0.556092 0.062982 0.193112
2 0.471013 0.453278 0.015086 0.055430
2 0.484088 0.454172 0.025144 0.067947
2 0.510239 0.454172 0.053307 0.143046
4 0.586560 0.471456 0.145600 0.222914
2 0.749115 0.543576 0.313807 0.350463
2 0.887884 0.571291 0.223224 0.491721
0 0.970390 0.334370 0.050289 0.110860
8 0.780295 0.145728 0.034197 0.048278
