8 0.637308 0.349467 0.030047 0.050989
8 0.561034 0.384673 0.052318 0.048561
8 0.674867 0.370105 0.025949 0.033992
8 0.668721 0.401670 0.013657 0.024280
8 0.644137 0.406526 0.010926 0.024280
8 0.114213 0.429593 0.027315 0.026708
8 0.146992 0.432021 0.027315 0.036420
8 0.229622 0.399380 0.031413 0.048836
2 0.586091 0.432021 0.012292 0.021852
2 0.577897 0.438091 0.009560 0.019424
2 0.568336 0.434449 0.009560 0.021852
2 0.545801 0.438091 0.010926 0.024280
2 0.555361 0.441733 0.016389 0.021852
2 0.500047 0.440519 0.012292 0.019424
2 0.491852 0.458729 0.023218 0.036420
2 0.437221 0.458729 0.031413 0.046133
2 0.521217 0.466013 0.046436 0.070413
2 0.607944 0.458729 0.055997 0.084982
2 0.349811 0.487866 0.127017 0.162679
2 0.257620 0.457515 0.043705 0.033992
2 0.143577 0.470870 0.039607 0.031564
2 0.097824 0.457515 0.046436 0.038848
2 0.058472 0.555852 0.116945 0.182104
2 0.862660 0.432021 0.086324 0.065557
2 0.786861 0.433204 0.055997 0.043766
2 0.730864 0.432021 0.047802 0.036420
2 0.685794 0.435663 0.025949 0.029136
2 0.485023 0.438091 0.020486 0.024280
