7 0.572611 0.409849 0.007039 0.020336
7 0.559412 0.461471 0.007039 0.014078
7 0.452061 0.488847 0.007039 0.012514
7 0.344270 0.454432 0.007919 0.025028
7 0.412904 0.394206 0.007919 0.020336
7 0.477139 0.490411 0.007919 0.012514
8 0.343903 0.430706 0.014958 0.009385
8 0.267790 0.447132 0.015838 0.017207
8 0.265150 0.468250 0.026397 0.021900
8 0.273509 0.329808 0.009679 0.010950
8 0.270870 0.354055 0.009679 0.015643
8 0.671162 0.318337 0.023757 0.018771
2 0.529186 0.502925 0.008799 0.020336
2 0.532706 0.501361 0.008799 0.014078
2 0.548985 0.515440 0.032557 0.045365
2 0.589901 0.530301 0.059834 0.071958
2 0.521267 0.510747 0.014078 0.042236
2 0.500589 0.527172 0.050155 0.078215
2 0.375639 0.542815 0.104711 0.153302
2 0.320644 0.538122 0.038716 0.093858
2 0.282807 0.558458 0.082712 0.100115
1 0.450873 0.505898 0.010559 0.021900
5 0.452545 0.518568 0.011439 0.020336
0 0.431867 0.514658 0.010559 0.040672
0 0.463984 0.510747 0.006159 0.029721
