2 0.289379 0.426327 0.046142 0.067968
2 0.242577 0.426327 0.044824 0.072656
2 0.198412 0.439218 0.035595 0.051562
2 0.338158 0.418124 0.019775 0.032812
2 0.363866 0.419296 0.015820 0.021093
2 0.312582 0.397030 0.011865 0.018749
2 0.145200 0.437109 0.039550 0.039843
2 0.551914 0.469921 0.220165 0.269531
7 0.178159 0.344531 0.010546 0.018749
7 0.290698 0.339062 0.009228 0.018749
7 0.342773 0.324999 0.010546 0.018749
7 0.390234 0.383593 0.007910 0.023437
7 0.342773 0.381249 0.010546 0.018749
8 0.155346 0.386718 0.011865 0.018749
8 0.406274 0.257421 0.014501 0.021093
7 0.406933 0.326562 0.010546 0.023437
0 0.800902 0.413671 0.048779 0.185156
