7 0.382003 0.406432 0.005035 0.014323
7 0.335676 0.404641 0.005035 0.014323
7 0.310497 0.427917 0.007049 0.017904
7 0.346250 0.426127 0.006042 0.014323
7 0.357329 0.412699 0.004028 0.019694
8 0.324597 0.406432 0.011078 0.010742
8 0.412217 0.418965 0.007049 0.014323
2 0.388550 0.436870 0.012085 0.017904
2 0.397614 0.440451 0.012085 0.025066
2 0.416246 0.448508 0.025178 0.030437
2 0.293376 0.447612 0.013092 0.028647
3 0.072412 0.410908 0.144825 0.227387
2 0.210792 0.465517 0.162147 0.214854
7 0.467609 0.201425 0.015106 0.055503
7 0.447467 0.204111 0.017121 0.071618
7 0.603572 0.256929 0.013092 0.055503
7 0.609615 0.358985 0.015106 0.023275
8 0.594508 0.335709 0.031220 0.019694
