8 0.290005 0.518164 0.034118 0.051989
8 0.383099 0.525962 0.023395 0.019062
8 0.807140 0.550224 0.019496 0.015596
8 0.494227 0.611746 0.013647 0.017329
8 0.507874 0.616945 0.009748 0.020795
7 0.505925 0.493036 0.009748 0.050256
7 0.459621 0.572753 0.008773 0.039858
7 0.698449 0.509499 0.010722 0.038125
7 0.378712 0.569287 0.012672 0.019062
7 0.918756 0.581418 0.014622 0.025994
2 0.566850 0.656803 0.014622 0.027727
2 0.552716 0.656803 0.007798 0.024261
2 0.538581 0.648138 0.022420 0.027727
2 0.645810 0.661136 0.028269 0.029460
2 0.689189 0.650738 0.062387 0.088382
2 0.920706 0.672400 0.071160 0.090115
2 0.608280 0.650738 0.035093 0.050256
2 0.787157 0.668068 0.145246 0.199294
2 0.932403 0.775513 0.133548 0.431514
0 0.332896 0.649871 0.012672 0.072785
0 0.320711 0.651604 0.013647 0.072785
0 0.307551 0.662002 0.014622 0.083183
0 0.275870 0.662869 0.021445 0.084916
7 0.417217 0.490436 0.015596 0.051989
