0 0.177289 0.417144 0.026765 0.099244
0 0.139404 0.409678 0.022879 0.114221
0 0.311626 0.445015 0.009941 0.048942
0 0.320421 0.445015 0.010706 0.040785
0 0.297861 0.436857 0.006882 0.043504
0 0.288302 0.438897 0.007647 0.047583
0 0.263831 0.428700 0.019882 0.081570
0 0.271478 0.436857 0.012235 0.076132
0 0.237065 0.424622 0.012235 0.084290
0 0.252742 0.432779 0.017588 0.076132
0 0.491592 0.481722 0.006882 0.029909
0 0.527279 0.493731 0.011470 0.050302
7 0.327176 0.384063 0.005353 0.014954
2 0.373824 0.453172 0.013000 0.027190
2 0.418561 0.466767 0.009176 0.032628
2 0.437296 0.476283 0.016059 0.043504
2 0.451826 0.481042 0.028294 0.044864
2 0.641479 0.533836 0.136886 0.149546
2 0.395109 0.474244 0.043844 0.072054
2 0.461895 0.489425 0.035177 0.046223
2 0.802032 0.599931 0.248107 0.187477
2 0.358275 0.454758 0.016059 0.028549
8 0.515636 0.424472 0.022784 0.035443
8 0.514687 0.448944 0.018987 0.023628
