8 0.487973 0.448124 0.013183 0.028124
8 0.451059 0.457499 0.010546 0.023437
8 0.325156 0.431718 0.011865 0.018749
8 0.348227 0.432890 0.018457 0.021093
2 0.410849 0.468046 0.011865 0.016406
2 0.420737 0.466874 0.013183 0.023437
2 0.400303 0.465702 0.011865 0.016406
2 0.400303 0.478593 0.011865 0.014062
2 0.381846 0.469218 0.011865 0.009374
2 0.374595 0.478593 0.013183 0.014062
2 0.388437 0.482109 0.014501 0.016406
2 0.360093 0.480937 0.015820 0.014062
2 0.346250 0.490312 0.011865 0.014062
2 0.430625 0.486796 0.030322 0.049218
2 0.408213 0.499687 0.025048 0.037499
2 0.391074 0.512577 0.017138 0.058593
2 0.371958 0.520780 0.042187 0.074999
2 0.336362 0.537187 0.055371 0.103124
2 0.099058 0.560624 0.076464 0.135937
2 0.226938 0.533671 0.200390 0.255468
2 0.513022 0.514921 0.050097 0.077343
