8 0.542480 0.181964 0.030219 0.058921
8 0.636062 0.182830 0.030219 0.057188
8 0.740366 0.298941 0.014622 0.022528
8 0.494714 0.376059 0.010722 0.020795
8 0.518597 0.389923 0.011697 0.024261
8 0.625339 0.381258 0.008773 0.020795
8 0.664818 0.397721 0.009748 0.015596
8 0.740366 0.327535 0.012672 0.010397
7 0.574649 0.363061 0.008773 0.015596
7 0.739391 0.356129 0.008773 0.012130
7 0.642885 0.400321 0.008773 0.017329
7 0.600969 0.400321 0.008773 0.017329
7 0.242727 0.393389 0.009748 0.038125
8 0.206171 0.369993 0.012672 0.019062
2 0.609742 0.407253 0.016571 0.017329
2 0.629725 0.408119 0.015596 0.019062
2 0.620952 0.418517 0.019496 0.019062
2 0.592683 0.425449 0.027294 0.032926
2 0.596094 0.460109 0.043866 0.064120
2 0.658482 0.420250 0.020470 0.029460
2 0.643373 0.414185 0.011697 0.017329
2 0.503975 0.427182 0.021445 0.029460
2 0.473756 0.430648 0.029244 0.029460
2 0.401133 0.444512 0.049715 0.046790
2 0.342644 0.441912 0.036067 0.031193
2 0.251500 0.439313 0.040941 0.036392
2 0.073110 0.467867 0.146221 0.130513
2 0.441100 0.439313 0.024370 0.029460
2 0.172540 0.426315 0.037042 0.038125
2 0.790081 0.482638 0.127699 0.154236
2 0.667255 0.500834 0.114052 0.142105
2 0.565388 0.436713 0.025345 0.041591
7 0.241264 0.350930 0.008773 0.019062
