2 0.283974 0.571171 0.010546 0.011718
2 0.262880 0.566483 0.015820 0.016406
2 0.236513 0.567655 0.018457 0.023437
2 0.341059 0.532499 0.035595 0.009374
3 0.074487 0.548437 0.101513 0.089062
8 0.495439 0.479296 0.007910 0.025781
8 0.389311 0.499218 0.017138 0.009374
7 0.372831 0.494530 0.005273 0.018749
8 0.412778 0.514218 0.011865 0.009374
8 0.429257 0.552890 0.010546 0.011718
7 0.424643 0.524765 0.003955 0.021093
7 0.268945 0.502968 0.005273 0.023437
8 0.283842 0.534843 0.009228 0.018749
8 0.177319 0.478710 0.019775 0.037499
2 0.348376 0.616405 0.104150 0.149999
2 0.207114 0.566249 0.009228 0.023437
2 0.191952 0.567421 0.015820 0.021093
2 0.172177 0.565077 0.013183 0.025781
2 0.156357 0.565077 0.013183 0.025781
2 0.137900 0.566249 0.023730 0.023437
