0 0.167093 0.522054 0.142239 0.530211
0 0.088326 0.431646 0.050472 0.267824
0 0.432635 0.389501 0.019882 0.077492
0 0.021312 0.479909 0.042624 0.410573
0 0.893613 0.448640 0.030589 0.084290
0 0.874211 0.383383 0.023706 0.125075
0 0.852416 0.413972 0.052001 0.069335
0 0.817621 0.416691 0.035942 0.055740
0 0.802327 0.405815 0.065001 0.145468
0 0.704059 0.412613 0.019882 0.129154
0 0.681500 0.378625 0.025236 0.044864
0 0.657411 0.411933 0.022941 0.122356
2 0.300410 0.391087 0.081825 0.106042
2 0.560673 0.412613 0.098140 0.135951
2 0.391387 0.374138 0.007647 0.021752
2 0.443006 0.379577 0.008412 0.019033
2 0.450271 0.379577 0.012235 0.024471
2 0.459066 0.384335 0.019118 0.031268
2 0.383740 0.383655 0.016824 0.046223
2 0.365769 0.385694 0.034412 0.063897
2 0.341298 0.389093 0.039001 0.087009
2 0.258860 0.363262 0.054295 0.103323
2 0.230947 0.385015 0.038236 0.087009
2 0.082972 0.400649 0.123121 0.104682
0 0.059648 0.351027 0.010706 0.013595
2 0.423531 0.388821 0.023706 0.035347
2 0.490063 0.386102 0.051236 0.076132
7 0.426030 0.313368 0.005353 0.020392
7 0.426030 0.316767 0.005353 0.021752
8 0.477266 0.326283 0.014529 0.024471
8 0.460420 0.343666 0.006882 0.014954
8 0.503245 0.302880 0.013000 0.023111
8 0.304034 0.297442 0.015294 0.042145
7 0.420820 0.312187 0.008437 0.028124
