1 0.165245 0.489374 0.046406 0.157499
5 0.163135 0.509999 0.044296 0.116249
8 0.187393 0.326249 0.025312 0.052499
8 0.092999 0.164062 0.028476 0.065624
7 0.109346 0.224999 0.021093 0.041249
7 0.400440 0.046874 0.023203 0.086249
7 0.427862 0.053437 0.021093 0.099374
7 0.333467 0.270937 0.011601 0.054374
7 0.346124 0.275624 0.013710 0.056249
8 0.266495 0.331874 0.018984 0.018749
8 0.683096 0.284999 0.027421 0.067499
8 0.551260 0.323437 0.018984 0.046874
8 0.569190 0.327187 0.012656 0.016874
8 0.576045 0.341249 0.020039 0.014999
8 0.769581 0.026249 0.029531 0.044999
8 0.778018 0.066562 0.067499 0.043124
7 0.811241 0.223124 0.036914 0.086249
7 0.665694 0.184687 0.022148 0.054374
7 0.837081 0.234374 0.025312 0.078749
7 0.253311 0.374999 0.013710 0.029999
7 0.555479 0.375937 0.012656 0.020624
8 0.101964 0.329062 0.018984 0.028124
0 0.041846 0.448124 0.016874 0.078749
2 0.912491 0.448124 0.110742 0.078749
2 0.800694 0.448124 0.110742 0.078749
2 0.646182 0.430312 0.073828 0.046874
2 0.745323 0.415312 0.082265 0.046874
2 0.446846 0.537187 0.269999 0.339374
