2 0.609993 0.537641 0.133846 0.135971
2 0.367566 0.484224 0.034144 0.038848
2 0.322495 0.476940 0.025949 0.029136
2 0.274693 0.484224 0.034144 0.053417
2 0.220061 0.470870 0.025949 0.036420
2 0.246011 0.467228 0.023218 0.033992
2 0.295862 0.475726 0.008194 0.031564
2 0.305423 0.469656 0.010926 0.024280
2 0.390101 0.484224 0.010926 0.038848
0 0.460439 0.479368 0.012292 0.024280
0 0.480926 0.483010 0.012292 0.016996
0 0.557410 0.491508 0.012292 0.043705
0 0.892710 0.531571 0.024584 0.075269
0 0.806665 0.509719 0.016389 0.055845
8 0.009304 0.388316 0.018608 0.050989
8 0.226207 0.425950 0.016389 0.019424
8 0.243280 0.429593 0.015023 0.021852
8 0.926854 0.456301 0.016389 0.046133
8 0.936415 0.459943 0.010926 0.038848
