2 0.037095 0.532499 0.036914 0.023437
2 0.116196 0.544921 0.200390 0.142968
2 0.352182 0.575390 0.355956 0.203906
8 0.255283 0.431249 0.014501 0.046874
7 0.306699 0.444140 0.017138 0.021093
7 0.114878 0.325781 0.010546 0.037499
7 0.130698 0.325781 0.015820 0.046874
7 0.161680 0.350390 0.009228 0.035156
8 0.192661 0.331640 0.058007 0.030468
8 0.448423 0.454687 0.015820 0.042187
2 0.433921 0.515624 0.029003 0.046874
4 0.509067 0.510937 0.126562 0.093749
2 0.787900 0.555468 0.238622 0.149999
2 0.957309 0.575390 0.084374 0.100781
6 0.522251 0.540234 0.018457 0.067968
8 0.432602 0.348515 0.031640 0.058593
