4 0.228867 0.382031 0.086484 0.099374
2 0.494120 0.386718 0.010546 0.016874
2 0.417550 0.383249 0.011601 0.014999
2 0.407003 0.386999 0.011601 0.018749
2 0.391710 0.380437 0.016874 0.016874
2 0.300585 0.390749 0.018984 0.037499
2 0.362812 0.386999 0.010546 0.018749
2 0.431894 0.380437 0.015820 0.020624
2 0.534199 0.390749 0.009492 0.026249
2 0.654538 0.406687 0.023203 0.035624
2 0.705691 0.411374 0.039023 0.078749
2 0.332964 0.417187 0.079101 0.095624
2 0.477456 0.390937 0.026367 0.039374
2 0.453199 0.393749 0.022148 0.033749
2 0.517429 0.405937 0.040078 0.065624
2 0.614460 0.403124 0.042187 0.052499
2 0.027949 0.407812 0.055898 0.073124
2 0.839530 0.482812 0.311132 0.367499
8 0.536202 0.344062 0.018984 0.024374
7 0.495175 0.353624 0.005273 0.014999
8 0.647050 0.352499 0.007382 0.029999
