2 0.448318 0.254946 0.049168 0.131115
2 0.395052 0.275584 0.120188 0.196672
2 0.211798 0.319706 0.359885 0.386894
2 0.063850 0.528102 0.127017 0.342356
2 0.780203 0.267086 0.057362 0.111690
2 0.829372 0.269514 0.087410 0.169964
2 0.906538 0.304721 0.184380 0.604586
2 0.610163 0.330216 0.315495 0.422482
8 0.832686 0.060701 0.032778 0.024280
8 0.820394 0.081339 0.040973 0.026708
7 0.834735 0.127473 0.023218 0.041277
7 0.811517 0.132329 0.017755 0.036420
7 0.651037 0.023066 0.019120 0.046133
7 0.504060 0.024821 0.014711 0.039930
7 0.455730 0.166322 0.010926 0.021852
8 0.457096 0.087410 0.019120 0.019424
