0 0.663677 0.459175 0.015077 0.068041
0 0.679914 0.448866 0.015077 0.080412
2 0.472616 0.435051 0.008118 0.020618
2 0.480154 0.436082 0.009278 0.018556
2 0.486533 0.436082 0.010438 0.022680
2 0.496971 0.441237 0.010438 0.028865
2 0.434922 0.432989 0.009278 0.028865
2 0.426804 0.434707 0.009278 0.022680
2 0.416945 0.438831 0.008118 0.022680
2 0.412306 0.435738 0.008118 0.020618
2 0.384471 0.434707 0.008118 0.026804
2 0.374613 0.437800 0.016237 0.032989
2 0.357796 0.439518 0.028994 0.047422
2 0.514948 0.440549 0.032474 0.049484
2 0.575837 0.463230 0.061469 0.078350
2 0.067268 0.481099 0.134536 0.210309
2 0.837951 0.517182 0.318943 0.344329
8 0.237177 0.309572 0.017396 0.016494
8 0.333440 0.335346 0.012757 0.051546
8 0.560843 0.379676 0.013917 0.016494
2 0.460438 0.434315 0.011597 0.030927
8 0.405927 0.412665 0.006958 0.016494
