7 0.543671 0.193230 0.010091 0.047092
7 0.520335 0.197715 0.008829 0.042607
7 0.530426 0.194725 0.008829 0.051578
7 0.263005 0.209302 0.008829 0.044850
7 0.274358 0.212665 0.008829 0.047092
7 0.253545 0.211544 0.007568 0.044850
7 0.633653 0.365157 0.017659 0.024667
7 0.793222 0.296760 0.026489 0.026910
2 0.438595 0.431910 0.006307 0.017940
2 0.444902 0.436395 0.011352 0.026910
2 0.464833 0.442001 0.031535 0.042607
2 0.399869 0.434152 0.010091 0.017940
2 0.388517 0.437516 0.017659 0.020182
2 0.307155 0.459941 0.044149 0.060548
2 0.352188 0.451868 0.068116 0.074003
2 0.422449 0.432582 0.011352 0.020182
2 0.480474 0.450522 0.039103 0.056063
2 0.588073 0.486403 0.148847 0.177159
2 0.843439 0.573124 0.309047 0.506810
2 0.082118 0.491561 0.164236 0.215282
8 0.120465 0.317765 0.013875 0.015697
2 0.008829 0.561079 0.017659 0.170431
7 0.121096 0.379547 0.015137 0.020182
8 0.889390 0.041006 0.049195 0.058305
8 0.776718 0.185568 0.017659 0.013455
8 0.772934 0.206872 0.010091 0.015697
