8 0.330527 0.306414 0.027976 0.062171
8 0.726202 0.374802 0.019983 0.014210
8 0.514876 0.370361 0.014987 0.023092
8 0.418455 0.322401 0.011990 0.019539
8 0.364000 0.361480 0.014987 0.015986
8 0.041765 0.351710 0.025978 0.024868
2 0.278071 0.463618 0.022981 0.031973
2 0.337522 0.456513 0.063947 0.060394
2 0.229611 0.463618 0.085929 0.085263
2 0.592812 0.478717 0.092923 0.101250
2 0.661955 0.443190 0.006994 0.015986
2 0.677442 0.446743 0.019983 0.015986
2 0.539068 0.445378 0.029244 0.020795
2 0.629725 0.452310 0.015596 0.027727
