7 0.208678 0.404787 0.017937 0.017007
8 0.225420 0.431574 0.025113 0.025511
7 0.729478 0.463464 0.021525 0.029763
8 0.759375 0.270000 0.009566 0.012755
7 0.854446 0.415630 0.027504 0.036141
7 0.416639 0.459212 0.009566 0.017007
7 0.854327 0.218976 0.011958 0.093543
8 0.857316 0.287007 0.022721 0.042519
2 0.303750 0.508110 0.031092 0.025511
2 0.336636 0.510236 0.025113 0.025511
2 0.401213 0.509173 0.017937 0.014881
2 0.449047 0.502795 0.017937 0.040393
2 0.383873 0.511299 0.014350 0.019133
2 0.367728 0.509173 0.020329 0.027637
2 0.431707 0.526181 0.031092 0.040393
2 0.468779 0.500669 0.016742 0.027637
2 0.493294 0.493228 0.027504 0.021259
2 0.526779 0.530433 0.022721 0.027637
7 0.517810 0.508110 0.009566 0.012755
2 0.493892 0.536811 0.055009 0.061653
2 0.643376 0.563385 0.059793 0.068031
8 0.845358 0.563385 0.034680 0.080787
