8 0.274871 0.430927 0.037113 0.020618
8 0.325322 0.446391 0.028994 0.026804
8 0.542783 0.502061 0.009278 0.018556
8 0.590915 0.487628 0.015077 0.030927
8 0.496391 0.497938 0.009278 0.022680
8 0.476675 0.496907 0.011597 0.020618
8 0.461598 0.490721 0.009278 0.016494
8 0.576301 0.502061 0.010438 0.018556
2 0.421005 0.519587 0.027835 0.041237
2 0.398969 0.523711 0.027835 0.045360
2 0.380412 0.512371 0.016237 0.039175
2 0.365915 0.506185 0.017396 0.026804
2 0.356636 0.534020 0.059149 0.065979
2 0.298067 0.516494 0.055670 0.051546
2 0.218041 0.526804 0.046391 0.043298
2 0.173389 0.524742 0.042912 0.051546
2 0.140914 0.531958 0.024355 0.037113
2 0.118878 0.529896 0.031314 0.045360
2 0.093363 0.561855 0.035953 0.039175
2 0.030734 0.552577 0.047551 0.037113
2 0.072487 0.687216 0.144974 0.232989
2 0.529276 0.548388 0.061131 0.074921
2 0.440141 0.515051 0.015077 0.020618
2 0.454059 0.520206 0.015077 0.022680
2 0.471456 0.522268 0.019716 0.030927
2 0.490592 0.526391 0.020876 0.035051
2 0.809039 0.562444 0.141494 0.109278
2 0.922242 0.727553 0.151686 0.307536
8 0.530881 0.413402 0.046391 0.055670
8 0.580752 0.410309 0.039432 0.049484
