2 0.566366 0.353303 0.016874 0.044999
2 0.546855 0.366428 0.028476 0.044999
2 0.503085 0.390803 0.078046 0.108749
2 0.364394 0.469151 0.249960 0.381696
2 0.596952 0.343660 0.018984 0.026249
2 0.586406 0.357723 0.021093 0.028124
2 0.711537 0.401383 0.092059 0.116517
7 0.539999 0.310178 0.008437 0.018749
7 0.581659 0.303615 0.009492 0.013124
7 0.647050 0.326115 0.009492 0.009374
8 0.657070 0.253660 0.010546 0.018749
8 0.660761 0.285535 0.011601 0.022499
8 0.610136 0.256205 0.047460 0.039374
8 0.509941 0.309642 0.007382 0.022499
5 0.985379 0.414642 0.025312 0.112499
