2 0.641406 0.674827 0.101067 0.070413
4 0.319081 0.407740 0.098336 0.104406
2 0.361796 0.619155 0.031413 0.053417
2 0.477204 0.630081 0.024584 0.036420
2 0.438962 0.625225 0.030047 0.036420
2 0.399355 0.622797 0.032778 0.046133
2 0.527055 0.645863 0.015023 0.019424
2 0.099565 0.556025 0.034144 0.029136
2 0.318773 0.627653 0.068289 0.089838
2 0.014204 0.530531 0.027315 0.021852
2 0.030593 0.562095 0.060094 0.046133
2 0.215657 0.554568 0.053265 0.038848
8 0.512032 0.521789 0.015023 0.016996
8 0.581687 0.512320 0.025949 0.024280
8 0.690266 0.498966 0.021852 0.055845
8 0.598759 0.481969 0.027315 0.016996
8 0.581004 0.536601 0.013657 0.024280
8 0.569395 0.576664 0.012292 0.012140
