2 0.390212 0.483264 0.008576 0.013860
2 0.376958 0.485343 0.010135 0.012474
2 0.366433 0.486036 0.010915 0.016632
2 0.359026 0.489501 0.014813 0.020790
2 0.328360 0.488115 0.010135 0.018018
2 0.341094 0.489963 0.021050 0.029106
2 0.309129 0.497125 0.030406 0.041581
2 0.455312 0.494584 0.017152 0.034650
3 0.473764 0.478644 0.024948 0.041581
2 0.543153 0.508444 0.032745 0.042967
2 0.560175 0.512602 0.027287 0.048511
2 0.582395 0.509830 0.037422 0.070687
2 0.697782 0.488346 0.057693 0.041581
2 0.760933 0.473100 0.028067 0.027720
2 0.803424 0.448151 0.047558 0.022176
2 0.790560 0.494584 0.093557 0.067915
2 0.884247 0.459933 0.074066 0.045739
2 0.972725 0.455081 0.054549 0.066529
2 0.250753 0.495409 0.020270 0.019404
2 0.119139 0.544514 0.238279 0.280375
2 0.421997 0.534317 0.088099 0.115041
2 0.504639 0.514219 0.053795 0.074845
2 0.629017 0.511586 0.079523 0.101180
7 0.364874 0.458431 0.006237 0.009702
7 0.390602 0.450115 0.006237 0.009702
7 0.432703 0.452194 0.006237 0.008316
7 0.359026 0.463282 0.005457 0.011088
