7 0.688710 0.095624 0.012656 0.063749
7 0.770448 0.399374 0.009492 0.018749
7 0.670781 0.394687 0.010546 0.020624
7 0.669198 0.419999 0.007382 0.014999
7 0.657597 0.416249 0.007382 0.018749
7 0.215683 0.344999 0.017929 0.026249
7 0.992460 0.336562 0.012656 0.046874
8 0.722988 0.090937 0.028476 0.046874
7 0.670253 0.096562 0.011601 0.061874
2 0.688710 0.442499 0.016874 0.022499
2 0.655488 0.445312 0.026367 0.024374
2 0.568476 0.446249 0.042187 0.048749
2 0.484628 0.460312 0.102304 0.106874
3 0.710859 0.433124 0.033749 0.059999
0 0.880663 0.460312 0.010546 0.069374
2 0.640722 0.435937 0.013710 0.020624
2 0.626484 0.446249 0.012656 0.018749
