7 0.311543 0.256677 0.009991 0.037302
7 0.546849 0.322401 0.010990 0.033750
7 0.203132 0.348157 0.008992 0.035526
7 0.358504 0.425427 0.007993 0.019539
7 0.376490 0.416546 0.007993 0.015986
7 0.342018 0.424539 0.006994 0.014210
7 0.120201 0.180296 0.022981 0.058618
7 0.326531 0.262006 0.011990 0.047960
5 0.704220 0.563092 0.027976 0.060394
1 0.701722 0.534671 0.020982 0.092368
8 0.690731 0.403223 0.024979 0.014210
8 0.696226 0.369473 0.023980 0.014210
0 0.024280 0.469835 0.028976 0.136776
0 0.010291 0.458289 0.018984 0.156315
8 0.010391 0.243355 0.020782 0.024868
2 0.063247 0.451184 0.052956 0.085263
2 0.381985 0.468947 0.012989 0.028421
2 0.447931 0.468059 0.022981 0.037302
2 0.364499 0.469835 0.023980 0.033750
2 0.422452 0.465394 0.027976 0.056842
2 0.500887 0.468059 0.056953 0.104802
2 0.162166 0.488486 0.206829 0.223815
2 0.011890 0.670559 0.023780 0.204276
0 0.786152 0.557763 0.017985 0.127894
0 0.801640 0.553322 0.016986 0.140328
0 0.834113 0.557763 0.019983 0.113684
0 0.901557 0.575526 0.026977 0.170526
0 0.973998 0.567532 0.027976 0.126118
7 0.951516 0.470723 0.016986 0.035526
7 0.972999 0.469835 0.019983 0.033750
8 0.971500 0.404111 0.032972 0.023092
0 0.869584 0.552434 0.012989 0.103026
0 0.885071 0.576414 0.013988 0.129671
0 0.922540 0.588848 0.018984 0.140328
0 0.937028 0.592401 0.021981 0.126118
0 0.855096 0.572861 0.021981 0.104802
2 0.637036 0.505167 0.041916 0.057188
