2 0.376956 0.402450 0.013657 0.021852
2 0.363298 0.408521 0.010926 0.014568
2 0.353737 0.400022 0.010926 0.016996
2 0.340762 0.404878 0.009560 0.021852
2 0.419978 0.409735 0.012292 0.016996
2 0.457537 0.420661 0.010926 0.014568
2 0.449342 0.424303 0.016389 0.021852
2 0.482121 0.438871 0.021852 0.031564
2 0.419295 0.432801 0.021852 0.033992
2 0.435002 0.410949 0.012292 0.014568
2 0.103799 0.364815 0.030047 0.019424
2 0.068972 0.356317 0.039607 0.036420
2 0.174820 0.391524 0.060094 0.063129
2 0.536752 0.491075 0.068289 0.087410
8 0.399491 0.372100 0.012292 0.014568
8 0.423392 0.378170 0.019120 0.021852
8 0.442513 0.379384 0.016389 0.014568
8 0.152455 0.142041 0.087410 0.118974
8 0.404442 0.181931 0.181649 0.172392
8 0.558093 0.252344 0.128383 0.118974
