7 0.040266 0.230032 0.008992 0.026644
7 0.191642 0.183848 0.009991 0.026644
7 0.357006 0.194506 0.006994 0.030197
7 0.349012 0.194506 0.006994 0.030197
8 0.041765 0.206052 0.021981 0.017763
8 0.530363 0.230032 0.009991 0.019539
8 0.524368 0.320625 0.015986 0.019539
8 0.398971 0.211381 0.018984 0.014210
8 0.012289 0.222039 0.022981 0.060394
2 0.294557 0.312631 0.011990 0.021315
2 0.314541 0.305526 0.021981 0.035526
4 0.170159 0.290427 0.108910 0.168749
2 0.086728 0.334835 0.067944 0.033750
7 0.440437 0.293092 0.013988 0.024868
2 0.902057 0.373914 0.073939 0.069276
2 0.831115 0.371250 0.061949 0.053289
2 0.782156 0.378355 0.083930 0.063947
2 0.636775 0.340164 0.054954 0.012434
2 0.630780 0.376578 0.104913 0.046184
2 0.983990 0.375690 0.029975 0.065723
0 0.627283 0.381019 0.011990 0.069276
2 0.328529 0.340164 0.031973 0.044407
2 0.402468 0.385460 0.095921 0.124342
2 0.251093 0.359703 0.090925 0.136776
7 0.547849 0.282434 0.020982 0.031973
7 0.480404 0.176743 0.011990 0.037302
