7 0.438039 0.382263 0.007993 0.022736
7 0.489197 0.379421 0.006394 0.025578
2 0.416857 0.429158 0.010391 0.019894
2 0.410861 0.429158 0.011190 0.028421
2 0.399271 0.429868 0.013588 0.024157
2 0.387281 0.434131 0.023180 0.035526
2 0.373292 0.444789 0.020782 0.031263
2 0.346914 0.445500 0.041565 0.052578
2 0.302950 0.454026 0.049559 0.075315
2 0.271776 0.467526 0.057552 0.071052
2 0.503585 0.426315 0.007993 0.022736
2 0.510779 0.427736 0.014388 0.025578
2 0.520771 0.427736 0.013588 0.039789
2 0.539156 0.432710 0.031174 0.055421
2 0.551546 0.447631 0.019184 0.045473
2 0.576325 0.448342 0.041565 0.098052
2 0.625485 0.464684 0.088726 0.116526
2 0.682238 0.495947 0.117503 0.147789
2 0.831715 0.557763 0.301352 0.243000
2 0.219819 0.491684 0.095921 0.096631
4 0.465217 0.445800 0.063947 0.105977
