7 0.521034 0.039858 0.024370 0.079717
7 0.499101 0.037259 0.019496 0.064120
7 0.157918 0.181964 0.015596 0.069319
7 0.672617 0.188896 0.015596 0.072785
7 0.650196 0.164634 0.011697 0.058921
7 0.630700 0.337066 0.021445 0.029460
7 0.140859 0.293742 0.012672 0.029460
8 0.199835 0.303273 0.025345 0.048523
8 0.262710 0.353530 0.016571 0.031193
8 0.494227 0.330134 0.019496 0.046790
8 0.460109 0.356996 0.027294 0.038125
8 0.439638 0.367394 0.013647 0.034659
8 0.669205 0.243485 0.022420 0.019062
8 0.653121 0.253883 0.019496 0.015596
8 0.650196 0.274679 0.017546 0.025994
8 0.657995 0.305873 0.031193 0.019062
2 0.763761 0.517298 0.305114 0.365661
2 0.346056 0.411585 0.013647 0.025994
2 0.324611 0.412452 0.017546 0.027727
7 0.153044 0.297208 0.011697 0.022528
