2 0.479585 0.469778 0.008420 0.016330
2 0.460064 0.469642 0.007654 0.016602
2 0.511353 0.473180 0.009185 0.012247
7 0.107279 0.095845 0.024495 0.106538
7 0.139152 0.105819 0.029643 0.099421
7 0.579100 0.187121 0.015309 0.063961
7 0.562502 0.181601 0.016840 0.078862
8 0.800712 0.301533 0.022964 0.032661
8 0.736792 0.193343 0.037509 0.053074
8 0.660855 0.433714 0.008420 0.012247
8 0.985044 0.479984 0.009185 0.020413
2 0.279024 0.517137 0.065067 0.070766
2 0.582162 0.489919 0.037509 0.043548
2 0.327378 0.513961 0.036743 0.035383
2 0.424596 0.494228 0.016840 0.025856
2 0.442203 0.489465 0.019902 0.021774
2 0.540314 0.508246 0.047205 0.000362
2 0.396473 0.492057 0.028323 0.032661
2 0.358964 0.497501 0.031385 0.040826
8 0.510741 0.440519 0.004592 0.012247
8 0.501555 0.450725 0.006123 0.010887
8 0.443989 0.457258 0.006123 0.010887
8 0.467337 0.446371 0.005358 0.010887
8 0.458406 0.451263 0.006889 0.012896
2 0.558267 0.496821 0.012247 0.017691
2 0.536068 0.491377 0.010716 0.017691
2 0.526499 0.489530 0.011482 0.024495
2 0.470781 0.468825 0.009185 0.019052
7 0.114952 0.425277 0.011482 0.020413
7 0.132431 0.424596 0.008420 0.024495
7 0.899486 0.395308 0.010520 0.028904
7 0.930091 0.395308 0.020084 0.042506
