2 0.472297 0.394459 0.011936 0.011426
2 0.457605 0.397724 0.017446 0.027750
2 0.443832 0.403437 0.011936 0.016324
2 0.419499 0.400172 0.014691 0.019588
2 0.373587 0.400172 0.033056 0.042442
2 0.350671 0.404020 0.017446 0.034280
2 0.339652 0.403204 0.021119 0.035912
2 0.322206 0.400755 0.028465 0.044074
2 0.298791 0.406469 0.036729 0.039177
2 0.197299 0.407345 0.073413 0.071374
2 0.537603 0.399018 0.011470 0.024471
2 0.535883 0.400037 0.012618 0.026510
2 0.547354 0.397998 0.019500 0.030589
2 0.561501 0.403096 0.021794 0.036706
2 0.584443 0.400037 0.035559 0.063217
3 0.658430 0.402077 0.107826 0.169259
2 0.600502 0.414312 0.017206 0.059138
8 0.622297 0.319486 0.017206 0.032628
2 0.501436 0.398678 0.048177 0.079531
2 0.051776 0.418051 0.103238 0.118277
8 0.722285 0.020392 0.098649 0.040785
7 0.790919 0.116238 0.016059 0.073413
8 0.803537 0.239614 0.032118 0.022432
7 0.808126 0.293655 0.045883 0.053021
0 0.824759 0.409894 0.026383 0.110120
