8 0.434018 0.356519 0.044052 0.014917
7 0.362171 0.418984 0.007342 0.016781
7 0.411467 0.419917 0.007342 0.018646
8 0.520024 0.346263 0.025172 0.054074
8 0.592920 0.260490 0.030416 0.080179
2 0.415663 0.453480 0.017830 0.026104
2 0.140861 0.469330 0.061882 0.061533
2 0.287177 0.457209 0.025172 0.029834
7 0.340669 0.441360 0.008390 0.013052
2 0.435067 0.458142 0.012586 0.013052
2 0.472301 0.461871 0.034612 0.065262
2 0.482266 0.469330 0.035661 0.065262
2 0.489608 0.476788 0.025172 0.068991
2 0.509011 0.475856 0.043003 0.093232
2 0.547819 0.487044 0.087055 0.111878
