7 0.106144 0.163595 0.020876 0.084536
7 0.477858 0.038853 0.019716 0.070103
7 0.770706 0.371842 0.034793 0.055670
7 0.383311 0.439587 0.005798 0.020618
7 0.456958 0.438556 0.004639 0.018556
7 0.340979 0.447835 0.006958 0.016494
7 0.157152 0.454020 0.005798 0.020618
8 0.031394 0.199381 0.062788 0.117525
8 0.734309 0.375670 0.020876 0.032989
8 0.732569 0.255051 0.049871 0.030927
8 0.722711 0.223092 0.018556 0.032989
8 0.728510 0.112783 0.053350 0.080412
8 0.226899 0.438556 0.015077 0.026804
8 0.368814 0.445567 0.009278 0.018556
8 0.495811 0.428041 0.010438 0.016494
8 0.489239 0.476220 0.008891 0.019106
8 0.072487 0.448110 0.010438 0.032989
0 0.927278 0.579059 0.088144 0.259793
0 0.721414 0.495554 0.012757 0.055670
0 0.285309 0.528866 0.009278 0.016494
0 0.277770 0.521649 0.008118 0.022680
0 0.252835 0.516494 0.016237 0.028865
0 0.202384 0.523711 0.008118 0.030927
0 0.191945 0.524742 0.010438 0.028865
0 0.176288 0.525773 0.016237 0.035051
0 0.158311 0.527835 0.012757 0.035051
0 0.593234 0.516151 0.019716 0.119587
0 0.440141 0.510309 0.010438 0.032989
0 0.677479 0.552989 0.032474 0.152577
0 0.634566 0.524123 0.013917 0.070103
0 0.462757 0.515051 0.006958 0.032989
0 0.408827 0.502680 0.008118 0.032989
5 0.262113 0.549484 0.011597 0.032989
5 0.252835 0.556701 0.011597 0.043298
5 0.248775 0.553608 0.008118 0.041237
5 0.241817 0.556701 0.012757 0.043298
5 0.233118 0.561855 0.013917 0.045360
5 0.223840 0.562886 0.011597 0.047422
5 0.213402 0.564948 0.011597 0.047422
5 0.207603 0.567010 0.013917 0.043298
5 0.198324 0.567010 0.016237 0.051546
5 0.183827 0.572165 0.017396 0.053608
2 0.429896 0.505842 0.016237 0.016494
2 0.475128 0.506872 0.013917 0.026804
2 0.483247 0.512027 0.011597 0.049484
2 0.496585 0.516151 0.024355 0.049484
2 0.498904 0.526460 0.015077 0.049484
3 0.545126 0.505863 0.070747 0.154639
3 0.349121 0.508956 0.077706 0.103092
3 0.449420 0.500294 0.026675 0.030927
4 0.468556 0.489690 0.013917 0.028865
3 0.281829 0.500294 0.060309 0.088659
5 0.156944 0.573620 0.025345 0.048523
2 0.079934 0.583151 0.134523 0.123042
