2 0.468036 0.451646 0.021035 0.027287
2 0.445948 0.450156 0.014724 0.024307
2 0.425439 0.447351 0.026294 0.048614
2 0.410188 0.457635 0.025242 0.050484
2 0.385472 0.464179 0.034708 0.044875
2 0.316055 0.481942 0.099917 0.121537
2 0.485390 0.451371 0.013672 0.018698
2 0.496959 0.453241 0.015776 0.026177
2 0.509054 0.458850 0.012621 0.029916
2 0.536400 0.453241 0.052588 0.074792
2 0.578471 0.478670 0.050484 0.134626
2 0.667871 0.471191 0.179852 0.244944
2 0.137180 0.517669 0.273459 0.373961
2 0.844739 0.570933 0.302867 0.353393
2 0.977808 0.730802 0.043122 0.198199
