7 0.449741 0.278202 0.013183 0.053906
7 0.340976 0.466874 0.009228 0.023437
7 0.400962 0.464530 0.007910 0.028124
7 0.629697 0.429374 0.019775 0.032812
7 0.463584 0.277031 0.009228 0.037499
7 0.567075 0.441093 0.010546 0.023437
7 0.818881 0.393046 0.018457 0.035156
8 0.101035 0.472734 0.017138 0.016406
8 0.167612 0.477421 0.013183 0.021093
8 0.027207 0.458671 0.025048 0.021093
8 0.012705 0.437577 0.019775 0.016406
8 0.019956 0.423515 0.015820 0.016406
8 0.303403 0.492655 0.010546 0.018749
8 0.413486 0.482109 0.011865 0.016406
8 0.754941 0.334452 0.035595 0.025781
2 0.271763 0.520780 0.021093 0.037499
2 0.250010 0.520780 0.027685 0.037499
2 0.420078 0.506718 0.009228 0.018749
2 0.447104 0.509062 0.013183 0.028124
2 0.368003 0.512577 0.023730 0.030468
2 0.218369 0.527812 0.038232 0.046874
2 0.325815 0.555937 0.079101 0.107812
2 0.431943 0.511405 0.017138 0.023437
2 0.460947 0.512577 0.032958 0.044531
2 0.052915 0.564140 0.079101 0.091406
2 0.403598 0.503202 0.010546 0.016406
2 0.903916 0.498515 0.072509 0.110156
2 0.897983 0.632108 0.203027 0.311718
