2 0.539208 0.481640 0.018457 0.030468
2 0.559643 0.480468 0.019775 0.042187
2 0.584032 0.489843 0.042187 0.084374
2 0.611718 0.510937 0.055371 0.107812
2 0.690490 0.542577 0.151611 0.182812
2 0.514159 0.478827 0.021093 0.030468
7 0.468676 0.451640 0.011865 0.016406
7 0.514159 0.391874 0.010546 0.018749
7 0.566234 0.395390 0.009228 0.021093
7 0.573485 0.444609 0.010546 0.016406
8 0.511127 0.442499 0.009228 0.023437
8 0.626483 0.379218 0.010546 0.018749
8 0.584296 0.415546 0.013183 0.007031
8 0.100458 0.142499 0.042187 0.103124
8 0.079892 0.295077 0.040605 0.052031
8 0.131967 0.064218 0.026630 0.045
8 0.110082 0.018749 0.038232 0.037499
8 0.474872 0.399609 0.013183 0.021093
8 0.473554 0.434765 0.010546 0.007031
8 0.486737 0.459374 0.007910 0.018749
