7 0.423565 0.593528 0.004680 0.016640
8 0.522436 0.564060 0.010530 0.010400
8 0.494939 0.552619 0.016380 0.008320
8 0.572164 0.543259 0.011700 0.018721
7 0.468028 0.627504 0.004680 0.016640
7 0.473293 0.610863 0.005850 0.016640
8 0.466857 0.594568 0.004680 0.035362
2 0.377932 0.663906 0.011700 0.043682
2 0.403674 0.667026 0.035102 0.041602
2 0.427660 0.662866 0.005850 0.020801
2 0.508980 0.688867 0.112326 0.143528
2 0.318844 0.688867 0.054993 0.076964
2 0.218218 0.712789 0.174340 0.208012
4 0.348095 0.642411 0.050313 0.097765
4 0.448721 0.647612 0.033932 0.070724
2 0.797002 0.783166 0.405994 0.430585
8 0.238533 0.553235 0.044669 0.042352
8 0.275757 0.557206 0.011911 0.029117
