7 0.432548 0.235054 0.004680 0.020801
7 0.416752 0.254815 0.008190 0.018721
7 0.494561 0.268336 0.007020 0.016640
7 0.502167 0.234014 0.005850 0.018721
2 0.564766 0.277696 0.018721 0.027041
2 0.579391 0.273536 0.019891 0.022881
2 0.599283 0.268336 0.029251 0.029121
2 0.644915 0.266255 0.024571 0.033281
2 0.677092 0.258975 0.023401 0.035362
2 0.707514 0.265215 0.016380 0.039522
2 0.723310 0.261055 0.019891 0.035362
2 0.756072 0.255855 0.019891 0.037442
2 0.773038 0.257935 0.025741 0.041602
2 0.799365 0.264175 0.024571 0.037442
2 0.824521 0.260015 0.018721 0.024961
2 0.858453 0.255855 0.014040 0.029121
2 0.879514 0.248574 0.039782 0.047842
2 0.919297 0.256895 0.053823 0.043682
2 0.536099 0.276656 0.008190 0.016640
2 0.513867 0.280816 0.012870 0.020801
2 0.475255 0.286017 0.019891 0.027041
2 0.450099 0.283937 0.030421 0.039522
2 0.424942 0.287057 0.015210 0.024961
2 0.410901 0.288097 0.017551 0.031201
2 0.392765 0.291217 0.018721 0.033281
2 0.381065 0.294337 0.023401 0.039522
2 0.353568 0.318259 0.047972 0.062403
2 0.319051 0.297457 0.016380 0.029121
2 0.277513 0.284977 0.040952 0.012480
2 0.244751 0.293297 0.017551 0.020801
2 0.224275 0.304738 0.023401 0.027041
2 0.196193 0.314098 0.032761 0.045762
2 0.144125 0.318259 0.043292 0.045762
2 0.061239 0.368182 0.122479 0.162249
2 0.275173 0.344260 0.108816 0.110246
2 0.348888 0.272496 0.033932 0.012480
2 0.524398 0.288097 0.022231 0.027041
2 0.491051 0.287057 0.023401 0.033281
8 0.518548 0.242334 0.010530 0.022881
