8 0.431352 0.526829 0.012672 0.027727
8 0.432814 0.504300 0.009748 0.017329
8 0.333871 0.506900 0.016571 0.019062
8 0.329972 0.479172 0.008773 0.012130
8 0.199835 0.449711 0.031193 0.019062
7 0.205197 0.493036 0.016571 0.025994
7 0.182289 0.493036 0.007798 0.022528
7 0.345569 0.532894 0.014622 0.019062
7 0.345569 0.458376 0.008773 0.039858
7 0.579523 0.438446 0.006823 0.045057
7 0.568800 0.433247 0.010722 0.038125
7 0.715996 0.415918 0.010722 0.041591
7 0.796905 0.542426 0.016571 0.031193
7 0.818351 0.543292 0.012672 0.029460
8 0.820788 0.391656 0.031193 0.020795
8 0.814451 0.414185 0.016571 0.017329
8 0.834435 0.445378 0.019496 0.017329
8 0.822737 0.459242 0.009748 0.017329
4 0.689189 0.553690 0.296341 0.175032
4 0.810065 0.697529 0.259298 0.223555
2 0.940202 0.926284 0.114052 0.140372
4 0.525908 0.564955 0.036067 0.069319
4 0.486916 0.567554 0.034118 0.071052
2 0.511774 0.746919 0.193011 0.298074
2 0.285618 0.581418 0.099430 0.081450
2 0.250525 0.603081 0.126725 0.079717
0 0.340695 0.587484 0.012672 0.065853
0 0.423554 0.594416 0.012672 0.062387
