8 0.454701 0.484154 0.015838 0.046929
8 0.491217 0.577230 0.007919 0.020336
8 0.372868 0.524044 0.012318 0.026593
8 0.187643 0.594438 0.013198 0.023464
7 0.224600 0.540469 0.008799 0.034414
7 0.355269 0.534212 0.007919 0.034414
7 0.218881 0.538905 0.007919 0.035979
7 0.441062 0.542033 0.008799 0.032850
7 0.473179 0.559241 0.007919 0.029721
7 0.483298 0.625724 0.008799 0.018771
8 0.094371 0.585834 0.019358 0.014078
2 0.359889 0.597175 0.007039 0.009385
2 0.353289 0.594829 0.007919 0.010950
2 0.355929 0.604215 0.007919 0.010950
2 0.361209 0.586225 0.007919 0.009385
2 0.353289 0.583878 0.009679 0.010950
2 0.346250 0.603432 0.011439 0.012514
2 0.346690 0.615947 0.010559 0.015643
2 0.344930 0.591700 0.010559 0.010950
2 0.355929 0.627679 0.011439 0.014078
2 0.336131 0.598739 0.008799 0.012514
2 0.329531 0.603432 0.009679 0.015643
2 0.335691 0.609690 0.009679 0.009385
2 0.336131 0.617511 0.012318 0.012514
2 0.327771 0.621422 0.009679 0.014078
2 0.345370 0.626897 0.009679 0.009385
2 0.337451 0.628461 0.009679 0.009385
2 0.337451 0.636283 0.014958 0.018771
2 0.317652 0.631590 0.012318 0.018771
2 0.331731 0.645669 0.015838 0.021900
2 0.307093 0.617511 0.012318 0.012514
2 0.304453 0.627679 0.010559 0.014078
2 0.300054 0.630026 0.014078 0.018771
2 0.309293 0.672262 0.030797 0.040672
2 0.286415 0.664440 0.021998 0.031286
2 0.323372 0.661312 0.016718 0.028157
2 0.271016 0.642540 0.026397 0.050057
2 0.364288 0.657401 0.019358 0.023464
2 0.352849 0.676955 0.031677 0.040672
2 0.392446 0.690252 0.063354 0.098551
2 0.468999 0.651144 0.017598 0.020336
2 0.505076 0.651926 0.015838 0.018771
2 0.527514 0.643322 0.023757 0.014078
2 0.525315 0.659748 0.028157 0.025028
2 0.545113 0.643322 0.009679 0.010950
2 0.555672 0.644104 0.011439 0.012514
2 0.151347 0.612036 0.028157 0.042236
2 0.132868 0.619858 0.012318 0.023464
2 0.181264 0.657401 0.024637 0.039107
2 0.140787 0.694945 0.109110 0.132966
2 0.228780 0.709805 0.096791 0.125144
2 0.025517 0.640976 0.019358 0.021900
2 0.038716 0.651144 0.038716 0.029721
2 0.043996 0.709805 0.087992 0.096987
2 0.018478 0.761428 0.036956 0.084472
