7 0.469290 0.370657 0.007993 0.021315
7 0.323910 0.420394 0.006994 0.021315
7 0.327907 0.418618 0.004995 0.024868
7 0.318415 0.418618 0.005995 0.024868
7 0.277448 0.478124 0.005995 0.019539
8 0.285442 0.440526 0.031973 0.021315
8 0.499266 0.358815 0.031973 0.014210
8 0.521747 0.355263 0.014987 0.010657
8 0.593188 0.365032 0.015986 0.008881
8 0.590191 0.349934 0.009991 0.017763
7 0.259963 0.499144 0.006994 0.017763
7 0.267956 0.500032 0.006994 0.015986
0 0.247972 0.548881 0.010990 0.053289
0 0.227562 0.563980 0.012989 0.071052
0 0.219569 0.562203 0.008992 0.053289
0 0.188594 0.573750 0.020982 0.055065
0 0.137636 0.570197 0.010990 0.019539
0 0.280019 0.533782 0.007993 0.039078
2 0.264532 0.531118 0.040966 0.040855
2 0.195589 0.564868 0.090925 0.055065
2 0.172607 0.595065 0.054954 0.055065
2 0.134139 0.614605 0.065945 0.072828
2 0.064197 0.635921 0.095921 0.115460
2 0.019822 0.662565 0.039644 0.110131
2 0.487276 0.453848 0.007993 0.023092
2 0.505261 0.466282 0.027976 0.044407
2 0.507259 0.477828 0.023980 0.053289
2 0.539297 0.483811 0.057823 0.111438
2 0.565711 0.496480 0.072939 0.126118
2 0.696603 0.512467 0.240801 0.303750
2 0.851476 0.654276 0.294757 0.683289
2 0.402280 0.659062 0.290038 0.501562
7 0.464902 0.374296 0.006591 0.025781
