7 0.039550 0.083437 0.022148 0.121874
7 0.161367 0.530624 0.004218 0.026249
7 0.289511 0.474374 0.007382 0.026249
7 0.311132 0.527812 0.004218 0.024374
7 0.166640 0.533437 0.006328 0.020624
7 0.108105 0.451874 0.009492 0.033749
7 0.061171 0.082499 0.016874 0.097499
7 0.295839 0.477187 0.005273 0.031874
8 0.426620 0.219374 0.051679 0.029999
8 0.409286 0.302333 0.101114 0.150917
8 0.500976 0.508124 0.027421 0.059999
8 0.443495 0.528749 0.007382 0.018749
8 0.410800 0.545624 0.011601 0.026249
8 0.770448 0.239999 0.034804 0.067499
8 0.772030 0.309374 0.035859 0.071249
8 0.679218 0.351562 0.029531 0.031874
8 0.699784 0.403124 0.034804 0.018749
8 0.701366 0.440624 0.033749 0.018749
8 0.668144 0.423749 0.020039 0.022499
0 0.379687 0.612187 0.033749 0.151874
2 0.188261 0.599999 0.011601 0.033749
2 0.175605 0.601874 0.017929 0.048749
2 0.267182 0.551624 0.086081 0.074999
2 0.410945 0.616312 0.032695 0.065624
2 0.183133 0.571312 0.041132 0.039374
4 0.350502 0.583165 0.041784 0.109417
2 0.265802 0.690644 0.186679 0.253124
2 0.091251 0.647519 0.181406 0.260624
2 0.969667 0.639863 0.058007 0.179999
3 0.443113 0.573187 0.033749 0.028124
2 0.216759 0.553769 0.029531 0.065624
0 0.512748 0.593549 0.009748 0.060654
