8 0.297964 0.594214 0.008799 0.018771
2 0.304563 0.616897 0.025517 0.023464
2 0.268487 0.618461 0.018478 0.023464
2 0.254408 0.621590 0.014958 0.020336
2 0.228890 0.618461 0.013198 0.017207
2 0.213931 0.620807 0.016718 0.018771
2 0.201612 0.623154 0.016718 0.017207
2 0.185334 0.618461 0.024637 0.020336
2 0.163775 0.621590 0.021998 0.026593
7 0.115820 0.581700 0.010559 0.018771
7 0.096021 0.583264 0.007919 0.012514
7 0.162456 0.581700 0.007039 0.015643
7 0.362638 0.578571 0.007919 0.012514
8 0.330961 0.606505 0.007919 0.015643
