7 0.327530 0.205164 0.013988 0.062171
7 0.506383 0.251348 0.011990 0.062171
7 0.045762 0.296644 0.013988 0.063947
7 0.646767 0.319736 0.026977 0.049736
8 0.782655 0.187401 0.052956 0.047960
8 0.822622 0.248684 0.010990 0.035526
8 0.786652 0.097697 0.074938 0.138552
8 0.718208 0.199835 0.045962 0.065723
8 0.673745 0.243355 0.024979 0.031973
8 0.531862 0.405000 0.014987 0.024868
8 0.500388 0.420986 0.019983 0.021315
8 0.413459 0.365032 0.021981 0.040855
8 0.385982 0.383684 0.018984 0.028421
8 0.389479 0.415657 0.017985 0.035526
8 0.387980 0.337500 0.022981 0.042631
8 0.359004 0.412105 0.018984 0.021315
8 0.356006 0.384572 0.016986 0.030197
8 0.341518 0.409440 0.011990 0.019539
8 0.311543 0.416546 0.007993 0.019539
2 0.258087 0.419210 0.014987 0.021315
2 0.153673 0.439638 0.021981 0.026644
2 0.125696 0.445855 0.031973 0.031973
2 0.091724 0.446743 0.039967 0.047960
2 0.022472 0.452960 0.044581 0.060394
2 0.211126 0.418322 0.016986 0.023092
2 0.194639 0.420986 0.013988 0.017763
