8 0.204355 0.161292 0.040973 0.019424
8 0.290399 0.093306 0.035510 0.092266
8 0.234402 0.225636 0.021852 0.036420
8 0.239182 0.287551 0.017755 0.029136
8 0.263766 0.310618 0.031413 0.055845
8 0.265132 0.381031 0.009560 0.026708
8 0.709012 0.167362 0.020486 0.065557
8 0.855151 0.381031 0.025949 0.026708
7 0.394882 0.030177 0.023218 0.053417
7 0.421514 0.030871 0.024584 0.061742
7 0.701500 0.271769 0.019120 0.070413
7 0.712426 0.347039 0.013657 0.026708
7 0.727450 0.343396 0.021852 0.038848
8 0.943927 0.388316 0.020486 0.026708
8 0.650966 0.402884 0.019120 0.021852
8 0.674184 0.402884 0.013657 0.021852
8 0.713792 0.390744 0.013657 0.026708
8 0.712426 0.427165 0.010926 0.031564
8 0.678965 0.436877 0.006828 0.021852
8 0.491169 0.365249 0.032778 0.029136
2 0.536240 0.433235 0.008194 0.019424
2 0.540338 0.436877 0.010926 0.026708
2 0.525997 0.440519 0.012292 0.092266
2 0.478877 0.456301 0.101067 0.162679
2 0.553313 0.442947 0.028681 0.038848
2 0.611529 0.455868 0.017755 0.021852
2 0.910636 0.475292 0.069654 0.070413
2 0.808885 0.465580 0.040973 0.065557
2 0.084849 0.596088 0.169698 0.420054
