8 0.420687 0.257701 0.014395 0.031990
8 0.422487 0.315284 0.013196 0.027725
8 0.801574 0.389928 0.010796 0.027725
2 0.348708 0.459241 0.021593 0.021326
4 0.283928 0.444312 0.098370 0.085308
4 0.191555 0.436848 0.167950 0.125829
2 0.196354 0.491231 0.038388 0.046919
2 0.103981 0.470971 0.131960 0.104502
2 0.067392 0.486966 0.104369 0.110900
2 0.018400 0.522156 0.036801 0.100236
2 0.039394 0.482701 0.078789 0.140758
2 0.441081 0.459241 0.014395 0.029857
2 0.454877 0.460307 0.015595 0.023459
2 0.468673 0.464573 0.016795 0.027725
2 0.485468 0.470971 0.026392 0.040521
2 0.410490 0.490165 0.070778 0.138625
2 0.928136 0.425118 0.009597 0.021326
2 0.922138 0.432582 0.009597 0.019194
2 0.914940 0.441113 0.014395 0.023459
2 0.906543 0.448577 0.016795 0.034123
2 0.893947 0.453909 0.017994 0.031990
2 0.887948 0.458175 0.020393 0.031990
2 0.874152 0.459241 0.026392 0.046919
2 0.854358 0.466705 0.037188 0.053317
2 0.952129 0.416587 0.014395 0.012796
2 0.960527 0.435781 0.011996 0.017061
2 0.967725 0.443246 0.016795 0.031990
2 0.975522 0.450710 0.017994 0.038388
2 0.983320 0.458175 0.021593 0.049052
2 0.992859 0.475236 0.014280 0.074644
