8 0.368950 0.252474 0.015616 0.032969
7 0.575875 0.298457 0.009760 0.027763
7 0.481197 0.298457 0.007808 0.020822
7 0.477781 0.331426 0.006832 0.013881
7 0.521215 0.332294 0.007808 0.012146
2 0.302090 0.357454 0.065396 0.076349
2 0.262560 0.383483 0.078084 0.107583
2 0.170810 0.380880 0.163978 0.168316
2 0.044619 0.402268 0.087287 0.200680
2 0.513895 0.369601 0.016593 0.031233
2 0.541225 0.371336 0.040018 0.055526
2 0.483840 0.373140 0.022854 0.069546
2 0.673969 0.383483 0.045874 0.072879
2 0.758398 0.409511 0.144456 0.152699
2 0.602228 0.403438 0.103462 0.130141
2 0.393352 0.408643 0.220589 0.369601
2 0.888214 0.541387 0.220589 0.409511
