7 0.568393 0.165703 0.013183 0.067968
7 0.401621 0.125859 0.019775 0.077343
7 0.304062 0.395390 0.019775 0.030468
7 0.670566 0.403593 0.014501 0.028124
7 0.375913 0.134062 0.018457 0.079687
7 0.552573 0.169218 0.013183 0.065624
7 0.964560 0.246562 0.046142 0.093749
7 0.910507 0.254765 0.051415 0.082031
8 0.055552 0.153984 0.084374 0.058593
8 0.194639 0.370780 0.040869 0.028124
8 0.356138 0.407109 0.026367 0.053906
8 0.757578 0.373124 0.038232 0.023437
8 0.772739 0.322734 0.023730 0.016406
8 0.652109 0.394218 0.027685 0.046874
2 0.406235 0.502030 0.052734 0.079687
2 0.123447 0.588749 0.246533 0.360937
2 0.571689 0.628593 0.388915 0.459374
2 0.861069 0.633280 0.276855 0.356249
2 0.951376 0.779765 0.096240 0.269531
