2 0.338614 0.511981 0.042983 0.045849
2 0.332167 0.537453 0.038685 0.081509
2 0.289900 0.546368 0.088832 0.145188
2 0.191037 0.579481 0.200589 0.231792
2 0.620156 0.527264 0.127517 0.178302
2 0.453953 0.667165 0.290855 0.413028
2 0.095757 0.667359 0.190560 0.346415
8 0.587919 0.433019 0.028655 0.050943
8 0.314973 0.447028 0.027222 0.048396
8 0.297780 0.370613 0.050147 0.028018
8 0.482135 0.365691 0.020543 0.018174
8 0.717586 0.329858 0.030088 0.038207
7 0.443924 0.365519 0.012895 0.043301
7 0.341480 0.370613 0.014327 0.058584
8 0.517712 0.370613 0.011462 0.022924
8 0.524160 0.392264 0.021491 0.020377
2 0.703974 0.487783 0.080235 0.104434
2 0.429500 0.448335 0.013480 0.021967
2 0.463200 0.452330 0.047180 0.033949
