0 0.896823 0.662002 0.077984 0.346598
2 0.915831 0.690597 0.166692 0.400321
2 0.761324 0.613479 0.103329 0.135173
2 0.709660 0.591816 0.042891 0.098780
2 0.688701 0.584884 0.049715 0.091848
2 0.660432 0.575353 0.032168 0.048523
2 0.643373 0.574486 0.011697 0.036392
2 0.636549 0.568421 0.013647 0.034659
2 0.626801 0.567554 0.007798 0.019062
2 0.135498 0.616945 0.270996 0.367394
2 0.311451 0.585751 0.135498 0.221822
2 0.417217 0.572753 0.087732 0.126508
2 0.470344 0.574486 0.034118 0.105712
2 0.492765 0.569287 0.032168 0.081450
2 0.527371 0.566688 0.029244 0.041591
2 0.548329 0.566688 0.012672 0.031193
2 0.554178 0.558889 0.018521 0.029460
2 0.572212 0.557156 0.013647 0.015596
2 0.588296 0.557156 0.012672 0.015596
4 0.616078 0.551091 0.019496 0.034659
7 0.568312 0.509499 0.005848 0.013863
7 0.616565 0.511232 0.004874 0.013863
