2 0.479110 0.599793 0.019716 0.051546
2 0.471572 0.605979 0.018556 0.059793
2 0.437938 0.610103 0.055670 0.092783
2 0.395025 0.607010 0.020876 0.032989
2 0.358492 0.609072 0.033634 0.053608
2 0.326597 0.614226 0.027835 0.039175
2 0.298183 0.621443 0.042912 0.053608
2 0.270347 0.627628 0.033634 0.053608
2 0.215257 0.631752 0.090463 0.090721
4 0.518543 0.544123 0.056829 0.109278
2 0.534201 0.618350 0.062628 0.080412
2 0.580012 0.605979 0.031314 0.051546
2 0.595090 0.618350 0.031314 0.072164
2 0.634523 0.627628 0.073067 0.090721
8 0.580476 0.515257 0.010438 0.014432
8 0.581056 0.533814 0.011597 0.018556
8 0.615850 0.475051 0.016237 0.032989
8 0.614770 0.503505 0.014076 0.023917
7 0.475863 0.545154 0.010438 0.012371
0 0.694716 0.612371 0.012757 0.072164
0 0.708054 0.607216 0.013917 0.078350
0 0.724291 0.609278 0.011597 0.070103
0 0.817074 0.611340 0.018556 0.090721
0 0.804897 0.611340 0.017396 0.107216
0 0.790979 0.609278 0.015077 0.107216
0 0.856507 0.611340 0.030154 0.107216
0 0.871005 0.605154 0.022036 0.098969
8 0.834747 0.442268 0.046391 0.035051
0 0.100925 0.634987 0.019716 0.080412
