7 0.103851 0.208102 0.026012 0.053359
7 0.518506 0.321047 0.009004 0.021343
7 0.622057 0.320158 0.008003 0.019565
7 0.593043 0.356620 0.008003 0.014229
8 0.142470 0.085019 0.068033 0.046245
8 0.132465 0.125039 0.024011 0.037351
8 0.379587 0.218419 0.022010 0.039130
8 0.313054 0.177509 0.025012 0.071146
8 0.312554 0.234426 0.016007 0.046245
8 0.373584 0.297569 0.018008 0.080039
2 0.647569 0.395751 0.019009 0.030237
2 0.676084 0.409980 0.044021 0.055138
2 0.703097 0.407312 0.024011 0.035573
2 0.743117 0.432213 0.092045 0.113834
2 0.789139 0.418873 0.028013 0.065810
2 0.838664 0.418873 0.093045 0.094268
2 0.597044 0.457114 0.122060 0.174308
2 0.490492 0.377075 0.055027 0.096047
2 0.330913 0.423320 0.052025 0.145849
2 0.412453 0.443774 0.165081 0.193873
0 0.274035 0.403043 0.019009 0.103162
0 0.290543 0.403043 0.026012 0.106719
0 0.110304 0.433992 0.042020 0.250790
0 0.075287 0.427766 0.040019 0.231225
0 0.025762 0.431324 0.051025 0.245454
0 0.519506 0.393083 0.011005 0.040909
0 0.527510 0.396640 0.009004 0.037351
0 0.980734 0.427766 0.023011 0.113834
0 0.970729 0.439328 0.019009 0.104940
0 0.932710 0.434881 0.021010 0.120948
0 0.917203 0.427766 0.016007 0.092490
