8 0.968475 0.310318 0.058890 0.119387
8 0.938513 0.313073 0.027895 0.121224
8 0.595274 0.391224 0.019630 0.007346
8 0.597857 0.400408 0.012397 0.011020
8 0.587008 0.428877 0.013431 0.031224
8 0.503839 0.445408 0.008265 0.016530
7 0.975822 0.097346 0.045459 0.165306
7 0.948443 0.135918 0.029961 0.150612
7 0.322863 0.450918 0.005165 0.016530
7 0.594413 0.363061 0.010331 0.047755
7 0.585114 0.363061 0.008265 0.040408
2 0.359540 0.486428 0.008265 0.016530
2 0.350242 0.487346 0.014464 0.022040
2 0.322346 0.493775 0.010331 0.027551
2 0.308399 0.493775 0.021696 0.034897
2 0.308399 0.500203 0.015497 0.029387
2 0.288769 0.503877 0.029961 0.040408
2 0.232978 0.518571 0.048558 0.047755
2 0.196300 0.529591 0.043392 0.058775
2 0.162723 0.529285 0.034094 0.087550
2 0.386919 0.484070 0.011364 0.022834
2 0.445293 0.486428 0.012397 0.023877
3 0.463890 0.481836 0.030994 0.062448
2 0.463890 0.500510 0.016530 0.053265
2 0.485070 0.501428 0.042359 0.077142
2 0.493851 0.516122 0.049591 0.066122
2 0.514515 0.525306 0.055790 0.073469
2 0.420497 0.517040 0.055790 0.097346
2 0.080012 0.553584 0.160025 0.163469
2 0.064515 0.821747 0.129030 0.273673
