2 0.581575 0.512877 0.011470 0.016314
2 0.593620 0.514916 0.012618 0.020392
2 0.608532 0.517975 0.017206 0.022432
2 0.622297 0.516956 0.012618 0.020392
2 0.636062 0.518995 0.012618 0.024471
2 0.528427 0.516616 0.025236 0.040785
2 0.499176 0.512877 0.047030 0.063217
2 0.464189 0.524093 0.041295 0.065256
2 0.449277 0.531231 0.032118 0.067296
2 0.412570 0.526132 0.073413 0.101963
2 0.341948 0.539388 0.102091 0.116238
2 0.255227 0.547545 0.138798 0.140709
2 0.103811 0.581193 0.207623 0.208006
2 0.660725 0.496053 0.039001 0.122356
2 0.714064 0.510328 0.095208 0.167220
2 0.758801 0.541864 0.092914 0.179456
2 0.879246 0.565316 0.237448 0.303851
2 0.556704 0.506696 0.021794 0.032628
