7 0.500932 0.207582 0.007460 0.029857
7 0.391296 0.204948 0.010796 0.028853
7 0.507661 0.286492 0.008397 0.017061
7 0.608431 0.275829 0.015595 0.029857
4 0.429085 0.312085 0.023992 0.042654
2 0.411090 0.324881 0.016795 0.025592
2 0.398494 0.333412 0.017994 0.025592
2 0.379899 0.339810 0.031190 0.029857
2 0.345110 0.345141 0.035989 0.044786
2 0.276730 0.361137 0.040787 0.055450
2 0.234742 0.364336 0.052784 0.083175
2 0.157965 0.373933 0.115165 0.123696
2 0.051390 0.385663 0.102781 0.164217
2 0.489667 0.344075 0.046786 0.068246
2 0.520257 0.314217 0.014395 0.021326
2 0.536453 0.317416 0.013196 0.019194
2 0.548449 0.317416 0.015595 0.031990
2 0.573042 0.319549 0.035989 0.049052
2 0.611430 0.332345 0.047985 0.070379
2 0.646820 0.343009 0.053983 0.083175
2 0.682809 0.350473 0.063581 0.089573
2 0.752389 0.356871 0.130761 0.123696
8 0.881950 0.044431 0.044386 0.083175
7 0.398984 0.202968 0.009228 0.028124
