7 0.129043 0.059006 0.017098 0.053642
7 0.415192 0.213675 0.014081 0.044701
7 0.460452 0.209205 0.010057 0.039337
7 0.293993 0.213675 0.009052 0.026821
7 0.387532 0.297715 0.009052 0.026821
7 0.433296 0.306655 0.010057 0.023245
7 0.453412 0.305761 0.010057 0.025033
8 0.436816 0.213675 0.021121 0.019668
7 0.560026 0.272682 0.014081 0.023245
2 0.504707 0.354039 0.036208 0.057218
2 0.476545 0.359403 0.014081 0.025033
2 0.458441 0.364768 0.010057 0.017880
2 0.425249 0.371920 0.018104 0.032185
2 0.323161 0.401423 0.139805 0.141258
2 0.035001 0.432715 0.066382 0.143046
2 0.573604 0.366556 0.051295 0.118013
2 0.651050 0.362980 0.145840 0.193112
2 0.797393 0.429139 0.277599 0.250331
2 0.959829 0.516754 0.075434 0.293245
