7 0.228931 0.246442 0.010100 0.027750
7 0.445173 0.275009 0.011018 0.032648
7 0.616882 0.268479 0.007345 0.039177
8 0.169246 0.239912 0.039483 0.024486
8 0.101988 0.259202 0.021119 0.014691
8 0.105661 0.269813 0.021119 0.016324
8 0.113007 0.239613 0.015609 0.034280
7 0.095561 0.306775 0.017446 0.024486
8 0.224966 0.323216 0.016528 0.014691
8 0.483447 0.293833 0.033056 0.027750
8 0.626231 0.295465 0.011936 0.011426
8 0.629904 0.308524 0.017446 0.014691
8 0.619804 0.324848 0.011936 0.017956
8 0.623477 0.349334 0.011936 0.037545
7 0.629445 0.363210 0.014691 0.026118
2 0.277764 0.383887 0.008264 0.014691
2 0.285569 0.378990 0.011018 0.024486
2 0.266286 0.383887 0.014691 0.031015
2 0.249299 0.379806 0.030301 0.078355
2 0.058766 0.370556 0.104678 0.125695
2 0.404938 0.406469 0.031219 0.070193
2 0.651789 0.448095 0.105596 0.099576
2 0.718346 0.480618 0.057848 0.089782
4 0.866858 0.359354 0.263531 0.493743
0 0.426517 0.400755 0.010100 0.032648
0 0.438454 0.408101 0.008264 0.037545
0 0.448554 0.405652 0.006427 0.029383
0 0.456818 0.412182 0.010100 0.032648
0 0.472887 0.418712 0.012855 0.048972
0 0.480692 0.422793 0.013773 0.040810
0 0.573958 0.433753 0.011936 0.062031
8 0.513136 0.344981 0.015609 0.013059
7 0.520394 0.373004 0.011018 0.017956
2 0.631041 0.392593 0.111105 0.119165
2 0.293592 0.391777 0.018364 0.052237
4 0.340203 0.373004 0.112942 0.168137
2 0.167627 0.434067 0.176299 0.238331
2 0.523223 0.439659 0.099168 0.122430
