7 0.799950 0.409784 0.009360 0.033281
7 0.819841 0.407704 0.021061 0.037442
4 0.394520 0.517951 0.026911 0.045762
4 0.437813 0.514830 0.024571 0.052003
2 0.406221 0.529391 0.008190 0.018721
2 0.456534 0.527311 0.008190 0.018721
2 0.461799 0.527311 0.011700 0.027041
2 0.465895 0.530431 0.005850 0.029121
2 0.496901 0.504430 0.021061 0.010400
2 0.482276 0.526271 0.031591 0.049922
2 0.497487 0.532511 0.019891 0.041602
2 0.509772 0.533551 0.025741 0.052003
2 0.513282 0.540832 0.021061 0.037442
2 0.522058 0.537712 0.022231 0.060323
2 0.375214 0.530431 0.011700 0.020801
2 0.348303 0.526271 0.018721 0.012480
2 0.325486 0.529391 0.010530 0.018721
2 0.333092 0.530431 0.009360 0.020801
2 0.317296 0.535632 0.010530 0.018721
2 0.307350 0.536672 0.011700 0.024961
2 0.297405 0.536672 0.012870 0.024961
2 0.287459 0.541872 0.014040 0.031201
2 0.275173 0.544992 0.015210 0.041602
2 0.265228 0.546032 0.016380 0.052003
2 0.237731 0.548112 0.047972 0.068644
2 0.204969 0.557473 0.047972 0.066563
2 0.153486 0.567874 0.083074 0.079044
2 0.553065 0.544992 0.067864 0.079044
2 0.416167 0.530431 0.011700 0.012480
2 0.367024 0.532511 0.018721 0.024961
2 0.345962 0.535632 0.016380 0.022881
0 0.604548 0.512750 0.014040 0.056163
0 0.641405 0.531471 0.012870 0.097765
0 0.782399 0.530431 0.025741 0.112326
0 0.894725 0.536672 0.028081 0.108166
8 0.565351 0.498189 0.005850 0.018721
0 0.006246 0.585555 0.012492 0.101926
3 0.984240 0.483150 0.029243 0.225776
8 0.065731 0.469068 0.038612 0.056163
