8 0.408719 0.178816 0.029251 0.050963
8 0.408427 0.213658 0.029836 0.012480
8 0.333835 0.250580 0.019891 0.030161
8 0.546495 0.246420 0.018136 0.030161
8 0.240940 0.305852 0.011115 0.019761
8 0.338097 0.287131 0.007020 0.009360
8 0.639641 0.251769 0.028081 0.053043
8 0.547373 0.279850 0.007020 0.019761
2 0.022304 0.407555 0.043877 0.137288
2 0.477336 0.382594 0.081904 0.120647
2 0.464663 0.302137 0.010530 0.010400
2 0.458813 0.306298 0.008190 0.012480
2 0.449452 0.309418 0.011700 0.012480
2 0.445065 0.318258 0.018136 0.019761
2 0.396799 0.324499 0.019891 0.030161
2 0.415813 0.355181 0.042707 0.056163
2 0.539548 0.342700 0.033932 0.049922
2 0.520534 0.328139 0.018136 0.031201
2 0.473439 0.302657 0.009360 0.011440
2 0.481044 0.306818 0.007020 0.009360
2 0.475779 0.310978 0.010530 0.007280
2 0.491575 0.309418 0.011700 0.012480
2 0.488942 0.317738 0.018136 0.014560
8 0.241034 0.014382 0.046802 0.028765
8 0.187796 0.015568 0.043292 0.030161
