4 0.214646 0.477732 0.062397 0.062119
4 0.301690 0.489934 0.034318 0.039934
2 0.377659 0.506665 0.011231 0.015529
2 0.110380 0.496737 0.040558 0.028841
2 0.467043 0.531680 0.021839 0.038824
2 0.441897 0.526355 0.006239 0.014420
2 0.438465 0.528019 0.006863 0.015529
2 0.433473 0.529683 0.011855 0.027732
2 0.534183 0.536893 0.020591 0.033278
2 0.473844 0.507497 0.009983 0.012202
4 0.459493 0.511380 0.022463 0.053245
2 0.498554 0.546322 0.062397 0.096507
2 0.407766 0.525800 0.049293 0.079868
2 0.598202 0.542994 0.050541 0.056573
2 0.779199 0.569987 0.159202 0.129786
2 0.347552 0.527464 0.048669 0.063229
2 0.260196 0.538557 0.093595 0.109819
2 0.033694 0.750985 0.067389 0.241824
8 0.452224 0.486144 0.024334 0.015529
8 0.429137 0.487253 0.020591 0.019967
