7 0.271078 0.312018 0.009360 0.016640
7 0.215500 0.296417 0.010530 0.027041
7 0.451269 0.252735 0.007020 0.027041
7 0.412656 0.320339 0.007020 0.016640
7 0.363513 0.262095 0.007020 0.020801
7 0.444248 0.253775 0.009360 0.024961
8 0.266983 0.286017 0.015210 0.010400
8 0.320221 0.339060 0.009360 0.012480
8 0.873664 0.114406 0.025741 0.045762
8 0.877174 0.160169 0.032761 0.049922
8 0.862548 0.191371 0.036272 0.070724
4 0.477010 0.349460 0.023401 0.058243
4 0.448344 0.331779 0.040952 0.043682
4 0.362343 0.350501 0.032761 0.060323
2 0.341282 0.357781 0.009360 0.024961
2 0.447173 0.373382 0.022231 0.068644
2 0.490466 0.345300 0.005850 0.029121
2 0.292139 0.380662 0.042122 0.062403
2 0.254112 0.388983 0.066693 0.079044
2 0.167527 0.428505 0.143918 0.149768
2 0.072355 0.484669 0.144710 0.353621
2 0.406806 0.397303 0.084245 0.120647
2 0.630875 0.400424 0.291347 0.409784
2 0.778888 0.399383 0.007020 0.087365
8 0.870154 0.336980 0.011700 0.049922
2 0.452439 0.366101 0.032761 0.049922
7 0.184493 0.327619 0.009360 0.031201
