2 0.479239 0.368136 0.013647 0.020795
2 0.464130 0.371602 0.016571 0.020795
2 0.440247 0.376801 0.015596 0.020795
2 0.384683 0.380267 0.021445 0.027727
2 0.294026 0.383733 0.035093 0.041591
2 0.264782 0.394131 0.035093 0.038125
2 0.503610 0.370736 0.013647 0.015596
2 0.519207 0.371602 0.015596 0.024261
2 0.491912 0.372469 0.017546 0.029460
2 0.664453 0.345608 0.027294 0.024261
2 0.896318 0.328278 0.040941 0.031193
2 0.124897 0.535618 0.248576 0.379525
8 0.759357 0.266756 0.014622 0.029460
7 0.881208 0.203750 0.010722 0.017329
2 0.605964 0.374202 0.023395 0.025994
