2 0.452974 0.601539 0.023389 0.033264
2 0.953116 0.601539 0.072507 0.099794
2 0.991387 0.594609 0.014949 0.038809
8 0.789391 0.412345 0.030406 0.062371
8 0.779645 0.338885 0.018711 0.034650
8 0.794458 0.369378 0.012474 0.029106
8 0.773018 0.492042 0.019491 0.036036
8 0.735985 0.395020 0.093557 0.077618
8 0.743002 0.458085 0.082642 0.023562
8 0.798356 0.468480 0.007796 0.036036
8 0.408144 0.539168 0.005457 0.019404
8 0.406974 0.559265 0.007796 0.018018
8 0.408144 0.576591 0.008576 0.013860
8 0.408144 0.588372 0.007016 0.012474
