8 0.344272 0.452812 0.013183 0.028124
8 0.275059 0.422343 0.027685 0.046874
8 0.134653 0.330937 0.015820 0.046874
8 0.791196 0.431718 0.029003 0.051562
2 0.604648 0.492655 0.011865 0.014062
2 0.586850 0.498515 0.029003 0.044531
2 0.567075 0.487968 0.021093 0.028124
2 0.545322 0.489140 0.025048 0.030468
2 0.386460 0.482109 0.031640 0.035156
2 0.366684 0.496171 0.031640 0.067968
2 0.335703 0.512577 0.043505 0.072656
2 0.332407 0.530155 0.034277 0.093749
2 0.740439 0.551249 0.104150 0.098437
2 0.528843 0.491484 0.029003 0.035156
2 0.418760 0.490312 0.046142 0.051562
2 0.624424 0.525468 0.064599 0.065624
2 0.280991 0.537187 0.105468 0.135937
2 0.856455 0.554765 0.199072 0.175781
0 0.456992 0.485624 0.009228 0.042187
2 0.965059 0.509846 0.068236 0.069319
