8 0.690692 0.399423 0.010037 0.023451
8 0.428087 0.420600 0.008604 0.018902
8 0.364567 0.401247 0.008891 0.005098
8 0.361270 0.415737 0.005735 0.005098
8 0.372597 0.409874 0.004875 0.012745
8 0.406293 0.433836 0.006309 0.015804
8 0.641337 0.396011 0.010037 0.015294
7 0.304266 0.407854 0.005735 0.020392
7 0.632334 0.372167 0.005448 0.023451
7 0.612690 0.438444 0.004014 0.012235
8 0.606955 0.403266 0.010323 0.006117
8 0.607958 0.367069 0.011184 0.005098
7 0.365570 0.431071 0.004014 0.018863
7 0.483434 0.378560 0.004588 0.016824
7 0.553263 0.390541 0.004301 0.020392
7 0.495511 0.435818 0.002294 0.010706
7 0.452926 0.432759 0.004875 0.011725
0 0.898186 0.474418 0.021507 0.102473
0 0.880679 0.472601 0.019787 0.106042
0 0.855587 0.473621 0.029250 0.115219
7 0.643323 0.426355 0.008580 0.018305
2 0.521265 0.467160 0.009438 0.016779
2 0.518691 0.476313 0.009438 0.022881
2 0.484798 0.469449 0.008580 0.021355
2 0.475789 0.472499 0.014586 0.030508
2 0.456053 0.482415 0.040328 0.059491
2 0.367245 0.470211 0.036038 0.059491
2 0.333781 0.478601 0.061779 0.079322
2 0.292595 0.480889 0.064353 0.093050
2 0.235105 0.487881 0.108114 0.117457
2 0.649887 0.477457 0.063495 0.042711
2 0.162514 0.504915 0.090953 0.131186
2 0.078350 0.509818 0.156701 0.392033
2 0.409433 0.496779 0.069502 0.103728
2 0.500815 0.470084 0.027457 0.047288
2 0.573320 0.476949 0.023167 0.027457
3 0.538998 0.454830 0.033463 0.068644
