7 0.356094 0.301924 0.008428 0.040195
7 0.499882 0.360831 0.007016 0.022176
7 0.502221 0.435677 0.007016 0.011088
7 0.457781 0.439142 0.007016 0.012474
7 0.503001 0.452309 0.007016 0.008316
7 0.345382 0.297535 0.009355 0.038809
7 0.492995 0.360600 0.004677 0.020790
7 0.506249 0.359231 0.003118 0.020823
8 0.534758 0.365220 0.031965 0.009702
7 0.359903 0.435908 0.013448 0.012474
2 0.100184 0.478182 0.152030 0.085934
2 0.513396 0.487191 0.031965 0.051283
2 0.477143 0.496201 0.034304 0.041581
7 0.362468 0.300000 0.008609 0.041326
