2 0.137105 0.463867 0.062013 0.054083
2 0.277513 0.457627 0.022231 0.029121
2 0.312615 0.456587 0.024571 0.035362
2 0.455949 0.444106 0.018721 0.035362
2 0.432548 0.445146 0.035102 0.049922
2 0.405636 0.459707 0.042122 0.054083
2 0.354153 0.461787 0.072544 0.083204
2 0.222520 0.495069 0.146258 0.124807
2 0.571201 0.523151 0.251565 0.388983
0 0.736181 0.431625 0.012870 0.072804
8 0.761337 0.403544 0.011700 0.058243
8 0.754317 0.186171 0.021061 0.047842
8 0.769528 0.232973 0.018721 0.049922
8 0.749637 0.235054 0.016380 0.037442
8 0.681188 0.369222 0.010530 0.039522
8 0.327826 0.358821 0.024571 0.093605
