2 0.416106 0.456122 0.011192 0.018367
2 0.444949 0.456887 0.018941 0.013775
2 0.408357 0.457653 0.007748 0.015306
4 0.434187 0.456122 0.023246 0.052040
8 0.156696 0.291275 0.013775 0.029081
8 0.478957 0.319898 0.064572 0.018367
8 0.477235 0.337500 0.062850 0.026020
8 0.573233 0.389540 0.012053 0.029081
8 0.568928 0.359694 0.012053 0.024489
8 0.563332 0.384183 0.007748 0.021428
8 0.486275 0.434183 0.008609 0.008163
0 0.734407 0.524490 0.032716 0.116326
0 0.580293 0.499132 0.017219 0.078061
0 0.604831 0.494541 0.011192 0.047449
2 0.291581 0.482143 0.092984 0.146938
2 0.128141 0.512755 0.256282 0.275510
2 0.441821 0.475000 0.030133 0.039795
0 0.424601 0.471173 0.011192 0.056632
0 0.353141 0.444387 0.009470 0.045918
0 0.342809 0.447449 0.009470 0.042857
7 0.483778 0.405612 0.006026 0.012244
7 0.397681 0.383418 0.006026 0.013775
7 0.451492 0.384183 0.005165 0.012244
2 0.483778 0.466836 0.021524 0.021428
