2 0.542405 0.517216 0.021040 0.034005
2 0.528538 0.522317 0.025822 0.037405
2 0.509410 0.526568 0.027735 0.052707
2 0.488369 0.533369 0.029648 0.045906
2 0.471632 0.541020 0.032517 0.040806
2 0.447244 0.550371 0.039212 0.062909
2 0.407554 0.558022 0.045906 0.074811
2 0.310958 0.585227 0.101377 0.119017
2 0.217710 0.595428 0.109985 0.149622
2 0.600363 0.518067 0.015302 0.028904
2 0.618056 0.524017 0.027735 0.044206
2 0.635749 0.527418 0.026778 0.051007
2 0.656312 0.536769 0.044950 0.059508
2 0.060036 0.647530 0.119372 0.190428
