2 0.228410 0.362267 0.035875 0.025511
2 0.199709 0.370984 0.019133 0.023385
2 0.031690 0.312519 0.063380 0.046771
7 0.423336 0.326338 0.014350 0.023385
7 0.465192 0.330590 0.011958 0.014881
8 0.554882 0.323149 0.007175 0.017007
8 0.852721 0.194072 0.035055 0.038267
2 0.513505 0.394370 0.014350 0.044645
2 0.423934 0.359291 0.020329 0.017007
2 0.407790 0.374704 0.016742 0.019133
2 0.385069 0.380019 0.016742 0.027637
2 0.365337 0.378956 0.029896 0.042519
2 0.529170 0.398090 0.025113 0.055275
2 0.540531 0.406594 0.033484 0.059527
2 0.585376 0.412972 0.087298 0.114803
2 0.463398 0.401279 0.089689 0.146692
2 0.301358 0.394901 0.105236 0.142440
2 0.736653 0.474626 0.203297 0.208346
