7 0.386414 0.420099 0.012614 0.031395
7 0.237567 0.391320 0.007568 0.029152
7 0.231260 0.385714 0.010091 0.022425
2 0.181434 0.511295 0.018921 0.026910
2 0.132869 0.506810 0.040365 0.067275
2 0.163143 0.506810 0.030274 0.049335
2 0.082412 0.503446 0.060548 0.078488
2 0.026700 0.513537 0.053400 0.080730
2 0.406597 0.512416 0.073162 0.109883
2 0.330367 0.514026 0.067363 0.070766
2 0.521386 0.557640 0.184167 0.239202
0 0.640590 0.510174 0.018921 0.069518
2 0.813583 0.549950 0.311927 0.297077
8 0.190894 0.375248 0.047933 0.022425
7 0.244248 0.387464 0.008420 0.024495
8 0.447689 0.469052 0.009951 0.029939
