7 0.388437 0.211406 0.014501 0.014062
7 0.338340 0.211406 0.017138 0.018749
7 0.600034 0.214921 0.013183 0.035156
8 0.521592 0.255937 0.019775 0.051562
8 0.735825 0.119999 0.042187 0.107812
8 0.513022 0.142265 0.039550 0.049218
0 0.576303 0.286406 0.007910 0.037499
0 0.571030 0.284062 0.007910 0.046874
0 0.538071 0.296952 0.007910 0.035156
2 0.545322 0.251249 0.022412 0.023437
2 0.356797 0.279374 0.040869 0.014062
4 0.462265 0.265312 0.056689 0.042187
4 0.284946 0.275859 0.076464 0.185156
4 0.213755 0.316874 0.137109 0.304687
4 0.098967 0.313124 0.197935 0.626249
2 0.420078 0.490312 0.352001 0.482812
