2 0.641945 0.433578 0.047551 0.061855
2 0.522487 0.337113 0.105541 0.088659
2 0.365915 0.402651 0.460438 0.342268
7 0.309085 0.208247 0.012757 0.041237
7 0.822956 0.160824 0.011597 0.061855
7 0.837454 0.151546 0.017396 0.055670
7 0.815418 0.169072 0.012757 0.070103
7 0.890804 0.351546 0.012757 0.022680
7 0.869348 0.353608 0.009278 0.026804
8 0.864129 0.235346 0.063788 0.032989
8 0.878626 0.310309 0.030154 0.022680
8 0.278930 0.238144 0.019716 0.014432
8 0.297487 0.253608 0.010438 0.020618
0 0.611211 0.429160 0.006958 0.037113
0 0.672100 0.432253 0.010438 0.051546
0 0.757676 0.437408 0.013917 0.074226
0 0.771345 0.438438 0.012757 0.076288
0 0.853111 0.444624 0.025515 0.105154
0 0.912840 0.442562 0.026675 0.113402
0 0.884425 0.437408 0.046391 0.119587
0 0.949374 0.444624 0.030154 0.088659
