2 0.474355 0.424742 0.006958 0.016494
2 0.469716 0.430927 0.011597 0.028865
2 0.462177 0.432989 0.015077 0.028865
2 0.454639 0.436082 0.013917 0.039175
2 0.441881 0.437113 0.025515 0.057731
2 0.429123 0.447422 0.027835 0.057731
2 0.418685 0.452577 0.030154 0.068041
2 0.393170 0.457732 0.053350 0.115463
2 0.329318 0.473257 0.120745 0.162764
2 0.205863 0.541237 0.242396 0.241237
2 0.013337 0.756288 0.026675 0.164948
2 0.502190 0.423299 0.006958 0.022680
2 0.507409 0.429484 0.008118 0.022680
2 0.516108 0.430515 0.013917 0.032989
2 0.524226 0.434639 0.013917 0.032989
2 0.538144 0.438762 0.027835 0.045360
2 0.550322 0.442886 0.028994 0.049484
2 0.563659 0.451134 0.032474 0.065979
2 0.590915 0.456288 0.061469 0.088659
2 0.640786 0.473814 0.098582 0.131958
2 0.761917 0.517113 0.222350 0.214433
2 0.928183 0.540824 0.140335 0.567010
2 0.489433 0.418144 0.009278 0.016494
