4 0.286803 0.494999 0.084088 0.109830
4 0.370463 0.488135 0.078082 0.105254
2 0.275219 0.538474 0.031747 0.068644
2 0.266210 0.558304 0.032605 0.086949
2 0.142693 0.520169 0.229099 0.341694
2 0.397534 0.679576 0.223951 0.327966
3 0.730029 0.562118 0.161313 0.077796
2 0.962218 0.660508 0.072076 0.106779
0 0.494494 0.551440 0.011154 0.059491
0 0.503933 0.557542 0.009438 0.050338
1 0.528816 0.558304 0.019735 0.061016
5 0.526242 0.589576 0.028315 0.050338
7 0.533535 0.491186 0.006864 0.024406
7 0.920945 0.527796 0.014586 0.048813
7 0.305294 0.171610 0.024025 0.071694
7 0.542116 0.351610 0.013728 0.047288
8 0.460601 0.541525 0.027457 0.045762
8 0.765638 0.544576 0.028315 0.051864
8 0.802534 0.570508 0.018019 0.015254
8 0.805966 0.591864 0.018019 0.027457
8 0.518090 0.443135 0.027457 0.032033
8 0.519807 0.399660 0.037754 0.061016
8 0.309327 0.120508 0.016302 0.021355
8 0.922404 0.496525 0.010296 0.013728
7 0.006435 0.237966 0.009438 0.082372
