7 0.427245 0.434694 0.007748 0.030612
7 0.499566 0.436989 0.007748 0.029081
7 0.500427 0.461479 0.004304 0.016836
7 0.529270 0.075765 0.018941 0.087244
7 0.480995 0.469132 0.001721 0.016836
7 0.494340 0.471428 0.002582 0.012244
7 0.499936 0.071455 0.025829 0.101020
7 0.745743 0.391353 0.023246 0.036734
8 0.742586 0.319898 0.027551 0.019897
8 0.724075 0.350510 0.037021 0.026020
2 0.507541 0.498826 0.009470 0.019897
2 0.517873 0.501887 0.011192 0.022959
2 0.527774 0.504183 0.012053 0.030612
2 0.544132 0.503418 0.030994 0.059693
2 0.560060 0.522092 0.040465 0.065816
2 0.493335 0.498214 0.012053 0.012244
2 0.469228 0.495153 0.012053 0.018367
2 0.460618 0.496683 0.010331 0.027551
2 0.434789 0.500510 0.046492 0.059693
2 0.403364 0.511224 0.019802 0.041326
2 0.387005 0.511990 0.019802 0.042857
2 0.362037 0.516581 0.049075 0.055102
2 0.598804 0.534183 0.068016 0.107142
2 0.310010 0.531888 0.059406 0.068877
2 0.200550 0.540387 0.113021 0.143715
2 0.629737 0.551020 0.096428 0.119387
7 0.036465 0.396173 0.024107 0.041326
7 0.014510 0.399234 0.021524 0.038265
