8 0.555153 0.402920 0.014622 0.029460
8 0.669205 0.378658 0.026319 0.025994
8 0.276358 0.324935 0.028269 0.019062
8 0.290005 0.372593 0.026319 0.020795
8 0.509824 0.432381 0.017546 0.015596
7 0.272946 0.396855 0.019496 0.031193
7 0.686752 0.416784 0.018521 0.029460
7 0.577086 0.194961 0.015596 0.064120
7 0.294879 0.064120 0.016571 0.086649
7 0.324123 0.073652 0.022420 0.084916
7 0.599019 0.196694 0.014622 0.067586
3 0.474244 0.454043 0.038017 0.027727
2 0.542480 0.477439 0.012672 0.019062
2 0.568312 0.491303 0.038992 0.057188
2 0.456210 0.480905 0.035093 0.043324
2 0.429402 0.487837 0.028269 0.046790
2 0.400646 0.493036 0.044841 0.064120
2 0.588783 0.525096 0.066286 0.079717
2 0.496177 0.515565 0.122825 0.102246
2 0.777896 0.532894 0.257349 0.157702
0 0.197885 0.505167 0.017546 0.091848
0 0.187650 0.505167 0.026319 0.091848
3 0.050202 0.447978 0.098455 0.199294
2 0.024370 0.679332 0.048740 0.298074
